308709	93.80338
24950	93.3094
25479	92.91217
291328	92.32023
81781	90.54768
25416	88.2201
191574	87.9691
311165	85.8922
113938	85.8834
113938	85.5662
311039	85.3973
117281	82.6738
619385	82.1288
619385	82.1288
310903	80.9561086608
116693	80.6987788132
310662	80.1669
300659	78.5745
25498	78.2155
309798	76.6104
93646	75.4307
25309	74.8942
497198	74.0074
365751	73.6501
65208	72.774
300783	72.5841
293538	71.477
292090	71.2094980582
364388	70.5708934864
309175	70.3994
65196	70.0243
313453	69.396
308568	69.3015
293624	69.1666
363519	68.5637
64456	66.5784
309957	66.5356
315133	66.2093
314655	66.1496875836
691075	66.0921
24460	66.061120602
83836	65.7517
297514	65.4244
363646	65.1951
362463	64.6136
94201	64.5345
303196	64.309
303196	64.309
282827	63.6887
294207	63.57
302962	63.4956
499302	63.3365513312
304884	62.0627
24803	61.6487
300791	61.2997
319110	61.2189
292721	60.9409
292724	60.5522
289276	60.1504
361407	59.9812
501502	59.7562
84029	59.3676
301476	58.2913
316235	58.1693
24296	57.5155
291960	57.1127
304290	57.1081
297383	56.9915286893
300186	56.8967191894
64552	56.1049
64552	56.1049
361727	56.0622
291171	56.0149
60323	55.968
303311	55.8925522859
287125	55.8495
362303	55.7925
654517	55.7552
29313	55.3827818615
313668	55.2962
304947	55.2034
246186	55.01
499964	54.9566
25073	54.5542
362819	54.5228
685781	54.4753
296580	53.8519
361736	53.8287
363662	53.4465
303747	53.3488
313771	53.2265
291047	52.5567967977
288683	52.4081
290317	52.306839977505
314332	52.1024
308404	51.5259
89817	51.4367
363040	51.3338
171057	50.9858
60577	50.883629305
293098	50.8537
282832	50.8451
360631	50.8174
81668	50.0
363143	50.0
25575	50.0
