84014	96.85845
317343	96.45692
292129	95.13660718451
171299	94.59428
114514	93.13471
25223	92.95815
361916	92.65462
295319	92.37722
288333	91.43941
311059	91.43036
307016	91.33103
24520	90.5901
171010	89.4012
360658	88.8783
312299	88.1186
293181	87.8165
289623	87.5982
360511	86.746305198
311872	85.8298155268
683927	85.5790020736
316482	85.4822
58820	84.8538
289175	84.7978
114481	84.609
287420	84.4721
361712	84.338695638
171396	83.9722
307070	82.5894724457143
24673	81.9949
299356	81.6579
266600	81.2685
312903	80.0311
25650	79.8944
310250	78.7213
291327	77.8367
316005	77.5171559794
296466	76.9359905772
362609	76.7383
363160	76.6198
259237	76.4592
56766	74.8978189903
501454	73.8522
501454	73.8522
287936	72.7724
314423	71.9035
314423	71.9035
309728	71.5637
301442	71.0257
59299	70.7314852014
171494	70.0652119792
25570	69.1145
58840	68.9802
499593	66.6756
294091	66.2525
29146	66.0785544294
315760	65.737
257644	65.4603
307492	65.2827
313845	65.1609
304741	64.6348725000711
79431	64.5161
498407	64.5077
317425	64.4107
286984	63.9419751856
308028	62.5669
24689	61.4829
317297	61.3624
299900	61.317
316067	61.1567
311450	60.4439
24498	60.2858
282825	59.8484
314543	59.4242
79011	59.159371192
79223	59.1466
500409	58.9431
290669	58.8959017867
50599	58.4193
84496	58.1928
84496	58.1928
140941	57.8788
117106	57.6927231655
311163	56.988271339
81809	56.9167
298874	56.6374
312440	56.63
295401	56.626750711
29138	56.4995
362481	56.0744
313101	55.46212719402
311508	55.3530267179059
24158	55.278
114593	55.1827
100360180	54.82
305586	54.758
690366	54.2865
313861	53.3228
494244	53.2555
361401	53.1982
295143	52.4259
300866	52.2237392268
362112	52.1017266180998
29313	52.0274
301460	52.0035
85264	51.9119275913
316205	51.7233
316516	51.663662066957
305922	51.1691
362849	51.015
288161	50.3638696073798
116659	50.0
361725	50.0
296956	50.0
116659	50.0
309674	50.0
117257	50.0
116659	50.0
