307956	96.8885826132
319110	93.36018
361585	92.8821566388
114125	92.14086
289094	91.07712
309081	90.631
311346	89.3419
301617	89.2855
94267	87.7205
192273	87.0184
685472	85.3742
81660	84.6739
114119	82.7091
50566	82.4165
361258	81.7713
100360066	81.3789
303135	79.9979556718
305581	79.708
366275	79.6426
58954	79.4857453732
25737	78.1902
293142	78.1767
361725	77.8031
85384	76.433336438
304037	75.5257
680419	75.2816
310855	75.1984
314148	74.5861
25479	74.5393
294088	74.4987
116548	74.0667
24237	72.8784
315666	72.091
306274	71.8756864968366
303351	71.8364
25102	71.83259612
298317	71.8237
309407	71.6754
500616	71.3598
641452	69.9998246002
296851	68.7499
306817	68.4109
25014	67.6652
84486	66.9934
29642	66.6798
116676	66.208863479
261736	65.6331
65162	64.6531
29721	64.2778
25347	63.1951
315833	63.123999457591
310288	62.9325
290326	62.6558
362490	60.8622
296787	59.4369
291770	58.7647
113975	58.4757
361649	58.2598
29197	58.1357
361634	58.0487
307740	58.045
308134	57.7727
293456	57.7062
54289	57.2471
170908	56.6745
79249	56.6631
84686	56.3228
292462	56.289
297961	56.0149
302369	55.9262
360874	55.4858
307848	55.2949
83471	54.2004
313498	54.023
24511	53.392
29717	52.9631
29717	52.9631
313323	52.0626144508
24587	51.4994
297093	51.0604009592
314214	51.0192
64394	50.9703702142351
246332	50.7736
54231	50.722
79220	50.0
288779	50.0
314824	50.0
681112	50.0
309888	50.0
