64017	98.74640300762
493574	98.033449288
25012	97.7332556314711
25012	97.7332556314711
25012	97.7332556314711
170851	97.60219
500874	96.9197789108633
259241	96.8766488952516
313053	96.46699
306825	96.2267333002
83800	96.09622
171458	95.6829538318602
25667	95.28355
114489	95.1812908710692
289094	94.8947
303016	94.6589577798589
85241	94.5815002575
498549	94.383
298189	94.19919
679712	93.881
306091	93.867061606
304282	93.8159
289014	93.79647452232
312903	93.62618672446
260326	93.38245393536
252963	93.30060738
287585	93.2653991116
24851	93.2391324008
59075	92.99263
246295	92.7479
298848	92.61077
367252	92.2919591663708
367252	92.2919591663708
362700	92.11372
365748	91.99657
290744	91.91310538
304791	91.8534170672904
310250	91.603014832
309153	91.23872
24851	91.116351127
24851	91.116351127
24851	91.116351127
24851	91.116351127
683626	91.0353022671
310960	90.775010797
24805	90.61175
65196	90.60063
81800	90.32497
288182	90.047745355467
302495	89.7787687408
286973	89.5198262349131
116543	89.4323
499947	89.3292
29705	89.2904
367714	89.0968
353218	89.0002
60395	88.9582
305586	88.938687952
286901	88.6106
84398	88.3505910986273
682974	87.635
304881	87.336606173
85255	87.202
315891	86.9352
312952	86.896
306152	86.8580187133
360833	86.8148
85384	86.79431296
116504	86.663
116504	86.663
360584	86.626996525
315037	86.6199940561
360869	86.500141759
312135	86.3107
58942	85.79905735
304286	85.773
314205	85.732
306157	85.7115
24397	85.6998
360993	85.5658468415
502531	85.5030000322
171455	85.4621
302920	85.33797966
500132	85.1750775658
114634	84.9202
365895	84.9143005497807
360272	84.9078275489491
289881	84.5399
361626	84.2954
312936	84.2935
311151	84.2463
313729	83.9344
114023	83.9101
301261	83.6028
58812	83.5879768504
266674	83.429621994
308857	83.3835
498301	83.3756162425
60341	83.2116
307482	82.9737
313418	82.9223472994
24482	82.9155
24482	82.9155
360511	82.6218585878142
25508	82.4120535525
366697	82.39301755
298071	82.3660237666
314275	82.338
310801	82.1165
360600	81.964590995
65155	81.6341
302488	81.5796217405
307206	81.4470378257426
300115	81.4444
294809	81.4408871071
299197	81.1498341708745
192228	80.8602
300083	80.8268
84586	80.7835273340264
300186	80.5193776294214
25478	80.09509023
79428	79.9886706703294
83576	79.9129865884026
81636	79.8883
362859	79.8589501909308
294499	79.6685
360563	79.6141780144
361103	79.5133754066933
192235	79.1598
192235	79.1598
299905	79.1418
24796	78.74484632575
54299	78.6402
58853	78.6199919644
171052	78.5731
316021	78.4506475737466
81531	78.3503397979
688466	78.2203
305268	78.1963015925772
287280	78.1243
54400	78.0254
60447	78.0006982444
24482	77.9763
24482	77.9763
291314	77.7468041930863
81655	77.0476
60466	76.7176
81738	76.692
293673	76.5683
680712	76.552
289623	76.5416522525299
362750	76.5129
362607	76.4811
63866	76.4084
311236	76.3544
294862	76.3234632628067
29357	76.1475
29357	76.1475
24382	75.8287
305974	75.8052416004
310791	75.7367774516
361700	75.6875
298689	75.4695
309331	75.4657
24936	75.3105
29144	74.889527677
360853	74.8778
310533	74.6726614085
80846	74.4891
80846	74.4891
24296	74.4888
297518	74.364
306817	74.0995
361258	73.9721
58962	73.9483
316426	73.5306
310909	73.3775
116590	73.3498
25718	73.1172
84556	72.9401862034
317425	72.8171870839277
313242	72.5382883872
305256	72.4549
50993	72.1347
25501	72.1242
500244	72.0948113192632
29721	71.8841
303298	71.8752879757316
246310	71.527
299811	71.0987
360668	71.0245
289521	70.973
25650	70.9665306778
298521	70.8716
299923	70.280696312
309419	70.1951
292843	69.954
64313	69.924
25694	69.8959
171068	69.8681
246232	69.8234
25428	69.7291591492
360834	69.5149597364
309429	69.4672
294975	69.4418
499929	69.1957
365407	68.9244
114850	68.8745131904
266705	68.5514948802
296762	68.435702812
25236	68.4079
306183	68.3536
286897	68.2809
286897	68.2809
25652	68.2127
305544	68.1888
312398	67.9412867261
296787	67.6384976882142
24768	67.277898399
299928	67.0880250605942
116693	67.0065
315880	66.963663534
24675	66.7923
306387	66.7406795144
302669	66.6838719075
63845	66.4881
361842	66.3296
311055	66.3087
94267	66.21163195
296199	66.2005
288333	66.1347
305455	66.1269
362490	65.9744758983
305679	65.9143
293012	65.6854
294410	65.5687596196
311401	65.2937
171355	65.1797
117034	65.1774186064
361765	65.1375
171108	65.0324
84575	64.9702
24415	64.9148
499322	64.9086
360762	64.8316
361920	64.7025814525
297593	64.5264
288079	64.499
170844	64.479
303292	64.1624841306003
25594	64.0600056284
690450	63.9671
25403	63.6810481952
25403	63.6810481952
25403	63.6810481952
316412	63.5989343445
29644	63.5296
311326	63.3952584149729
113959	63.3478
25055	63.3224
64440	63.2360120512
315741	63.1097253279469
78975	62.8671977164289
24949	62.7869
245903	62.6381
60447	62.5885903592
24949	62.5495
306672	62.5387174336
309242	62.4812
246116	62.1316892271977
311984	62.1268490844
499964	62.0047
25654	62.00205
24329	61.8503
29592	61.790294088
140586	61.767
362713	61.7079
300901	61.6829177416
300901	61.6829177416
288661	61.6736
311252	61.5931
297902	61.5515
83572	61.3241
360482	61.287147711
688394	61.2774
29559	61.1328
29559	61.1328
29559	61.1328
24586	61.0197
294091	60.8446
360622	60.6921761998
29434	60.6866
306260	60.5791
25281	60.4702
294043	60.2225757131
191569	60.0928
29486	60.086026175
25750	60.012892345
306998	59.9895553318
306998	59.9895553318
287607	59.7743867238877
303614	59.6867302058
298385	59.6455
58978	59.5928
58978	59.5928
58978	59.5928
117140	59.5879
414065	59.558682240789
296954	59.322
362520	59.050159276
690244	58.9418
361688	58.9168549721
24874	58.8852
24922	58.8375
313668	58.7968
25689	58.7083
303602	58.7002665069333
29588	58.5495175344086
64455	58.4785
56011	58.3975
84431	58.3455
291078	58.3352
362733	58.3342832383654
362733	58.3342832383654
298521	58.304
287435	58.2852
305854	58.2598
365793	58.234556568
310363	58.1835
287929	58.1092
500131	57.9694
316256	57.8629
295690	57.7067536311711
25634	57.3933697551036
315957	57.3932
192178	57.324530449
257646	57.2087177228
293049	57.1592293076256
29201	57.0229
312495	57.0025394801
291044	56.9531
362504	56.9427
680486	56.8985
362383	56.8324
84394	56.714311010672
305311	56.6979
497974	56.677
29591	56.6705
689890	56.5896668356
300472	56.4584224427
307997	56.458
24954	56.3378
289175	56.312
305812	56.2035
289143	55.9024
301306	55.8293902748
307865	55.8214
25686	55.8153
287927	55.5605697225
292097	55.5161
297989	55.4548
79124	55.4463
81783	55.4384
314993	55.2204454152
29725	55.1278
29268	55.098
65129	55.041529462
24689	55.0060127938
300659	54.9977935344
291352	54.9167
683570	54.8874
314694	54.8849831336
305270	54.7293
305354	54.5212
301709	54.3466193264
288105	54.3461
362050	54.3188
306548	54.1835
362029	54.1746
29516	53.8665
24957	53.839
295027	53.6543
312678	53.6313234368
117557	53.6158
363016	53.5296
291556	53.4651
291556	53.4651
306128	53.43987812478
301097	53.3483128235129
171092	53.2557
305577	53.092175316
497770	53.0601
117553	53.0344
314212	52.9068
83765	52.8934
365755	52.8879944134
619580	52.7368362588
303478	52.5833
84510	52.5068
361745	52.479
314814	52.4424
304592	52.4166
192269	52.3678
311607	52.2229
690038	52.0895
311355	51.8896
310753	51.8004
317346	51.788
29163	51.7846
305419	51.6873
300679	51.5736251752
500000	51.4575547114
65205	51.4464
306994	51.3847362097702
291978	51.2396576836
24771	51.1568
361309	51.1463585515
361555	51.1378
364786	51.1015
25649	50.9848
312701	50.9316467016
309031	50.9074965476
29733	50.87637079
171148	50.8493954129449
291555	50.7733
293570	50.7463
294456	50.6996
362018	50.5933
295053	50.2346533186
282836	50.0520870112
282836	50.0520870112
83477	50.0
25154	50.0
294804	50.0
641521	50.0
300074	50.0
308717	50.0
289754	50.0
305164	50.0
65026	50.0
81642	50.0
81520	50.0
338477	50.0
114508	50.0
595134	50.0
60374	50.0
292130	50.0
64678	50.0
