29344	91.24596
312516	90.88193
362251	87.9336
314543	87.3433
25574	86.9825
25574	86.9825
315806	86.6086
291130	85.3186
367391	83.945
685332	83.8351056237
287940	82.9082
266709	82.7832
309407	82.6471
29538	82.2204
303337	81.8965
27256	81.3834
113976	81.0898
24552	80.8230190762
298079	80.4369
362264	80.3276
287276	79.3851
192270	78.4909
307724	78.0721252428
308097	76.2614
679668	75.498
311130	75.0822
296188	74.4939
29525	74.4389
83717	74.3927
361060	73.9721
81526	73.9312
691380	73.4107
29554	72.1064
58940	71.1783
310677	69.907
84476	69.6443
296884	69.3203
103693419	69.25961864
252900	69.108
25701	68.7406
303016	68.577337486
500292	67.8879
500292	67.8879
500292	67.8879
25608	67.81691765
310960	67.5172
25737	67.2178
116548	67.2121
114489	67.2056
310773	67.1586
502674	66.9874
360804	66.4528
297029	66.3203
29636	66.1726
305679	66.0702155725
312566	66.0067
364081	65.30894063
295922	65.2181013749
295922	65.0848344425
24356	64.9851
78947	64.6034
312701	64.5989
683927	63.9259644112
25534	63.5906
303604	61.5861
310315	60.3899
363285	60.1521
291760	59.9228
293418	59.7525
301513	59.6642
301674	59.5083
310086	59.4959
303602	59.0703
304203	59.0468
309082	58.9547
304570	58.6426
302396	58.5767844214
84394	58.5694952955738
311123	58.2664
24831	57.832
24831	57.832
171152	57.3317
171159	56.7629
363061	56.1637
362738	55.7428
113931	55.2947
362049	54.8958
84409	54.5867600328
29694	54.5860941946
298801	54.5
300756	54.147205003
307401	53.664
497936	53.0319
367314	52.8446
81648	52.8221
114839	52.4395
360559	52.0966
360866	51.7511479457
641386	51.6921902288
257644	51.6693
314288	51.4886812342
79253	50.9316
140868	50.0
