362173	98.29292451868
84488	97.8519120165961
306492	97.57547338854
192178	97.257717587587
25235	96.2090671791
363735	96.1752610055848
50672	95.7504244753
79220	95.5354824394597
171402	95.4645599296494
114243	94.9985337158
29627	94.5714592445356
29627	94.5714592445356
366889	93.9659208437
64457	93.25416
64457	93.25416
64457	93.25416
64457	93.25416
64457	93.25416
64457	93.25416
24957	92.9752
297930	92.94987
246116	91.63642967485
314964	91.4461392664
50690	90.90631
361628	90.905242279
308690	90.78373
297867	90.29167
24667	89.9557104708
85254	89.8048
290396	89.3357
288779	88.9731666262
29521	88.9019322307
298874	88.5764134828
29726	88.5367
288333	88.1681731792
85249	88.1243350599
362049	88.09465
302396	88.015922467313
286954	87.5736
24807	87.5167
116506	87.4983
116506	87.4983
307511	87.2169
501083	86.2322
363266	86.1952
114507	85.4172028595
24323	85.3729
252941	85.3032
24522	85.1153
360854	85.0747033243
170911	85.002380419
319110	84.5721
308028	83.9067758073057
54254	83.7554
307806	83.5947
192350	83.0446
308060	82.7581
83509	82.5964
29473	82.3822917366155
315949	82.0687
287464	81.4159
365652	81.3486190720632
307916	81.1732
113906	81.0582
83501	80.525170528
29645	80.4640839576836
291750	80.4062
687031	80.3588447474
65180	80.3028
291699	80.2931
362251	79.7899
64045	79.381182775
300228	79.2542385508404
363062	78.9706722146
116723	78.8014
361677	78.6343
288353	78.50198212
64043	77.8991720884803
80850	77.6970601699114
80850	77.6970601699114
289859	77.4973
366624	77.4552129694
296947	77.4327
58840	77.3838
24482	77.1516
24482	77.1516
24482	76.7383
24482	76.7383
245981	76.5934361074
313156	76.4702
25359	76.3853
367218	76.0967959158277
367218	76.0967959158277
499171	75.8192
114096	75.7534
315160	75.6962
361810	74.6934393826
266715	73.5195
114492	73.4932
298784	73.4799
310352	73.1252865434859
309722	73.08880449
312226	72.6933
307479	72.6763
296049	72.6588
313352	72.621389779466
309031	72.3331879976
81678	72.0308922453815
287454	72.0146860907427
367106	71.9476319533209
499022	71.8418112827
304885	71.6673259184
308762	71.5268
306439	71.5235
287940	71.4967
301489	71.411
29613	71.0064349723585
29613	71.0064349723585
29613	71.0064349723585
294410	70.7418
287474	70.1688704803
65164	69.8463
311405	69.7818508465
500132	69.6877286248
293410	69.331
117180	68.983205984
303511	68.6665
24191	68.609
309407	68.5252935892
58949	68.4908704822864
117560	68.4595600392717
360726	68.4198553772
25720	67.9061
25546	67.0167382229
54243	67.0119
54243	67.0119
308632	66.4441754389563
287612	66.2973506225
294560	66.2617
81815	66.2425
83626	66.1984
171146	65.9981
304721	65.6522667571678
289874	65.6268
25309	65.5534
29554	65.1097
361195	65.048364883
81516	64.9392
295428	64.8795
295319	64.5257
117036	64.4426025517
84032	64.1721
25166	63.889787305
25205	63.5834402676
296115	63.1483395555
79217	63.1112873205
307171	63.0942
29667	62.530731349
29667	62.530731349
29667	62.530731349
29219	62.4615
25360	62.3710176415186
170844	62.294
432358	62.2572
306844	62.2552
24311	62.1589698380898
24311	62.1589698380898
24311	62.1589698380898
314785	61.9402
81809	61.9229156748
313851	61.5178
25620	61.4033091196
25620	61.4033091196
25620	61.4033091196
25620	61.4033091196
83825	61.2924184583237
308265	61.2807
24215	61.2294
80897	61.2259540299145
84599	60.9077346783147
291948	60.8191321276
364706	60.539835751
24268	60.4856
305268	59.7775
65195	59.6352664638
170641	59.5857
306564	59.5618
294380	59.345
50669	59.2715517939663
301076	59.1485
303259	59.0529
83526	58.8871217440104
313453	58.8414
29335	58.7630255554
301513	58.6485
29641	58.4839261959724
29335	58.439664631
56824	58.3417
24521	58.2863
24521	58.2863
24521	58.2863
24521	58.2863
24521	58.2863
308807	58.243
289185	58.1827
84478	57.9887
317382	57.8453574336
25405	57.8012677293991
291100	57.6429
311876	57.1437
305367	56.8591
291130	56.7000217808052
305164	56.3366
78963	56.1145
315760	56.0765
306183	56.0325
317343	55.8084
298943	55.7724892095
309532	55.3397
25159	54.8912444108447
303828	54.7697
498407	54.6955
297342	54.666
309126	54.6062
302669	54.2949583632
302473	53.8939
298867	53.776693099
363445	53.6533
50554	53.5062
595134	53.3983
117275	53.2367
296570	52.7456
291015	52.734
295325	52.7086029601
291019	52.668
302890	52.5001
290549	52.4633
680486	52.4241786498
312030	52.4058
497878	52.1502
308845	52.123452145
65195	52.0259891926
65195	52.0259891926
362900	51.8979046465
444984	51.8719213126
444984	51.8719213126
171548	51.453635626
81613	51.393
81613	51.393
363445	51.3741
117520	51.1652
117520	51.1652
117520	51.1652
100361294	51.1261
310960	50.9712
308800	50.9434487551
290823	50.879967343
81613	50.7976
64033	50.7316
315308	50.6459
497948	50.6144
81613	50.5184
54348	50.1954689829102
362485	50.163030496
298483	50.0
117023	50.0
314352	50.0
170699	50.0
81645	50.0
301097	50.0
25288	50.0
