29187	99.12477469696
306261	98.3621928250146
290280	97.6979154582024
65196	96.5383278801744
83683	95.7984872734
170698	95.76891
292461	95.6979251492
171092	95.2668030753889
399489	94.789459132
310392	94.469013824219
286931	94.34951
292401	94.26999
294790	94.16072
259241	93.596634326228
314894	93.58187060745
291211	93.54759
290999	93.32568
315891	93.299456265111
24922	93.1496996215
192126	93.073498632
315824	92.7442260136985
29146	92.52974
498128	92.39696
306451	91.7400965839479
288444	91.64092
29600	91.47756
310352	91.25673
291057	90.89317
50552	90.38764
24443	89.8412
366894	88.9692233824
301059	88.7917
29268	88.4271
59329	88.2906
317435	87.7003158764
295347	87.6778232828
310710	87.1202
308392	86.8753
308392	86.8753
685425	86.62
288353	86.605121328
114247	86.3263
299685	86.08415421
116474	85.992
316384	85.7856
310207	85.5633936984
299858	85.3333
308716	84.7182
29393	84.5738
305935	84.4165
60427	84.2098554786949
60427	84.2098554786949
314949	84.2006842687171
303606	84.1651548616
114517	83.7096
304150	83.0576
619440	82.5482232419929
305031	82.4934
25254	82.1481
289264	81.9918689614
65155	81.3905
302396	81.3795865657525
363266	81.1254991658
364420	81.062
297865	80.7654
64018	80.7149
89868	80.6601
25479	80.6351
362325	80.0408
288272	79.9177981334176
79208	79.8074030319375
171525	79.7948
294948	79.6732
29721	79.4718756948657
362463	79.4314
304807	79.3951
315352	79.3409085332
85254	79.1913010708
245962	79.1712350525036
295061	79.0641
298500	78.8897
316711	78.494
682507	78.177811972
364430	77.8536
362246	77.8448055745325
116741	77.8314
300284	77.3901
309995	76.8381
498560	76.742
304833	76.5169693939
207122	76.3455
316013	76.0815
500921	75.9553
81675	75.6866
361632	75.6829203023817
50622	75.6159709152
304960	75.5622
300173	75.5435599921479
304785	75.4407
85257	75.3552
361580	75.2686
24766	75.1446102275
287598	74.7775
691534	74.6955
311726	74.1348253952
361585	73.9176
499947	73.9112
308126	73.8364
361181	73.8278
24768	73.7018
286973	73.6114500595008
314423	73.221
314423	73.221
84597	72.5045
29358	72.417719352
287638	72.2951
308097	71.9875056691
293888	71.9075
294027	71.5998
498008	71.5196
246215	71.3088
29597	71.2063
365802	70.7678492704
317247	70.6952
64469	70.6123754330343
25390	70.435
58808	70.3884
266998	70.2613
192350	70.2441
303059	69.9407876206
494202	69.8801589585041
296178	69.8726
25719	69.8352961647
266780	69.8103
100310874	69.6414
85426	69.500637628
83572	69.3007
29131	68.98075
300950	68.7866654971876
500244	68.0009
360540	67.8066
313507	67.7963
293939	67.7127370196424
29222	67.016
305468	66.8715
315833	66.3685855545
288239	66.3570677299
83785	66.129
245956	66.1148
291737	66.08
83785	65.9513
83785	65.9513
83785	65.9513
83785	65.9513
83785	65.9513
83785	65.9513
83785	65.9513
83785	65.9513
83785	65.9513
83785	65.9513
83785	65.9513
83785	65.9513
29480	65.5107204445
29667	65.2893
63868	65.1693
302980	64.8586
116839	64.658
116839	64.658
296119	64.5927254416
25248	64.5365057727104
691209	64.3245
24521	64.2509
24521	64.2509
24521	64.2509
24521	64.2509
24521	64.2509
310638	64.2190840748641
363103	63.820039594
360828	63.370937059
287607	63.2071
25066	62.9848
85483	62.8524
85483	62.8524
85483	62.8524
170914	62.828
25570	62.8224
24924	62.4976
298884	62.4351
313128	62.2915
266767	62.2809966706
294375	62.1576
100910806	62.1107
307348	61.877
171304	61.7094
192350	61.6162
313388	61.4172
362897	60.7221
80846	60.7163
80846	60.7163
315548	60.6145
365748	60.5697
313409	60.5435201157
362495	59.8101
311129	59.6919
295965	59.2848862261
310250	59.0570931494
310769	58.9528
689364	58.808609368
302492	58.513403728
295620	58.4577
309169	58.4558
84356	58.4288
299766	58.4032
314743	58.3869
309169	58.377
309169	58.377
309169	58.377
25701	58.3171
24883	58.14077816
289904	58.0886
312947	58.0472599444
81809	57.6419
691750	57.4987
360834	57.42103216
316369	57.3584222884
65025	57.3063
314212	57.2516116635
309513	57.1535
65133	56.9855
192178	56.9462016204482
368070	56.8355
24356	56.593
303803	56.5787
291908	56.4239
679869	56.4146
684538	56.3534
365842	56.1709
306009	56.144
308134	56.1096
300514	56.1084908964
25631	56.037027945
282825	55.88
293059	55.872
305896	55.7519
497815	55.6110393301
304569	55.5985
293117	55.5911
304124	55.5642
25026	55.157
64194	55.1531910387
25205	55.0013719997
25398	54.86009393537
25202	54.8327
298609	54.7943
29672	54.6264
58954	54.6231238564
296762	54.5899
79209	54.3718
288057	54.2709
114104	54.2390348874914
308283	54.0806
315073	53.8446689947
29336	53.7141
289400	53.574
171041	53.5583
171041	53.3484
315427	53.1594
353256	53.0108
362173	52.9838
25757	52.9598634524
303292	52.7889811716
29645	52.7861819659
307948	52.777
295686	52.6791
81002	52.4998
257648	52.3619
24790	52.1861337712
171120	52.0952
361677	52.0407010638815
679028	51.9159
64158	51.7969
362666	51.7874
83497	51.7662933434214
116548	51.7508
301388	51.731042956
360681	51.7109
294400	51.6982396792
360764	51.5290496576
25615	51.3656
306764	51.2896598104
311494	51.0977
313433	50.9712
116663	50.8004
500040	50.6298
498351	50.4060997168
29381	50.3994489213
81649	50.1663226033959
310019	50.0
25639	50.0
303342	50.0
298184	50.0
308937	50.0
289094	50.0
25304	50.0
314771	50.0
