25176	97.56008
689883	92.89523
83785	88.5979
83785	88.5138
83785	88.5138
83785	88.5138
83785	88.5138
83785	88.5138
83785	88.5138
83785	88.5138
83785	88.5138
83785	88.5138
83785	88.5138
83785	88.5138
83785	88.5138
360557	88.3328
83576	86.4742
691947	85.8786
360593	83.3237
297705	83.1857
24257	82.7731
114481	82.6145
305317	80.916287625
24225	78.5207
314964	78.3901
619580	78.2566265326
59312	77.7375
24942	77.2828
64679	77.0931
307479	76.6265
114028	76.1174
307067	76.0527
64558	75.8734919461
309331	74.936
25537	74.472789933
29525	74.2878
85254	71.1075622634
29174	71.0018
298184	70.0128
63885	66.5017
297076	65.1785
315880	64.8038556545
309591	63.854
287472	63.7321
289094	63.6957
286932	63.5466
65048	63.3481
300756	63.1912
306338	61.9148
294400	61.6027
78956	61.460641554937
361554	60.8877
297797	59.941
304786	59.821472136413
317418	59.7614
50555	58.8764
296621	58.1117
299138	57.808
313861	57.5933
299116	56.3397
252882	56.2438
24922	55.3638
293645	54.6517
308345	54.0687
116554	54.0276
59076	53.6287
116601	53.2609
59076	53.2476
310667	52.8748
56064	51.3039
171355	51.1103
303684	50.5411
83840	50.0
29146	50.0
66014	50.0
366142	50.0
