317312	99.3212776880709
266780	98.96728539477
309514	97.81620978502
171093	97.5061171423548
24716	97.0747524496
310760	96.75512661088
79212	95.8657380730073
84357	95.8356324361
171093	95.357521313463
84508	95.22415
24705	95.15619
311437	95.0844520083442
293144	95.01848
24414	94.9926439592643
24414	94.9529973523
298867	94.9502168360167
373544	94.8854167224985
25743	94.682606660745
25497	94.67741
309659	94.30346
300463	94.29565
24718	94.10341
311726	94.00159
315546	93.9471433564
314336	93.89333
303991	93.86431
286994	93.83938
25288	93.74771
314721	93.37619
24942	93.1708317658
54190	93.01826
25029	92.85317
311030	92.81173
314265	92.8036473427
310097	92.77864
290775	92.41034
360993	92.018698752
116466	91.99333
293451	91.54724
296956	91.3787
310086	91.2995026293816
29331	91.28975
361668	91.242600195
287721	91.070814852
286901	90.9581
303394	90.7977202156
117140	90.74186
29260	90.73396
313370	90.7217470412
54231	90.4239330754
362814	90.39144
24896	90.37045
24896	90.35331
361272	90.24685
309533	90.00391
293888	89.836441891
117560	89.5769
306608	89.4239424931332
85428	89.2166
308118	89.1038
65198	88.9932
29463	88.9897492957
362836	88.9077
314212	88.8478
310261	88.7389021590277
25267	88.6584
81754	88.6281
309729	88.5145151451
79208	88.4681
301309	88.2049
102554884	88.011
366894	87.8433
498407	87.7371
155812	87.6524
306562	87.4906376826
299810	87.4689
293546	87.4178
289783	87.2796
29714	87.2420213908
360725	87.2345
310352	86.7358
58982	86.5535
362246	86.5369
361555	86.3369
297504	86.2664
312675	86.1998009926
406164	86.1165
366205	86.0497
83629	85.7286
300367	85.628398645
361103	85.6007
361050	85.4385
84360	85.1703
24400	84.9596
362778	84.9471
246152	84.9381
315000	84.871
362048	84.7975
84586	84.7725344308
29616	84.6974
360619	84.6593712
29717	84.4853
301555	84.1058086192
500282	83.9631
64558	83.8074007784016
79208	83.736336304
29735	83.6644
312952	83.423467288
365652	83.2729
316351	83.0618
100233213	82.9792
303926	82.9759
361171	82.9289
79123	82.6892
310552	82.6261
29702	82.6172
84379	82.5644
312159	82.2201
170842	82.0328
304885	82.01044246
65180	81.9591
294074	81.8984
25478	81.8943
59295	81.881
501560	81.7547511418
25196	81.4511
302492	81.4225
94202	81.016
298874	80.9388037267403
29278	80.6898
117268	80.6148
313308	80.4909
24896	80.482
24896	80.3312
84016	80.2808649618422
64536	80.1987
317396	80.0941
362915	80.0801
171109	79.7198
306157	79.6969000114
313729	79.6133
307070	79.5994
89829	79.5554
293112	79.3538509105
84409	79.306735164
84351	79.2791
29393	79.0674
310785	79.048
286896	78.9309
297486	78.8449
295401	78.8026
313242	78.3210921288
613226	78.0806230574681
310677	78.024252997
497815	77.9274
59324	77.7823
291314	77.7379219211
81744	77.4565
312678	77.1723913192
304315	77.1446
140722	77.0929818933
54227	76.9576
303796	76.853291257
300664	76.6014
311039	76.4396
29719	76.2807
29717	76.2221
308864	75.947235488
25625	75.8194423582
155268	75.6224
361986	75.4972
361060	75.4883
304785	75.2738
81022	75.2161
85426	75.1879294455
25094	75.1348
363519	74.7898
100362678	74.7591
303567	74.6743
316482	74.1981
171147	74.1223086595652
117104	73.9766
293754	73.9765
363018	73.9284
114028	73.7191
25615	73.7189
301575	73.3046346375
60627	72.9233
306600	72.866588746864
29436	72.3261
65204	72.2965
114117	72.2276
294499	71.8253949154
64362	71.6327
80843	71.5747
60391	71.5691
316794	71.3233
308511	71.2566
140945	71.2328
361467	71.0729
360576	70.9648
287299	70.8569
64559	70.7829614784
29665	70.7678337860212
81922	70.5800804827
363412	70.5154
308173	70.393
293570	70.3671
64047	70.21919909
207122	70.0652882374
308134	69.5629
299897	69.5527
24494	69.531120046
361057	69.4464
117284	69.3865932016
309129	69.3404
313644	69.2248
498309	68.5847043128
361251	68.5221
361365	68.2270944
360990	68.2226
315611	67.7165122058274
306451	66.8444524489
689364	66.8359
24831	66.7645
313765	66.751
192253	66.6381
25738	66.5829992816
367218	66.54867346025
367218	66.54867346025
313876	66.4436
303112	66.4261
360272	66.2628580879
192183	66.2313921892
295445	65.98425
310399	65.9385
312754	65.899
360600	65.6416
81664	65.61
140593	65.4807
29580	65.311691530081
684536	65.3103
306439	65.253
295106	65.2007
83425	65.0707
83425	65.0707
117559	64.9755
680445	64.9329
80881	64.7896
307500	64.7852
207123	64.7177
361585	64.664117449
25022	64.6472
24806	64.4873
64457	64.450124747
313594	64.3270426778
309186	64.2595
312203	64.106
85430	63.7821
25558	63.7502
25102	63.6541187044
81005	63.4507891008
65096	63.4197
58967	63.2983901512
312603	62.5954
282832	62.2685
362102	62.1208
117103	62.1104
291908	61.9245
116459	61.8087
305935	61.5397
288010	61.3267
302845	61.264
688717	61.258
94202	61.1973
361632	61.0194
362892	60.832570725
360916	60.6533
266680	60.505
307200	60.1208
305458	60.088
291610	59.8677
310533	59.6576
306404	59.5665
360820	59.4606
298374	59.2884
305675	59.2415
305675	59.2415
691947	59.1733
259241	58.9819
170566	58.9464
292264	58.8127
303378	58.8017
316611	58.7687607952
84609	58.4376
360946	58.1798801847
502020	57.8367
25279	57.7028102356
316209	57.3795
314198	57.2831621794
64457	57.204123727
64457	57.204123727
64457	57.204123727
64457	57.204123727
64457	57.204123727
117108	56.9973
300341	56.9453
289596	56.9414
316209	56.6996
295619	56.5622
300034	56.5261
299714	56.4282
100361818	56.1447
689043	55.9124575472
84403	55.5708
360463	55.4475774336
361437	55.434440432
29138	55.40774831
116741	55.2357
297708	54.919
295922	54.6349930602993
305918	54.5915
192270	54.4701
295922	54.3939914530071
680668	54.2950850729
24483	54.2616393106
24483	54.2616393106
24483	54.2616393106
313594	54.1693496098
29682	54.0232
113893	53.9598
288743	53.8877370375
64631	53.8688
366452	53.7955
314717	53.5612017799
50555	53.4909
361401	53.1157
502970	53.1047550328
291130	52.9492
316425	52.936
315352	52.8683569076
24294	52.8601
155918	52.6227
116486	52.6124
29298	52.5257652266
306941	52.3982
60671	52.2579
100361294	51.9789
287099	51.8667
311252	51.7950799816
293415	51.795
117180	51.6992
81515	51.6937
81515	51.6937
94338	51.6311
113936	51.6019
366061	51.5168
362304	51.4968
309373	51.4911
360959	51.4188
363093	51.2383
305889	51.1127137975
24413	50.9768
493865	50.9399
79126	50.622
29358	50.5937
170899	50.0411793468124
24679	50.0
308060	50.0
85245	50.0
29439	50.0
25112	50.0
64634	50.0
85245	50.0
83790	50.0
25603	50.0
360905	50.0
