304791	95.7746930334
25516	95.55118
81738	94.23156
293056	93.1949147278
308790	93.13334
291615	92.7019232056
24560	92.45883
303888	92.1853687894494
291259	91.46901
291259	91.46901
291259	91.46901
291259	91.46901
316415	90.44605
362900	89.7115602452
65984	89.6745
117029	89.6604
310508	89.6305
116500	88.104627808
310399	87.7577169271061
192675	87.4779
362590	87.3225
266601	86.5127
361825	86.1781
303403	85.7907
373544	85.2942
29316	85.2354
301517	85.1116
25022	84.9277
25022	84.9277
25022	84.9277
25022	84.9277
25022	84.9277
25022	84.9277
192178	84.9204769650686
367252	84.6647
367252	84.6647
288471	84.452227744
315731	84.0724
252923	82.8216
25439	82.7245250727231
290354	82.4085
307997	81.4838136713
290300	81.2155
689030	81.153
296758	80.4958
307833	79.7187
286916	78.8855
170917	78.6081983088719
360818	77.9737762008
291794	77.9665
311224	77.7876658715
500430	77.5574516224
362151	77.4942
84408	77.3235
83626	77.1271
83576	76.0569
302612	75.997
311146	75.2568
406195	75.0062
361401	74.4342039793
292734	74.4336
289486	74.3922
25640	74.0206
296474	73.96978072
314349	73.4199
306157	73.336
29693	73.3333
307838	73.2247187586
84391	73.1302
361086	73.0998
500972	72.9894323578353
294018	70.5823
309686	69.6772462559829
27137	69.6357
170899	69.5566
287592	69.24715209
25367	69.2405152896
25367	69.2405152896
25367	69.2405152896
25367	69.2405152896
50555	68.2132
291671	68.1489
295384	67.9183
499204	67.8986
315217	67.8262677016
50658	66.7707234208
287278	66.7244697738744
25608	66.5428
300988	66.4157
54251	66.3587
29194	66.1934
171432	65.8671
171432	65.8671
313131	65.442472804
299204	65.0374683128477
297416	64.929
287722	64.2291
310261	64.0221689815
81744	63.8768
287441	63.8404000375
24605	63.7913
312927	63.7273
296935	63.4294
363115	63.355523084
24416	63.2242
305424	63.1684
362049	63.0923533494
60351	62.171602691
301552	62.1019
64547	62.0157019304
311919	61.8177898621126
313242	61.8064
312638	61.5394
499913	61.5375
24383	61.5209
304490	61.4923384048
300849	61.1368165376
302562	61.0216
65157	61.0069
287643	60.9989
29158	60.8564
499302	60.7148
304555	60.6136
171129	60.4784
313644	60.0385
360463	59.853898155
24190	59.3419
29885	59.3061
310946	59.206
289595	59.1813
498666	59.0618
305685	58.9319
360461	58.8576
24161	58.6399
292461	58.6205
308068	58.617099656853
307350	58.31558502
362826	58.1408
63840	57.353
306825	57.0888
24161	56.7269
307096	56.6963
85260	56.6487
29629	56.5386
114595	56.4828
308993	56.4154399252
300802	56.3846
24653	56.3818
54248	56.3443
85249	56.1688
293614	56.1591008512
25205	56.0379245664348
85265	55.9324149079
84587	55.908
690654	55.8762782824
304850	55.855038776
293722	55.7596
287545	55.7342758341
298841	55.5818
289175	55.0704
499328	54.9501937257
680611	54.8426
114520	54.5784
298875	54.3165
293721	54.1384
314332	54.1359425156
316205	54.0941
315134	54.0779
316088	53.7117977418
294289	53.6364
306030	53.4356457139
297342	53.2248
363062	53.0723
116636	52.8624
619374	52.5331
303801	52.5162
24161	52.3609
24161	52.3439
295446	52.2840681193332
301009	52.2015
64665	52.095995916
301128	52.0758
288743	51.8267
690188	51.6531837865
678769	51.6279355494317
306600	51.6003524988662
314273	51.5784
313722	51.1841
679155	51.1791
362283	51.0826
499929	50.8808
246325	50.7485671725
84485	50.728
363519	50.6548814605
296179	50.435079166
290519	50.1327486784
293692	50.089578558
498351	50.0
680537	50.0
29504	50.0
245963	50.0
