24170	97.1202907478
308140	96.42444
303763	95.56041
309684	94.62441
302971	94.06296
84382	94.01724
307948	93.6945
361634	93.55297237344
363091	91.65019
305922	90.25686572
296956	89.07
295674	88.6389
500199	88.2877
100310874	87.9150867748
316639	87.5578
295446	86.9563460372
291211	85.6519390352
309071	85.0164
24596	83.8732
297989	83.2082660896
303343	81.7838
364706	79.8888
83785	79.2902
309164	79.01316933
83785	78.9696
83785	78.9696
83785	78.9696
83785	78.9696
83785	78.9696
83785	78.9696
83785	78.9696
83785	78.9696
83785	78.9696
83785	78.9696
83785	78.9696
83785	78.9696
294103	78.6724
681059	77.2385
500558	76.632
65208	76.1983
306439	76.0603
84391	75.962
84379	75.8437
64531	75.712
315689	75.6672097545
287545	74.3228648456
316742	73.9199
306759	72.8377
288654	72.4764
292264	72.4289
25716	72.3634
286923	72.183972862
286923	72.183972862
286923	72.183972862
102548228	71.7887003905
304791	69.9867
307526	69.7943448022
307982	69.6926
307982	69.6926
361677	69.689664005
317418	68.1715956832
309407	67.098436686
312806	66.8784
287462	66.6413
304181	66.0529
361390	65.7278
287098	65.0705
24423	64.9362
689933	64.4088
24640	64.3685
24640	64.3685
24640	64.3685
25043	64.170301348
302290	63.8424
315311	63.0612
315311	63.0612
315311	63.0612
298848	63.0435
314265	62.804
94272	62.7193
309858	62.5497
300444	62.4708
302562	62.0544
171494	61.9719
29482	61.9422
24180	61.8458
114901	61.8077010565
116645	61.6299
29562	60.8165
317470	60.0211
314442	59.9336299635
192267	59.39
25579	59.1314
361159	58.7466
288563	58.5301
84550	58.4804701968139
29344	58.2227
25514	57.9071
25485	57.6474413403359
315496	57.4379
308051	57.3086
171574	56.2604
257648	55.8277
171136	55.7305
307859	55.3684
498728	55.0546921172
24414	54.9295839089506
286904	54.7417
170566	54.256
362359	54.1781
81737	54.0802
81737	54.0802
81737	54.0802
81737	54.0802
360602	53.7277
300052	53.6794
58979	53.6384948656
64469	53.6065
24414	53.4029383510734
362741	53.315
294321	53.2767
685244	53.2617
299979	53.2214
685472	53.1970274103322
310352	52.8000280664
363115	52.396468405
311204	51.9832343708167
29483	51.9250104433641
29483	51.9250104433641
29483	51.9250104433641
29483	51.9250104433641
317425	51.6942
304131	51.5562530601
361668	51.5191
365755	51.4895
89804	51.4039727228
78961	51.3422
313783	51.2869200644
289311	51.0227910784
116545	50.7429
171387	50.0
312952	50.0
60663	50.0
290234	50.0
