25281	97.28861068024
362078	94.59746
294674	94.4262109902
114120	89.7148
64553	89.2397
304488	87.9102
246769	87.8154
246769	87.7734
404781	86.8639
314465	84.9286
306147	83.2663
84409	82.485931456
117280	81.8009
25145	80.7541
690139	79.9598
317335	79.370197579
308751	78.305
317407	77.8701
313974	77.3662
100188984	75.5168316796536
310348	75.5166
362037	74.9837
314417	74.9472
300108	73.6657
259274	73.5784
500555	73.4117
314850	72.9208998163
291078	72.5585193658
500047	72.21
312927	70.8228
81732	70.693
287076	69.6963
311165	69.4976
85384	69.4379
192215	69.1211
307098	68.5846
302369	68.5776107607095
29357	68.407
25469	68.1324
314214	67.1935
499328	66.9343
364634	66.7022
287918	66.3168
192248	65.7662
315958	65.6132
363228	65.4405658066
307820	65.3029
304786	64.61457051188
287768	63.7369
287768	63.7369
360591	63.6191
309081	63.3582
288353	63.0788
312102	62.3752
305310	62.3153
305256	61.4521
304005	61.4401
64441	61.0635
295678	60.6432
310506	60.5931
498331	59.7212
293505	59.5003
687147	58.681035612
687147	58.681035612
116658	57.9059
302898	56.9692
294930	56.9207
310288	55.526
289881	55.5042
282634	55.4356
303393	55.2549
293112	54.8577
361920	54.4099
300955	53.7209
301227	53.3541
29625	53.3121
309722	53.0779
305348	52.773596288
58954	52.3955
29628	52.2691
29628	52.2691
116589	52.0257
305066	51.9456
25267	51.6754
360589	51.2486
192204	51.1998
84394	51.10437643
25065	50.8219
25065	50.8219
103693419	50.7936
309871	50.6496
293526	50.0
