29458	99.66792523739
367714	99.2517349004385
302328	98.3116998791002
361430	97.21967
287212	95.88282
192277	95.05136
309722	94.96073
360565	94.35362
501502	94.3227571
286973	94.1899844632658
363735	94.16745585124
25235	94.01486
310738	93.91269
289201	93.89864
103693239	93.49351
85426	92.4687456994157
25445	92.36757
303614	91.80416
309031	91.69505
24882	91.61976
312890	91.0853850016128
497967	91.04845
100360302	91.02323286
25501	90.7234539376
363425	89.7639
309514	89.2815330546322
29300	89.1767
287746	88.9895
299138	88.5840911177
362495	88.3311
24373	88.0699
25496	88.0576
309288	87.8202839396
680782	87.2902
84586	87.2719866628
79251	87.2287
310086	86.8878176476652
292994	86.8632
117284	86.8226
84396	86.7760689636987
500921	86.2518
25549	86.1087
24803	85.9576
29279	85.803
24390	85.7016
83683	85.43
310152	85.37305
311742	85.3494
595134	85.2855
681024	85.1164
311721	85.0344
299905	84.7616
116631	84.4951
116631	84.4951
116631	84.4951
363448	84.464
291813	84.3367
307098	84.1655
361791	83.7167
316482	83.445606989
362686	83.2424
313662	83.0093
361030	82.8023085056
309888	82.7233253895014
309804	82.6870704817048
292734	82.5161
364594	82.4857
362339	82.4789
79559	82.44598159
311384	82.1756
303346	82.1609
361920	81.5582
302671	81.5429
295347	81.1432
117540	81.0153
170849	80.998435936
291182	80.7744
337868	80.1529
311968	79.9089
297727	79.0747
685472	78.86599771
100360100	78.7055
303233	78.6105
102548228	78.3875
24209	77.9392
25265	77.6007
303351	77.4014
246116	77.3953551049
309639	77.3399602624
114121	77.2935
293166	77.0844
116555	76.963
499431	76.9619
313913	76.8909
266735	76.7472
266735	76.7472
266735	76.7472
304037	76.626068896
364754	76.501869391
84402	76.2842
361967	75.8144
114500	75.7613
291259	75.5833
291259	75.5833
291259	75.5833
291259	75.5833
292097	75.3577
29737	75.3242
289623	75.119046013
680486	74.7477
29693	74.6515
79212	74.4634
306285	74.416
300862	74.1067
293061	74.0303
171152	74.0253837029052
311876	73.8699
85432	73.8535
313370	73.4664104021
305544	73.4439
313861	73.333353728
83497	73.3224
316348	72.988
294606	72.9643867145674
360917	72.8159
301045	72.772
312495	72.7258
192147	72.7234
312563	72.6245563232
79434	72.0130647239
310352	71.7275550685
301416	71.6552
94268	71.0984
308821	71.0886
361632	70.9813354378
364419	70.8989
171552	70.8774
83825	70.8614
308564	70.4241
310392	70.3976354880351
308523	70.1988034561
309626	70.1216
309812	70.04
361925	69.6834
192359	69.6666
310659	69.6507206022
300996	69.6458
85246	69.5957
304813	69.4975850830346
293142	69.463933945
363412	69.3170012125
117016	69.1688
309565	69.1008
308537	68.5593
314785	68.5326
310258	68.3991
114856	67.6942
310753	67.2481
500638	66.8637
685909	66.7677
314800	66.5583
64534	66.2879
360912	66.2752
499330	66.2114
60399	66.0775
306657	65.9668
288375	65.7928
304005	65.7521488273
114553	65.7023
117020	65.6358
266780	65.6266
57395	65.2011
313130	65.0084
308126	64.9685
24577	64.8817
303252	64.8072024845
65165	64.6884
685823	64.6228
363985	64.6109
94201	64.5479
25537	64.3652
362489	64.2631
314600	64.2046
25512	64.1037423776
300075	64.0959
309357	63.9527
308761	63.4433
252920	63.3192259456
117186	63.1459
308899	62.9608
308899	62.9608
315883	62.8398716553
306274	62.8130220032
317270	62.7782115156344
25267	62.7657
65129	62.6469
684871	62.4119
291464	61.8574
293645	61.8239
316325	61.6872
361659	61.3798
366542	61.1017
296787	61.0748692884045
116693	60.4838
290396	60.2506
58948	60.2381
316369	60.1954
25448	60.1447
362045	59.8593
313385	59.7109
305428	59.5561045297
246046	59.5492
114520	59.0198
116723	59.0065
24560	58.5513386086
300084	58.2516
303612	57.9951
287249	57.9641
306809	57.9481
66025	57.4095
291678	57.1786
298012	57.1045
499991	56.7893214811
307296	56.6383
313098	56.548239151188
60351	56.5414
498728	56.2891
362384	56.2015
291653	56.1930420016
680737	55.945
307855	55.5857
298894	55.5613
295319	55.5109571
79249	55.491
287452	55.4711
295607	55.2867
303274	55.0382
29721	54.9976
361945	54.8169
306809	54.713
291180	53.9488
303403	53.5491
297486	53.5467
85482	52.9957
287447	52.987
170927	52.9608
368002	52.9053
362176	52.875
362176	52.875
362176	52.875
362176	52.875
301081	52.8479
360557	52.7556
114629	52.7221
24772	52.4964
619374	52.4743815207
291539	52.2445
100910616	52.0896
312559	52.0782688015
679462	52.0456
681284	52.0449
192235	51.8105
192235	51.8105
29546	51.788
361069	51.7496
298792	51.62
305577	51.5981724459456
302864	51.327379185
307740	51.2429
499157	50.9874
688555	50.9731893568
361749	50.8565696528
295237	50.7298
362282	50.7183
25248	50.6440600127863
64185	50.5773
24225	50.0
24225	50.0
24225	50.0
266730	50.0
24225	50.0
309871	50.0
171010	50.0
304859	50.0
24225	50.0
24225	50.0
24225	50.0
304024	50.0
353256	50.0
296199	50.0
24225	50.0
24225	50.0
246150	50.0
315496	50.0
24225	50.0
