294007	96.63997
362049	94.8134589126
311224	91.16549
295649	87.2334
289859	85.1952
117016	84.1638
79217	83.9739
81660	83.5529
500430	83.3689
64534	82.2704
292199	82.2111
312154	82.0807
361167	80.5262
116478	80.399
317396	77.6329
84577	77.2007
192178	77.1659137065373
306817	77.1657
307271	75.2112
297942	74.9707
367242	74.2511
100125361	73.3467
24522	73.0477
24617	72.851
296762	72.6805
498286	72.2152
58919	71.4257
29758	70.9265
85254	70.6352
314157	70.6197
29715	69.6101
29715	69.6101
29715	69.6101
29715	69.6101
29715	69.6101
29715	69.6101
29715	69.6101
29715	69.6101
29715	69.6101
29578	69.5306
302492	68.6492
84407	68.5882
25243	68.2398
310086	68.0401
58978	67.843
58978	67.843
58978	67.843
308543	67.6601
315158	67.1222
29459	66.9283783556
246232	66.4212
60460	66.3081
252856	65.4845
290485	65.4795
291440	65.4654
313304	65.2604
306672	65.1090738952
300983	64.3232240995
84379	63.645551131436
305848	63.4812
116741	63.094
313264	61.9043031104
310348	61.3995199821
287703	61.0993
65162	60.8584
360496	60.5293
309227	58.8047
84351	58.3135
64366	57.2635
64366	57.2635
303350	57.2278
313539	57.2212
307070	56.8413
102554884	56.7046
306562	56.4267675958
25204	56.3222
83534	56.2505581408
680229	55.5327
288704	55.3766
50688	55.366
308000	55.3182469808228
65042	54.609848032
56780	54.4
25291	53.7768
287873	53.6815
309399	53.592
303905	53.5042
295401	53.2777
24962	52.246
365895	51.4536943426
301552	51.0462
310392	50.8080302564723
300880	50.0
313494	50.0
306998	50.0
296199	50.0
306998	50.0
