690419	93.76548
287275	93.70869
54254	93.45546
25700	93.27869
288182	91.6265686125
303292	91.37972
362021	88.139
100233177	87.6985
310903	87.0614
24797	86.8153
287962	86.2502347099233
682507	85.3301
360797	85.0608
298859	84.74635764
140928	84.6272801245
140928	84.6272801245
140928	84.6272801245
494445	84.0352
64088	83.9662
289584	82.8431650193
360602	81.1454
29410	81.0211
295934	80.9157
24948	80.4547990765
361400	80.2202311487602
297498	79.3187
311856	79.2836
25534	78.9933865653
362817	78.808912874
60447	78.5073
60447	78.5073
50690	78.5011821056
296395	78.305
246097	78.2167
84394	78.028
297942	78.0223896668
310909	77.8702515865
309858	77.0602579139
315509	76.605
367714	76.0857
362463	75.3965
313876	75.2062
311876	75.1967
24418	74.5796
25390	74.2884
296049	74.2334211223
309144	73.8812500609
64312	73.7664
64312	73.7664
29733	73.2566
317335	72.0807
306860	71.6834
291259	71.4272121392
304860	71.376030472
308594	70.3507
65160	70.3147340314
304982	70.3079
301431	69.8124
299694	69.7545
259237	69.7230199528
311919	69.5095956644
499020	69.2369
499020	69.2369
312132	69.2074
24356	68.432928559
362013	68.3221010144
295455	68.088430492
310677	66.2828005344005
365748	65.6951
24888	65.3298
24888	65.3298
64631	65.2765
114514	65.2166236548
294103	64.8402
313242	64.686
316019	64.4314
304881	64.3462598471928
65984	63.3223
690450	62.8955
50658	62.2058
50658	62.2058
296182	62.1510066621183
293117	62.0522
361668	61.917406755
311182	61.8915
116839	61.8553
116839	61.8553
50658	61.6685
295669	61.3224
301518	60.9989873389
83825	60.733
308417	60.6444
300018	60.4852069482
292758	60.4456
289881	60.1054771188
25124	59.8786
311061	58.8287
291927	58.438
292999	58.2557
312372	58.1778
298792	58.0379
299139	57.8091
116550	57.7342
291259	57.6288585144
291259	57.6288585144
291259	57.6288585144
50558	57.278
312516	56.9846
307124	56.3483592745
362733	56.344
362733	56.344
100360066	55.5859
500131	55.4439
293667	55.011
316211	54.308
294988	53.9874
304037	53.9737
303744	53.9297
499745	53.4373
56010	53.3292
303554	53.2332
25099	53.186
117264	53.0202279272
24167	52.2605415882
24167	52.2605415882
24167	52.2605415882
24167	52.2605415882
24167	52.2605415882
24167	52.2605415882
305586	51.4063
24943	51.328917526
113976	51.3014395048
287537	50.9648239864
361159	50.8284664112
316539	50.7669
29650	50.7242
300756	50.6010179214
316216	50.006512736
311163	50.0
362164	50.0
24957	50.0
310769	50.0
303836	50.0
