362049	96.4166424671327
140544	94.7514
29733	90.37236
117106	87.9231
89811	86.9069
689161	86.673
363140	86.5701079972
361585	86.1978
93662	85.9600892456
60391	85.5949
304809	85.2339
83533	84.8556
303135	84.2588302104
313845	84.2385
360445	84.0595
311193	84.0089
296787	82.8486328556
24406	82.5528
289668	82.4876
25692	81.843
266709	81.749
192107	81.6529
306886	80.7738109231
65029	80.5213
287622	80.1290981512
65261	79.8795
298992	78.8511
266713	78.8061
171099	78.5544780784
60669	78.365406824
311872	78.1209567375
307997	77.4998639604475
100233213	77.4159
312495	77.3902028728
295645	77.0953
65172	76.4513214796
26295	76.3955206966
295238	76.3183
304537	76.2126
84424	76.1229
313994	76.0241
360480	75.57705
94270	75.5214
94270	75.5214
94270	75.5214
305002	75.5198347781
312372	74.8025
361439	74.7465
24669	74.6745
100360880	74.4698
192262	74.3342
313969	74.3332387674402
64305	73.4345
246216	73.43
360908	73.3937
304208	72.2580721045
301431	72.235
303836	72.1319084949
289201	72.0266004004
65096	71.6518823203
315891	71.4327
288740	70.9165
500086	70.914358205
307845	70.3606975288
276720	70.2542080471
360482	69.7517827769
306014	69.7085
312680	69.2828414043
313125	69.2125
363448	69.1629
362316	69.1361
298528	68.7859
499505	68.7338561092
64528	68.6798
24416	68.6617389316
116745	68.4708
294643	68.2839451763
690043	67.4970637385543
315833	67.2762337535992
361970	66.9383428220209
113975	66.5582946136
296267	66.4014014788
303312	66.3604
595134	66.291384574
293614	66.1561
25599	65.961
362778	65.6687
25351	65.647296424
252923	65.5901
308857	65.4827237170647
64547	65.2583
85267	64.9061
500464	64.8021
50655	64.7236
287472	64.6023
309525	64.3352
171010	64.21690956
298504	64.0359
296953	63.9885
287721	63.6052932308
303614	63.3941
313242	63.325424616
303478	63.2926
100233177	63.1711
25571	62.9277
366169	62.9043
192180	62.8881
299002	62.8682
25238	62.8076
316539	62.5501
311341	61.9905
60395	61.7275
116600	61.6797
170824	61.41
304286	61.270058488
315611	61.267310086
295228	61.122
25177	60.9772
25177	60.9772
363672	60.8558
301579	60.7779877516784
313056	60.7283
24517	60.7258
79463	60.1924395149
303879	59.8891
312806	59.6028
117036	59.4553161879098
296474	59.2877918454
364634	59.16955
362766	59.0035
296121	58.9234
498609	58.7353738834
116641	58.591
171581	58.4607545609213
296395	58.3809
192181	57.8629709393
360980	57.8617
191595	57.7896
246272	57.7182
81817	57.6226
83497	57.6078410068
25241	57.3613990145
296372	57.310467154
287278	57.2077
499380	57.1445
314850	56.8074567931882
29428	56.7196
79223	56.6766
291813	56.5857872059713
316211	56.4133544173
304592	56.3206215632
360958	56.0876
360958	56.0876
78975	55.9948
29190	55.9042
293950	55.323966485
316369	55.0049
100361376	54.8885694973
292139	54.8505438361921
171113	54.7782
304294	54.6771
306400	54.664397149
303746	54.6485
25523	54.5618
311670	54.4684103272
24174	54.1901865085
679155	54.1387
361434	54.075
361434	54.075
361434	54.075
25578	54.0339
292139	53.8501086102481
313166	53.7367
296137	53.3244
361030	53.088490675307
246264	53.0799
363040	52.8651371626
363253	52.8586314892
308993	52.8435
260323	52.7114833571078
294375	52.4323
316233	52.285
311861	52.1409779632
316021	51.9788
25528	51.8395
360992	51.8098
309170	51.5492
24252	51.427
24252	51.427
24252	51.427
24252	51.427
360634	51.3534
260323	51.3036515925728
24596	51.0534
301346	51.0272511803
100125372	50.8786
292671	50.8053
84609	50.6417791792
64473	50.6275
309144	50.62616404
298201	50.5057
363254	50.4177531729294
311405	50.0846846501
83615	50.0
60577	50.0
25745	50.0
117261	50.0
114859	50.0
313742	50.0
