25037	99.9999419808992
361338	99.9892608917357
304813	99.8991236586432
24248	99.8634993970111
25537	99.3615337238052
300980	98.74342265798
298653	98.5573360493879
171402	98.4723830632055
25694	98.0524762223775
29682	97.9907990405509
29628	97.7537939010304
29628	97.7537939010304
500638	97.7160194480499
313589	97.50256058194
290500	96.39487
290500	96.39487
85254	96.3038855225928
24922	96.157451864
362956	96.117351009
60417	95.8988207920017
170844	95.3674771939265
312113	94.45947
308761	93.9351407232
306439	93.30171
246282	93.0614730145
64558	93.01816
81739	92.1285014322581
81739	92.1285014322581
303926	91.9360764074432
300341	91.6001524093255
171485	91.4306246470312
304150	91.34574
58954	90.6482595908
84050	90.5866
84409	89.7130761808
305977	89.1386725810571
171297	89.0116603389461
306764	88.9172
84350	88.8845
681337	88.6984474091091
307820	88.688223112
83526	88.0994
493865	87.549
294210	87.2493685198
314964	87.048
363913	86.8029322544
29448	86.5143050672
64563	86.3644114825
29599	86.2884011175702
360602	86.1896
498008	86.1779
306459	86.0847
366697	85.1159944384
303399	84.2292074878
289311	84.0596
309227	83.9987
317346	83.8430328
114119	83.7797
316249	82.138
362665	82.09581712
296708	82.0542697730928
113976	81.7088992161
314417	81.621
309051	81.3700985327
304537	81.1933
289606	81.0792
303233	80.750572351
287473	80.3050034026
100361133	80.1382
306860	79.974
29480	79.790791840276
29270	79.7026
313954	79.2658
25035	78.9167318185
304944	78.7139
83572	78.6645
302962	78.5818
306492	77.9283831551
361725	77.9163130257
311419	77.898
54267	77.8690386545
308899	77.7705981029229
308899	77.7705981029229
100233213	77.2965
170913	77.2864633385
306141	77.2255
365802	76.3014118078
295649	76.2647
301516	76.2499
294408	76.1112049226961
311167	76.1066
65272	75.967
309653	75.7998684928
80899	75.7161
29693	75.4221
56819	75.27
83785	75.14496946
309357	75.0899
312398	74.8396
59318	74.8075
83785	74.8016645014
83785	74.8016645014
83785	74.8016645014
83785	74.8016645014
83785	74.8016645014
83785	74.8016645014
83785	74.8016645014
83785	74.8016645014
83785	74.8016645014
83785	74.8016645014
83785	74.8016645014
83785	74.8016645014
171565	74.6701
363443	74.6655
304881	74.523969211
24413	74.4799013764
29598	74.3388
362288	74.1925
24716	74.098
664630	74.0429806753
260321	73.7073
298024	73.2056
298024	73.2056
314304	72.497039438
688790	72.1269
25051	71.6716376797
84030	71.5404204296285
500048	71.146
192189	71.117228675
292172	70.9730995411
25514	70.9713318242
116673	70.9322
116548	70.6772786284
114205	70.5198092482191
54244	69.8726890468
360860	69.6147
246760	69.4741
83633	69.364539232
499991	69.2911
171293	69.2579
296188	69.1914
296271	68.9769
307956	68.9417896617
293618	68.6603
25411	68.4854
246047	68.4842
309995	67.9594
25560	67.9137221456
54239	67.6837
300173	67.4069554405
315259	67.2625
312303	67.207
24877	67.1379
25098	67.0614
83613	66.9713
499099	66.9579244799
362521	66.7539899092
298091	66.2194
314386	66.2111
363243	65.9739882285
307098	65.9535
289521	65.8826
364785	65.7001743582982
306404	65.6650479796
289185	65.5212
171494	65.4062
287942	65.3997
24224	65.3864
24370	65.25
291549	65.2008181076033
81613	65.1282571180294
81613	65.1282571180294
25196	65.0802
298917	64.8082
308896	64.6936
171500	64.6647
365793	64.5786
688502	64.3161
432358	64.0624
29665	63.7806
304193	63.7467
307919	63.5622
302396	63.4212
681059	63.0024
24708	62.9437
113958	62.4293
81613	62.3758702372543
360993	62.3243558185
64029	62.257816111
85250	62.16936107
192183	62.1119870792
171159	61.8464
361103	61.7552
81613	61.6692890279572
613226	61.6435721072
25296	61.6127
25364	61.578
497988	61.5683
360272	61.528
302499	61.4709
306009	61.4604193367523
29495	61.4049972901
84356	60.938
690660	60.8617
171454	60.8355
500006	60.5549
361289	60.49506934
306012	60.466335418
306672	60.4077
315689	60.4004509813
24948	60.2464
292994	60.179927638
361825	60.0465
260324	59.9867
171178	59.8834
288105	59.7169
25145	59.4182
304055	59.2911
690419	59.0334315154
84556	58.9925
306564	58.817175832
682105	58.8055
29511	58.7508
314442	58.6356
246116	58.4407
295426	58.3359202504
299117	58.257465724
83731	58.0489
499974	57.8846
304298	57.8735
171093	57.7926
171093	57.7926
304741	57.7532710497371
25648	57.7190039584
288512	57.6869594002
297332	57.4828
83514	57.3428257396
246769	57.2857
24822	57.2039
246769	57.2034
25534	57.078
25364	57.0649
305391	57.0183702293755
306562	56.9909892033771
84550	56.8168
313050	56.6457
303564	56.6023016584
304486	56.4116
314771	56.2601
29641	56.2223
29671	55.738
113907	55.6835
312927	55.6029634096
286901	55.5766
360463	55.4219
245982	55.4065
25342	55.3831295961153
83519	55.357160689
287954	54.8258350739327
689116	54.816530809
292139	54.674879788
309419	54.5335
307415	54.4144836366763
287521	54.2146200684634
24675	53.9484
292139	53.929345382
25264	53.8396
60582	53.7643
361771	53.5017
314401	53.3938
307178	53.3765
302492	53.3324
363854	53.1887259014
308509	53.1641849572
310506	52.9712092672541
313339	52.9320723371499
170824	52.9054193644
25245	52.785928309782
25245	52.785928309782
317407	52.6694
361096	52.6394
311114	52.458
29335	52.4226046042
29335	52.1484494224
299127	52.0722
171129	51.8567
295327	51.4531
24923	51.3875391897803
306279	51.3456
312678	51.2705521918583
171147	51.2248
313557	51.2097581024
315744	50.9596
292844	50.868
287522	50.7900251932
25403	50.7699
25403	50.7699
25403	50.7699
24950	50.655
307724	50.576198825
25549	50.0
362876	50.0
315675	50.0
54300	50.0
83584	50.0
29625	50.0
363062	50.0
83584	50.0
