679869	99.7283246048201
303394	99.21808598236
303836	99.04440717042
311968	98.5255981312559
366624	97.9261971502
309207	97.5644131889932
307667	97.1505430348
315352	97.0682687475705
680445	97.0376245143
317399	96.96717429845
314894	96.7259944368
309812	96.28354104568
313128	95.990088906779
684097	95.82521
252855	95.6745
25341	95.61508
306055	95.46335762664
170842	95.1868395248
292949	95.17703
362491	95.1543217839961
24673	94.76077
29715	94.5887174212
25358	94.3891
29725	94.11389
297942	93.9196703844665
306659	93.85586
29480	93.749614114
83533	93.52897
81783	93.3220393453
60443	93.26078
60443	93.26078
60443	93.26078
25248	93.2066034268
297486	92.9176470299671
303614	92.66397
360773	92.64314
498130	92.3392474525
361668	92.31172418959
298874	92.1583580628997
303132	92.0750539826868
307039	92.04527
116554	91.9947192625
296706	91.82108
307947	91.81757
81518	91.42263
100360066	91.324663511
291703	91.29001
305235	91.1023464118
192270	90.7132717885
313108	90.46159
83576	90.3305100325886
24564	89.9631
312903	89.9587
302369	89.7082955480784
24564	89.5549
29358	89.4397412338
25059	89.0403
25553	88.4838
288482	87.9922707947034
81816	87.7099384756
25558	87.6351801967
500131	87.587
56725	87.5729
29705	87.1473
313308	87.1455
171050	86.922926459
100361574	86.7313
294698	86.7205016064
100362347	86.7116
305367	86.6285
83507	86.500197137
316415	86.4617031697
140586	86.4494
307740	86.4431
361554	86.2945
298524	86.2613
292728	86.2199
81740	86.1461
117140	86.1321837232
362590	85.9878
311860	85.9576
689364	85.8868
25565	85.8808907616258
64553	85.811707491
65248	85.6924227679031
497892	84.8866
497892	84.8866
78961	84.8343
309391	84.8204
303274	84.8007
494345	84.7952
303828	84.6280762456128
25549	84.393583268
64015	84.3044800608
309798	84.2582
315769	84.2365
363425	84.2126532976
171125	84.0719
54237	83.4718
362303	83.4165
25635	83.2668088375
308201	82.991
304150	82.8547748238
81758	82.7045
361415	82.65
304124	82.3035
315259	81.7603
298385	81.7305
289992	81.3141
192129	81.3096
366894	81.1613962085
317470	80.9498
84487	80.9301749005
365410	80.7339889334
170538	80.673155039
64823	80.6574
89804	80.5388
304960	80.4845
299872	80.4052
688502	80.2926
50552	79.8141
245979	79.7179
305679	79.625858777
313742	79.517044192
313438	79.5088
315798	79.5077485389
310659	79.4841
117050	79.4374
499508	79.3955
84411	79.3427
296758	79.1234
64826	78.9233760855
365652	78.838281058
309478	78.8215340926
310463	78.7571
192154	78.591452517
58838	78.2369
29673	78.2248
499362	77.9596
303396	77.8744087087111
362533	77.6279
310399	77.4989317495
399684	77.3351
360990	77.0024329008
286900	77.002
361831	76.909423693
304495	76.8477042712
294800	76.8393
304037	76.7929
58813	76.7331
58823	76.7151
292172	76.713
94268	76.6748
304286	76.5387621357528
29402	76.4715
83720	76.4657
289350	76.4384
297093	76.29
314964	76.2318646675
303831	76.0954
24477	75.8355769968
24413	75.5945379842349
312828	75.5371395088
500244	75.4696998016351
25283	75.4067
362703	75.2996
362115	75.2801
315422	74.9794
84586	74.9518269031
365963	74.8006
25308	74.6634
314824	74.5856119482745
290284	74.5754
116644	74.3978
79240	74.3455
305164	74.2874816173
56718	74.2366
303259	74.2314
84588	74.0906
24699	74.0393
24699	74.0393
24699	74.0393
24699	74.0393
24699	74.0393
298084	73.8226
24296	73.7498
25515	73.7367
362862	73.654
363076	73.5637055782
360600	73.5046
298441	73.3763
79126	73.2009
303602	73.0298749758921
307296	72.9957
310803	72.6118896224
79256	72.5094
79256	72.5094
79256	72.5094
79256	72.5094
296084	72.4979
300813	72.4861841396
54319	72.3895
25675	72.3641486062
29715	72.237665488
29715	72.237665488
29715	72.237665488
29715	72.237665488
29715	72.237665488
29715	72.237665488
29715	72.237665488
29715	72.237665488
24324	72.1814
315949	72.1477
50677	72.0594
171355	71.97404854
304709	71.7753562767
295105	71.6832
360814	71.5139
29146	71.4792
64152	71.0231467655094
308796	71.0224
100310874	70.9785650088
25672	70.911555965
84431	70.8827
307206	70.7009
369016	70.6023
298091	70.5758
288239	70.5552010972
361285	70.4525
85384	70.2071
299113	69.7396
302495	69.6316
306542	69.5101
83613	69.4396
293024	69.2254172935
25022	69.2227
25022	69.2227
25022	69.2227
25022	69.2227
25022	69.2227
25022	69.2227
83571	69.1454
81741	68.8937
117016	68.819682599
312491	68.8181
290905	68.62
293343	68.5694
25479	68.4829
83572	68.3935593698044
290447	68.2494
366203	68.2108
304431	68.0277
29628	67.8701219482
29628	67.8701219482
29622	67.7327
365755	67.5513783792
25202	67.2531
83841	67.1965
312927	66.8002226048
84597	66.760317536
312440	66.7256
25281	66.7219408003
252961	66.6822851535
252961	66.6822851535
29627	66.6814438126
29627	66.6814438126
303403	66.5637
287357	66.4566
685909	66.2936
311426	66.1575423832
502886	66.089
81710	65.9445
114489	65.6776678243
29376	65.546350636
306404	65.5263
304885	65.2186
302373	65.200843993
54284	65.1804
81652	64.833
25431	64.8207
290326	64.7196589992
304474	64.62709103
83788	64.4617
83788	64.4617
83788	64.4617
29279	64.3471
302248	64.3459
314859	64.3309783685
313834	64.3038820408
306487	64.2412
171046	64.1277
171046	64.1277
303101	63.7649222257
292199	63.6662
64300	63.5327
100529260	63.4115
24336	63.2881
313352	62.7213
124461	62.5856
286988	62.5668
312159	62.431
362700	62.187467610562
114122	62.1289
304786	61.7440145486369
367073	61.3933
294674	61.3447
306548	61.3405
316482	61.295
282844	61.1439
24161	61.0325
287768	61.0155062171
287768	61.0155062171
309399	60.9959
311911	60.9615873217977
500000	60.726602287
25647	60.7046242528
305256	60.6508537936
361736	60.2602
114845	60.1988
499073	60.1509
310843	60.090846169
24173	60.0475
100361314	59.9431
361833	59.8547
681178	59.795
296956	59.693
303298	59.6716
361568	59.5029
497961	59.3782
362282	59.3464
353256	59.3093615516
300857	59.2425
313838	59.2311
294025	59.2277
309514	59.1607
84006	59.0445
65178	59.032
680712	58.985
59303	58.6290387118497
116689	58.5796
25447	58.5457
315666	58.4144789103
314205	58.3885
305470	58.3865
54244	58.3052518688
102554884	58.2870966085
289546	58.2787
302671	58.2444
293061	58.07265458
83519	58.0108
306862	57.9473
304157	57.851826124
29610	57.7516
313471	57.7002697357
112400	57.6357
112400	57.6357
112400	57.6357
112400	57.6357
317413	57.6299152144
25717	57.5716
361849	57.4967
24161	57.4112
29516	57.2652
316643	57.1264
291750	57.0419
305468	56.9894
114517	56.9455
309081	56.9411
288647	56.9083
313156	56.7902
360764	56.7378
308864	56.7088
292721	56.698
25537	56.5150059763
100910940	56.4816
171387	56.3956826792
298992	56.3701
498392	56.2347
317271	56.1688199053
306630	56.0252893
94267	56.0241
64088	55.91381203
307547	55.6443
307302	55.4348
362013	55.4194
313304	55.3422749575
246262	55.3211
312086	55.2722
313323	55.089
295384	55.0402
261736	54.8618
25725	54.8056
690911	54.7762
302492	54.7387
691209	54.5364109984
312781	54.4133
25483	54.3746687975
317312	54.2476
245924	54.1202
302920	54.0759
24766	53.7905
304488	53.6316352258
25227	53.5296
305171	53.4304
64678	53.4037
311182	53.271
300455	53.069
25705	52.7884
307766	52.7506
314850	52.7049339350669
114120	52.652
497985	52.6251
364785	52.608620991
315926	52.5898
65053	52.4629
362490	52.3538
361920	52.35018386
29459	52.2716300607
63879	51.9336
100233213	51.9141842592
81638	51.8469982696
317274	51.6460537584
293976	51.5136
361598	51.5088
302470	51.496613218
65201	51.3303
140914	51.2782557769
308215	51.1660804978
93662	51.1051855805
24161	51.0942
363131	51.0757287238
24161	51.0696
294429	51.0276376636
494445	50.9847
80850	50.982732216
80850	50.982732216
25514	50.8597
29448	50.8392
364206	50.7604
140734	50.7302
310633	50.6777
81516	50.0
298894	50.0
303915	50.0
289809	50.0
307171	50.0
310812	50.0
309053	50.0
