554172	98.57669876416
291567	97.53823240201
360917	97.33552
25694	96.77396
298894	96.2303714044
362950	95.91171
307016	95.90515
305472	95.76596
299602	93.4126708928
290905	93.36697
303070	92.82256
292090	92.11157
362182	91.90828
29138	91.88222
362048	91.80083
683626	91.12485
360866	90.98712
302920	90.96662
25325	90.87418
500874	90.11968
309514	90.00655
309227	89.7366
245921	89.2336
295649	88.4746119232
310674	88.4254
24176	87.9083
58919	87.6238
363735	87.569
308283	87.5296
64469	86.6704
307288	86.5302
307251	86.2304
302248	86.1738
83685	85.9946917775
362092	85.9226
114496	85.623
313593	85.6164
291182	85.5337
64185	85.4515
314265	85.2330763087261
313782	84.9608
300474	84.8536614289
293847	84.3649
315000	84.2279
313308	84.1706
314647	83.614
24499	83.473134296
25716	83.4333
29619	83.4011
50658	83.1019
361030	82.7017
24498	82.4454
24805	82.195
266764	82.062341641
316758	81.8672
309380	81.7517
24620	81.5831
114856	81.4156
294019	81.411
116693	81.2828
316101	81.1135
303439	80.6382
306941	80.541
300173	80.2737464472
59268	79.5797
294018	79.5541
300944	79.4098
312440	79.3554
303824	79.248102064
303256	79.0363
24708	78.8213
365797	78.6561
360526	78.3435
246174	78.096
287633	78.0391
25385	77.5008
245956	77.4789
79209	77.1094
304721	76.9504060415702
305164	76.8833
306183	76.8178
292267	76.6902
54297	76.5671
288091	76.5232
171093	76.2397782353
171093	76.2397782353
292462	76.2111036355
308267	75.8531
24323	75.7641
314894	75.7539
363278	75.4329
24379	75.2675
310753	75.2189
302864	74.7905
29263	74.6399
366894	74.5465844064
290046	74.5307
290046	74.5307
290046	74.5307
293673	74.4787471639655
29437	74.1967
299180	73.7531
311876	73.4513
171129	73.2357285064
304825	73.2309
294809	73.1359477624
24877	73.0658
81708	73.0614
296349	72.9564474871
25695	72.6738
353256	72.5868
362979	72.4046
314245	72.3343
295251	72.2708
303604	72.190106133
360668	72.0634
300359	71.6274
361319	71.4642409816
309871	70.9268
84391	70.7954
50658	70.6087
50658	70.6087
296199	70.1189
360589	69.9116519059
364786	69.7906
29591	69.38433361
308896	69.2494
690693	68.7137548462
85333	68.4569
301285	68.4267
308971	68.1425
29573	67.8828
315655	67.8692
295378	67.7339
25645	67.5822769009
207122	67.2591659136
313033	67.2388
114002	67.1221
308028	67.002
315949	66.8303
156435	66.7837
363115	66.6162
298091	66.4374
81613	66.4366
81613	66.4366
292022	66.3346
687090	66.3173
84550	66.25070071
81613	66.236
25031	66.1391
81613	66.1362
361736	66.1056
25155	66.0305
316539	65.8959
60447	65.6627
60447	65.6627
687090	65.389
293494	65.2155
24908	65.013
360602	64.6197
29434	64.5184
294508	64.4237956888
304947	64.2075141304
288447	63.9591
287357	63.7589
171142	63.7571201308
308667	63.7261
170920	62.9855
296639	62.7637
117108	62.5922878946
317675	62.5827
362409	62.5814
25620	62.568
25620	62.5611
25620	62.5611
25620	62.5611
310785	62.5387
304591	62.4765525385
25481	62.1255
290789	61.7161
313027	61.704
688705	61.2657
25620	61.0183
25620	61.0183
25620	61.0183
25620	61.0183
311856	60.8145
50998	60.7833
305956	60.7828
365382	60.4574
500449	60.2467
688721	59.9328
292814	59.8904
298943	59.7291
361920	59.6638
171050	59.3343
24588	59.0824
300018	58.866
308282	58.5933
58838	58.4096
100158232	58.3737
363045	58.3735
361601	58.1412
308810	57.9333
474146	57.8957
305341	57.7963
311311	57.6608
85238	57.6587
171093	57.5931
25402	57.4318
365652	57.364
192204	57.2326
308457	57.1578
298533	57.1503
80850	57.1165
80850	57.1165
289733	57.1159
171092	56.8531953561797
25146	56.8438
116636	56.7625
363126	56.6927
691335	56.0564886516
293061	55.9651
289595	55.7308
316211	55.3623
316583	55.3361
291549	54.4545
681578	54.4432
364634	53.9892
361815	53.7947
361285	53.4519
25243	53.4245390252995
315806	52.9575
498309	52.8002591026
288484	52.6777
500036	52.1692
300980	51.6815
29430	51.4304939851
303396	51.2786201168929
287521	51.2585
303824	51.1816782394
25654	51.1507
303375	50.8385
498587	50.8214
498587	50.8214
498587	50.8214
171569	50.6207
64366	50.5407
64366	50.5407
688466	50.0
290426	50.0
406164	50.0
