25205	95.1471789635581
365410	94.19938
25235	94.00316
306792	93.94965
29591	93.87091572008
171455	93.60238
25639	93.5011732666
294421	93.23516252126
311919	92.89743
29657	91.71187
304881	91.29076
304881	91.29076
365382	91.11663
100196907	90.35883
26954	90.22434
29693	89.9266
304721	89.2437
24388	89.2334
287173	88.3865636292
292534	88.3445
313155	88.0065
56084	87.8664
290794	87.7601
311764	87.7531
113976	87.4508666596
114520	87.1652
81667	86.8735
29647	86.7509
117552	86.5389
65033	86.5196
89817	86.4228
24413	86.3151
292887	86.1874
317413	86.041
25537	85.9325065476
291555	85.7274
315880	85.672705555
304290	85.636497593
59303	85.2739
690163	84.7522
364786	84.2673524121
303902	84.2496
301085	83.7465317028706
207123	83.5326
366624	83.29855276
24645	82.8506
362892	82.4983
306672	82.2005
364298	82.1796
313125	82.0915
308267	82.0794
360661	81.3351
361833	81.1484
25162	80.531
24248	80.4911
100362555	79.8595
100362555	79.8595
314126	79.5696
100322884	79.5638
294283	79.4743
25035	79.4204
29502	79.4064
498798	79.1796
363136	79.0718
60465	78.753
361568	78.6615
308939	78.6316
171495	78.2220129058
25584	78.2206
171458	78.1004
361601	78.0589523352
313861	77.8723045354
29517	77.7728
29517	77.7728
29517	77.7728
306400	77.3489704825654
89817	76.8404
302415	76.0676
360619	75.7735
171050	75.7471
360639	75.6888
81809	75.564
84496	75.1388
84496	75.1388
259241	75.0375
361407	74.7969878118
25705	74.6351
294088	74.362
81816	74.1038
29483	74.0629350902
29483	74.0629350902
29483	74.0629350902
29483	74.0629350902
291736	73.3963
64544	72.6166
307511	72.3994
315265	72.315
310638	71.9221592028733
59303	71.5717
83569	71.4497
170577	71.2197
313022	71.0032
24684	70.9711
81651	70.6758
502227	70.6534808438
312710	69.4625
308265	69.3532029042155
317312	69.3071
682507	69.2375239269304
305367	68.568
314746	68.321
302378	68.2444999819
294313	68.2284
60447	67.1067593938
60447	67.1067593938
292994	66.991
25744	66.92337146605
25265	66.5741
116665	66.3029
360709	66.2891
316238	66.0
295965	65.8379
685072	65.1247
685072	65.1247
306873	64.9198
308703	64.6304
303439	64.5666
302864	64.1438827588
304923	63.9371779498
303470	63.7441
313969	62.2219638396
287633	62.0274792683
305624	61.6724
291948	61.5041
114901	61.2044
297968	60.8542
29307	60.7881
309514	60.4986
302328	60.2181
85253	59.7092
305471	59.489
309168	59.4535
29737	59.359
24877	59.3316
100360066	59.1898244154
295401	59.0647
81754	58.985
316620	58.9706
309172	58.7151
304758	58.5322
114090	58.1627
290823	57.5094126665
303100	57.1413
688540	56.5263
29665	56.2286641121
293113	56.1621
313019	54.1827
100361376	53.9495
171120	53.5724
367252	53.3353696026
367252	53.3353696026
84430	52.8851
313242	52.7547
309639	51.9626
298757	51.8429
313156	51.5253
64511	51.5114
64630	51.4772
304741	51.2545758024
54260	51.1014
64315	51.0802200568
307848	51.0635
363278	50.9429
25121	50.5876
80773	50.4964853137
367242	50.0
298765	50.0
316209	50.0
