287441	97.12292776768
691075	92.11074
63852	91.14482
314655	91.02186
315345	90.39775
116563	89.8645161276
316102	89.2716403978
192204	88.7446
304104	88.1345
309053	88.0425028168
299625	87.9575648792
29480	85.5933
613226	84.0874499914
364678	84.0423
83535	83.3323
295445	83.1286
306459	82.1289
290626	81.9698
404781	81.6820016696904
361822	81.0255831530935
305956	80.7357916042
306945	80.3684
292008	80.1785368864
64509	79.9009651818
25744	79.5392955556
689995	78.228717784
29295	76.833
306102	76.5174
294421	76.384
54398	75.2079
266609	75.1575504400882
313668	74.5833
81717	74.26
303803	74.0814
171564	73.9809
29553	73.7790100856
192208	73.1726353505
24667	72.8446
303311	72.0828
259237	71.609562054
290669	71.1575819948
306862	70.5751
25417	70.4275
266609	70.3278445425898
361415	70.1213
304860	69.817
308959	69.6718
29573	69.0304
300177	68.7662
64558	68.3742378302801
114634	68.2242
29417	68.1933
25342	68.0344610198425
361213	67.0362939082
84360	66.9779
24680	66.5988053094
360640	66.3633034191
83689	66.2922
299979	66.278950072
81707	66.2681
316077	65.9684852
287527	65.8896377555
310463	65.7932
50685	65.7616963514
306587	65.659000324
29627	65.5242
29627	65.5242
360659	65.4257
83616	65.0605
300045	64.9752
50549	64.971
89815	64.9478
316242	64.847
362489	64.7768
298683	64.4838
361377	64.2625
364681	64.2236
654495	64.091
79426	63.8211547168
83466	63.5946680926
24915	63.3903
303755	63.1285
679155	62.6124593742
302975	62.3474
317413	61.8674
84008	61.6885
266600	61.5624575064488
29525	61.2397
310306	61.1743
296281	60.825
100192313	60.781
315548	60.6338
689933	60.3042
25699	60.1891
303214	60.0901
140639	59.9698003302031
291670	59.7703
313264	59.7525276688
362107	59.6987
25745	59.6985
25745	59.6985
366872	59.6791
500464	59.6173
689593	59.5011
192154	59.2705385815
170824	59.2128879076
291885	59.0982375965
304735	58.891
295264	58.8442
24483	58.4581
24483	58.4581
24483	58.4581
361403	58.4123
81919	58.3441
288917	58.0422
619580	57.7968
406167	57.7367
155173	57.5868
117269	57.4856661002
361821	57.4252
289211	57.4146
85420	57.2538
24377	57.1706773636
64827	57.0642
360549	57.0405
361400	57.0152
25416	56.9269
303772	56.9114
24831	56.8877
24831	56.8877
301626	56.82
310661	56.7974
360622	56.4354
360534	56.2298838976
497902	56.0976869877
290551	56.0517038965
25743	55.5935208909681
29443	55.2678
311670	55.0315296627
360920	54.9985
310632	54.9089
307503	54.5585
171552	54.5011486958249
113907	53.9760235303
24803	53.959
301460	53.8783
192211	53.8637
24772	53.7813785744
29560	53.7693
58953	53.2608
64559	53.1420791825064
114613	52.947
363735	52.9183311436
361732	52.8861
361990	52.7942
314636	52.542
499288	52.4433421513
54281	52.2656
311575	52.1719
288772	52.1287
114562	51.9304802164
64862	51.619292032
303478	51.6052503955
337868	51.413
94199	51.1039
25393	51.0655
50572	50.6715
300653	50.6699
360855	50.5762914559
246186	50.5197
313427	50.3967945088
64458	50.0
315870	50.0
499745	50.0
25177	50.0
297481	50.0
360912	50.0
25177	50.0
25177	50.0
308716	50.0
25177	50.0
25177	50.0
500036	50.0
