114845	97.22966
170907	96.05246177824
25404	95.9540149365476
25404	95.9540149365476
304103	95.6419329043
301511	93.09076
494445	92.66047
65165	92.5659115936
312607	92.32388
304833	92.2960610211427
282836	91.8005
282836	91.8005
289881	91.7360121772
24716	91.6376948967283
292305	89.729
298944	89.6808583672
304271	89.1076
361274	88.9264
306091	88.7153997346
307296	87.5283989332
100362678	86.9768
294380	86.9606468086
64200	86.5827
64200	86.5827
64200	86.5827
64200	86.5827
303196	86.3765
303196	86.3765
100188944	85.6587
100188944	85.6587
501550	85.2461
305816	85.0102
117282	84.8868338458
114490	84.6786
64553	84.5066
288654	84.02
361751	83.859
85428	83.4224593545
309053	83.1792522848
25501	83.1055261648
246174	83.1023
140945	82.9095
140945	82.9095
304218	81.7466242336135
304218	81.7466242336135
313668	81.5927
300235	81.5865
79120	81.1336963921
305310	81.1314373336
24398	80.2602
297990	80.1194
302032	80.1031
29458	79.9614
54284	79.6736
54284	79.6559
29592	79.5479
100125370	79.2613
361442	78.8749
361242	78.0618
24943	77.3348408912
499339	77.3072
63995	76.8885361744
361920	76.6681
497987	76.6393
305586	76.5468
140935	76.5443
314787	75.9333
363164	75.7334
24672	75.2802
679869	75.1481
691335	75.1362
252889	74.4995
305828	74.4957
116670	74.2134
192256	73.9739919752
192256	73.9739919752
294799	73.086
362226	72.9803
680409	72.842
310086	72.6608752897
304743	72.5892
81678	72.306
314157	71.9484
361736	71.7762
297804	71.7536
310399	71.7269
304157	71.6545
64701	71.5838
364706	71.402299248
311857	71.1548418288
362665	71.0832823595
309684	71.0558
290744	70.5736076235
64372	70.4372
305031	70.3631
310378	70.1587
307309	70.087806761
362630	69.9643
291352	69.8475896849
246152	69.7458
678769	69.735766
313169	69.4638
362501	69.3932
305164	69.2628219546
287593	69.2425742386448
84379	69.0533
293112	68.8897
25643	68.5076
361990	68.4425119951582
293061	68.3679
361065	68.2222
432358	67.248609904
309798	67.2468
25281	67.1277
312952	66.5787076962121
303604	66.4783
302845	66.3269716206763
29625	66.3012
314964	66.2295
27256	66.0686
117186	65.9071
606294	65.7355635685
310258	65.5976
314205	65.5271
294674	65.3126
685258	65.22
301337	65.1864422719
312030	64.8243699976
24586	64.6308
307820	64.496
308113	64.476
25351	64.3252
85333	64.2399
64160	63.3558
308668	63.2975
314028	62.9857110674
290829	62.6913
29295	62.6893659518
171160	62.6399
304690	62.5949
25479	62.576
317235	62.4896
298410	62.4302
84006	62.2776571326509
307916	61.882
25380	61.6113
363062	61.0909230495
266802	61.00576317
29713	60.8597
117280	60.8115
65272	60.6987
304378	60.3987
140940	60.1908
59328	60.084
305935	59.8759
29279	59.6234
314647	59.6079
64441	59.597
689933	59.5746
287716	59.2052
25558	59.1669
306439	59.1365934952
310533	58.95796341
296115	58.8209
362267	58.2172
117056	57.24115
25705	57.2315
501157	57.1413
291709	57.0128203078
171113	56.7668
362862	56.6754
100362347	56.6635
29662	56.1329
24667	56.1208
25746	55.6616
64826	55.6187
29645	55.5899
362170	55.4612
307271	55.0892
312251	55.0843266628
290789	54.7806088138
498486	54.5159
498486	54.5159
365652	54.4950932252
288239	54.2549
304488	54.2508241024
24338	54.086
308508	54.0492
114901	53.9438
308215	53.7532
315548	53.6094893272
297514	53.3682
315210	53.2784
25517	53.2618
291610	52.9324429232
304055	52.5609
313594	52.2349
360993	52.1463
313594	52.1169
117257	52.061
305253	51.9704937021
305256	51.9337
305367	51.7322021881
64440	51.40148503
64047	51.336009251
24414	51.3015346344
298552	51.2108
297516	51.1768
117537	51.1175
291750	50.849
294862	50.7323620904
308896	50.5888
303206	50.2037000992
29650	50.0
315761	50.0
368042	50.0
29642	50.0
363266	50.0
314949	50.0
297481	50.0
24210	50.0
288364	50.0
29448	50.0
83571	50.0
