294207	98.665205985
298646	97.504733745
24803	96.9638028938854
361568	96.15791
315957	95.84577
311193	95.509333287
302671	95.47412256
314212	93.53082
64553	92.7461815338
60427	92.5615653593295
365755	91.86816994129
25496	91.663933225347
310626	91.52858
289264	91.5265599970832
25187	91.09495
314814	90.9893226619
171444	90.9216253546229
313598	90.87461
171495	90.559988087556
81661	90.52836
293864	90.22974
362665	90.2099
25267	89.7276013978
361095	89.0038
287942	88.9132
114520	88.8253
293691	88.3987
83586	88.3317
301038	88.2858
116506	88.2176576386
116506	88.2176576386
25364	88.1422
116478	88.0854441602468
64358	87.989495308819
303311	87.7535
363024	87.26262556
304900	87.0238374519454
363292	86.9823384863143
192183	86.9158584133052
305083	86.8024
362485	86.4868600497
79212	86.4468124951
81821	86.3336
293645	85.7753
312192	85.7642
292735	85.6847
25356	85.2802110833109
308283	85.1536
361018	85.1058654421295
170851	85.0488
246116	85.0320115228
25667	84.7752
170896	84.3596
296706	84.306
293012	83.9372
60427	83.9251636183301
289055	83.6758
114591	83.6507
360868	83.5799779482858
114028	83.3299
363194	83.2364
29481	83.1516
363122	83.1242
361842	83.0504603116
315880	83.0375869447778
84394	82.6992
24324	82.6329
287721	82.5992
315670	82.2823
79209	82.1390404756
307271	81.901
294018	81.6072
298189	81.5979
140720	81.4071
313978	81.3183
246074	81.248234
116552	81.1809
367252	81.0579
266735	81.0491
266735	81.0491
266735	81.0491
310909	80.7797
315806	80.5466
25516	80.1809
25245	80.0313
25245	80.0313
298894	80.0061
83834	79.8877
291352	79.7639
288105	79.7543
363145	79.7443
170956	79.6894
315548	79.6841
365657	79.6465
25417	79.334487825
113976	79.3172386832
303836	78.8422
85238	78.686707321
114100	78.5487840952
24499	78.4484570152
363228	78.4366
25586	78.4162
361724	78.4136144275
364052	78.16
315617	78.1563354639
114522	76.9452
312495	76.943793443531
309548	76.9146
310506	76.7699255636142
361715	76.7618
171120	76.6008
24224	76.5603
365865	76.4967282965
85262	76.4402
25084	76.4055
685472	76.0710047224
311911	75.9487
24873	75.8577
315133	75.8065468647
366889	75.713
171442	75.6438
362339	75.617
654495	75.3821
29492	75.1212060522173
298944	75.0942
299145	75.0797
310341	75.0696
298655	75.0022563832
24629	74.9956681808
363062	74.9699
310250	74.9403
252853	74.8537
289312	74.6152
25152	74.3053000454
64440	73.9525
291819	73.9156
25023	73.8631
293736	73.44489037
114505	73.3771
81672	73.3696
298514	73.3199
293042	73.1305
288079	73.0782
311857	72.9807
25288	72.8269
259226	72.6915
361370	72.4859
287537	72.4794
64314	72.454
25735	72.3054
25735	72.3054
25735	72.3054
29163	72.2827
246117	71.7444
497770	71.5111
311839	71.398704316
58982	71.2978
312754	71.2569229814
316064	71.2134
499929	71.1897
364419	71.1836536404
360646	71.0762
83764	71.039770464129
83764	71.039770464129
83764	71.039770464129
290519	70.6461461736
363577	70.6156093197528
66023	70.5971631951
295356	70.3731
307403	70.2046
303132	70.0319043881345
691429	69.566322139
296301	69.4329
80843	69.4122249038
295446	69.3923349275
394266	69.3806
171571	69.3550401836
29146	69.2765
295500	69.1082
81742	68.8982866362
294900	68.7773
29491	68.6206
367252	68.4955
116465	68.4944841323107
81512	68.4474
300514	68.167859751
280670	68.0885
502886	67.941196972
294508	67.7806
100911069	67.7542
171064	67.7026
25716	67.6715
288602	67.0802
287532	66.7907
25113	66.7356021754
304786	66.6412110556332
313427	66.3507840502
292483	66.0585
171102	65.8574
363135	65.8535331
287607	65.7789306112
25603	65.6603
59312	65.6490788374
311903	65.5654812837374
266806	65.4882
24718	65.2158
305679	65.1734
116490	64.9815
288109	64.8600335125
60563	64.75075
316640	64.6109
29622	64.6047
361503	64.419
502901	64.3592852544368
362246	64.115
303693	64.013
295341	63.8829
287527	63.8391
79218	63.8389717956
315655	63.816744755
292724	63.5497245872628
499669	63.4244
365213	63.4047
287533	63.2882
287920	63.264
260326	63.2345
361732	62.9983756247
24645	62.8257
29424	62.7874145181013
65195	62.745628882
297498	62.608
59106	62.6042
305434	62.332
474169	62.2872824824
298533	62.2664
89791	62.2247
24484	62.0567
315911	61.985
685072	61.7532
685072	61.7532
315758	61.6067098786
84010	61.581141272
294753	61.4926
24189	61.4432
24189	61.4432
24189	61.4432
312634	61.2964
297893	60.868
301346	60.7479
65218	60.6658
303088	60.5746
24667	60.5278556464
116595	60.4303895443
58959	60.4073
58959	60.4073
365355	60.3803
83801	60.1298
299799	60.1138
295619	60.0796
295703	59.986826128
29755	59.9827618655
303113	59.5956
171099	59.5507171798
24533	59.5311
25265	59.4654
192126	59.3307970676184
25556	59.1433091471
25122	59.0371940027
300988	58.8672
60374	58.7352
304537	58.654920179
498587	58.6142492728
498587	58.6142492728
84008	58.6036
337920	58.4500544851
300186	58.261
294804	58.2442731912
306324	57.9127
309586	57.7423553656
293939	57.67475
311842	57.598350671
192178	57.3825484695
305035	57.3741
84014	56.9777
246272	56.9132
116470	56.773
301119	56.7426040592013
50719	56.6672443357
361384	56.5571
362481	56.5055
288587	56.3912
114561	56.2463467700603
308410	56.1928
303304	56.1131
24669	56.0828522955
29398	56.0653
690853	55.9476
64531	55.9109050732
307724	55.9091
25181	55.8881
303200	55.8244712566
613226	55.7483
50551	55.6306
29757	55.6244
60447	55.5727
60447	55.5727
54248	55.3705
310621	54.9274
312727	54.9186
29544	54.9077257774
500037	54.7945
317259	54.5105
25738	54.3628619236
361940	54.3087
304741	54.2497806796
294643	54.197359036
363278	54.1874294199
363984	53.9461
299802	53.8961
287633	53.8253
289278	53.8068716164
25482	53.7763939567325
295322	53.6847589216
298147	53.6756
300173	53.613527262
171519	53.3766
301079	53.2866
360725	53.2578
24654	52.962
80849	52.9262943864
287638	52.6807742294
500282	52.679
289307	52.6014
85275	52.3261
25297	52.2817
83785	52.2155
314618	51.9788
313228	51.7845926467273
116469	51.7247106337422
25330	51.6347
84595	51.5821
83685	51.5642
362102	51.5559942216
503214	51.5451440202
116831	51.3311
65195	51.1699140072
65195	51.1699140072
296953	51.1071
289357	50.9648
360953	50.900367313
300947	50.7564
308586	50.7461
29470	50.7273
81869	50.6768
315962	50.3044217119
315219	50.0172173085
24842	50.0
360476	50.0
315689	50.0
307075	50.0
56227	50.0
83614	50.0
