306055	96.8488148902
308267	95.5950034256
296467	95.57307
24952	95.00446
378467	93.18718
317470	92.77209
65129	92.6017164051
171494	92.4469172669
192211	90.90282
361071	90.720878302
361688	90.5170041552489
311412	89.8123
299691	89.6591
304315	89.3533098401794
140694	88.6423503568
25635	88.6328
170907	88.6179
83709	88.482286088
64195	88.2514
315508	88.0561
309053	87.9458112584
29138	87.5885
25514	87.4178
29546	87.3012
366169	87.2993
497757	87.0544500882
500116	86.938
192270	86.8597764869
25717	86.6801300032
117020	86.0204
292912	85.9199
192251	85.4811
293061	85.1709552082
63994	84.7791
63994	84.7791
304758	84.744853944
311311	84.5926
679668	84.5603
50646	84.413
308845	84.3023
63994	84.2851
63994	84.2851
300030	84.1388
317259	84.0525
295105	83.5044
362049	83.3162700350721
315158	83.1010930912
27080	82.7857112122
292206	81.847
300756	81.7552295141976
298992	81.0512
307820	80.9622483482366
54289	80.8838
29633	80.7614386456
313304	80.7559801504
311547	80.5343
259241	79.92005176
315670	79.8162
498328	79.6797
100192313	79.5597
501661	79.4355
362557	79.4027
25367	78.8932648954703
25367	78.8932648954703
25367	78.8932648954703
25367	78.8932648954703
288161	78.827674539
306687	78.1689
313211	78.0067
691209	77.7295
64826	77.4654
362384	77.4452
25666	77.3592
303165	77.3061
59322	77.1083058431766
294643	76.6911666313245
294568	76.2662
361991	76.1503
246186	76.1037
56011	75.9496280407663
309774	75.4703281784
497987	75.307
307067	75.1
25603	75.0670181848525
361745	75.0411
308212	74.9638874368
65162	74.8999155472
311441	74.6755240303
312678	73.8308278826058
681337	73.7628
294449	73.5958
314157	73.5303
29685	72.6119
306809	71.8467503248055
114495	71.7311
289608	71.6159
303333	71.5443
311857	71.5383344989
689414	71.2634112348
305792	71.2066
116548	71.1085109275
309357	70.5455636005
171058	70.2299
29374	70.0781
24314	69.5172
311919	69.2845
303396	69.2433308694495
361825	69.1887
362911	69.156898920134
501083	69.1038
363634	68.8198
64192	68.7083
300384	68.7023
360511	68.675281575
315824	68.6032
94272	68.5626622066
316211	68.4687063446
305268	68.3249957670878
29476	68.0309
316424	67.7996
291023	67.793
314265	67.655
50864	67.6373
361990	67.6159178001624
260323	67.4034227425
29618	67.0996
307016	67.0987944368
363138	67.0712
297173	66.9114
289392	66.8999361132
300367	66.895208006
291352	66.8632
293551	66.8171
317396	66.5854
300218	66.4789
305310	66.4299143821
29362	66.4016500996674
293012	66.2401
140925	66.0451
292847	66.01361547
25528	65.979
25565	65.8972
25566	65.672
25633	65.5006
298514	65.4304378106
362258	65.367
313352	65.260931896
57027	65.2489
315023	65.1617
309051	65.1288
29146	65.0655
288108	64.8955457272
314906	64.5579
294862	64.5345
300095	64.2434
24326	63.8301581911
297748	63.7603331716
140586	63.6885
287357	63.4979
288321	63.4913028638
361399	63.4365
304881	63.1968919325
298757	63.1967
291948	63.1784
192280	63.0211050092
297597	62.972615533
298533	62.9119
309458	62.76738625
295061	62.7167742556
25106	62.5271
288700	62.5102
170844	61.8259
25736	61.8109
313262	61.6863
296635	61.636
310086	61.5226309061
688673	61.3731
302396	61.3204
301086	61.1691301328318
192152	61.15
29699	60.8309
306765	60.6371511025
305549	60.5658
81643	60.4931
302913	60.3692453323
266780	60.2387
315352	60.206
290519	60.108897910761
499964	60.0019021174
360983	59.9681
303753	59.8085
362264	59.7838
25279	59.6838640986
64314	59.5581
310261	59.5062
287721	59.417
304407	59.4095
685474	59.3653
685474	59.3653
685474	59.3653
65144	59.1493
25650	58.8444
306809	58.741760302
361242	58.5825
25684	58.5522
309591	58.3626
291610	57.9954292507
50686	57.862
24949	57.4678
85249	57.4167
361615	57.3718460993112
304053	57.2367
103693419	57.2109320168
24949	57.1762
314930	56.8719
286899	56.7054
83513	56.5824299787016
308911	56.5753
301544	56.4598
309639	56.341684135
307585	56.3303606788
25232	56.2633
306007	55.8375
307302	55.6526
317374	55.5736
312828	55.5711683586
289400	55.4455
29511	55.3767
303132	55.2905557868
310074	55.206119638
365592	55.2058
310677	55.2051
297504	54.7170544197967
315074	54.6953
29627	54.67878306
29627	54.67878306
292199	54.6266
360990	54.5774
171565	54.5159
171293	54.4921
300920	54.4794
307343	54.4347095884966
498840	54.3858
299799	54.3112
295333	54.1023874678
303991	53.8586
298144	53.6297
309070	53.5216
683927	53.295
24479	53.2684
302935	53.2084
680130	53.1873
307956	53.0392
498130	52.9467
361970	52.8045784651191
314332	52.5821
60423	52.3772388224
619440	52.3685
287607	52.2057
303601	52.1792917612033
307667	52.0709
276720	52.0454
361659	52.0308
360718	52.0101
60465	51.9992
94165	51.9531590791
293997	51.9417
300748	51.5919
114505	51.5754
688405	51.5429
117036	51.4595
498301	51.4465446875
252860	51.3871
360645	51.3263
298385	51.2716
690528	51.2596
288079	51.2473496152
291540	51.1662
305000	51.1582578706
64566	51.1371231808
303351	51.1327
292750	51.049
24881	51.0137
309888	50.9616043858
29670	50.95360876
362479	50.7392
313845	50.419551736
300206	50.308897285
309678	50.3081369416
305858	50.0
316342	50.0
246781	50.0
305078	50.0
298934	50.0
29597	50.0
314196	50.0
310375	50.0
360577	50.0
315697	50.0
303330	50.0
