29637	96.936487768
365744	96.36367
60379	96.022745922
94338	95.76203459032
301012	95.5690854391
288109	95.54949
65162	95.3912293696595
29611	94.91427
689995	94.77029
300913	94.51625
78963	93.89704
315434	93.84467
114494	93.34573765
316426	92.69249
84050	92.4622
304555	92.27215
361400	92.2407616734963
300474	91.7927135226201
287552	91.57774
287478	90.7027899232
360827	90.5431668274
311839	90.28512
293614	90.2057994568
171517	89.6826
297597	89.405695916
362666	89.2456
362831	88.53348234681
294088	88.4308
79215	88.3308
287543	88.2907039855
304763	87.6331619073
361700	87.408
306404	87.3584936647
83514	87.0682
80338	86.8293
308509	86.71370687
303798	86.6366
293050	86.5095
690188	86.3162694559605
290829	86.074
312279	86.0256627608
304709	85.6907
363045	85.5670193456
298426	85.3714
360734	85.1405
295401	84.9619
287989	84.9202
365410	84.7365
287745	84.49489683145
306324	84.16
25654	83.7773
362466	83.4403
360632	83.0152158265
497902	82.8745
308322	82.8285
29528	82.6281159616
64845	82.0443
317218	80.7800663755
25682	80.6832
29278	80.583
304885	80.2999288602933
296466	79.9710347206854
313304	79.963
25620	79.8084389206684
25620	79.7653802261759
25620	79.7653802261759
25620	79.7653802261759
315346	79.7205
363266	79.7095
171159	79.606
29345	79.29
25620	79.1552454943938
25620	79.1552454943938
25620	79.1552454943938
25620	79.1552454943938
303369	78.926142136
25492	78.5202
312108	78.4299
29157	78.3062896518
310375	78.2853
312678	78.2202815136
362078	78.0446
369016	78.02488013
287585	77.8719
295235	77.6843
81686	77.5433
306687	77.5181314988
289312	77.4659
296467	77.4175
364867	77.3776
308434	76.978
498301	76.9097664952
310086	76.162225221
304286	76.0682461456
360725	75.9141
171563	75.8216
311406	75.7576
303375	75.7063
295264	75.6971
50719	75.5339
303888	75.4861
299197	75.4344
361522	75.1388
24298	74.6354
301363	74.3983
305897	74.3277711483
313647	74.07285
287873	74.0318
361808	73.9126
310909	72.6087
289094	72.5996
84358	72.2085
305450	71.7888681225297
310071	71.4542742292
25318	71.3899383618
315994	71.25
116690	70.779361017
116690	70.779361017
116690	70.779361017
116690	70.779361017
296758	70.5795656608
296390	70.2799
312703	69.9356
316209	69.493
116470	68.5002
316209	68.3606
293098	68.254
303132	68.1873
81651	68.1585
305472	68.007010011
613226	67.6744011476
192126	67.2633408924
25639	66.9537
497886	66.9528
305501	66.8935
25608	66.6141628105409
303496	66.4111
288626	66.3233573484
24896	66.2931
301442	66.241
294518	65.894927644
304577	65.8258668106
310306	65.5947
294512	65.3426
362246	65.2993
83502	65.2506
84488	65.176
309227	65.172
289457	65.111
364855	64.7666
246215	64.7241
307124	64.6401
50564	64.4434
300228	64.3682
298528	64.2443
297514	64.2179143105
25669	64.217
171154	64.1724
287940	63.8577034219
313772	63.7883272096
313027	63.6173
59312	63.4248
24184	62.8771414528
58982	62.8315
50622	62.7990981505869
364032	62.7858
360678	62.3729
360993	62.1349
361309	62.1203
298874	61.9364295595
307907	61.892297146
83576	61.5510858825966
24417	61.551
140668	61.5437
192178	61.103759106
192242	60.9781379083
499022	60.84
363062	60.6824
288921	60.6335
290533	60.625
304474	60.6144
366474	60.4698
83825	60.3788372509979
140937	60.2301472604
287115	59.9775
501002	59.907
298859	59.9048193121854
292739	59.8009
117548	59.7965
170919	59.7366
25111	59.602
24225	59.2852
24225	59.2852
24225	59.2852
24225	59.2852
24225	59.2852
24225	59.2852
24225	59.2852
24225	59.2852
24225	59.2852
24225	59.2852
502749	59.2271
307148	58.7523
114482	58.1342
289745	58.0976145550519
308440	57.8374
291772	57.5808
245974	57.3132
300173	57.2835533174557
289233	56.8531
246273	56.7633
300920	56.7528884616
287361	56.478
304410	56.3833016779046
287278	55.6075
290744	55.5747
25482	55.3816464084
304486	55.2041227193
315136	55.091398629
81736	55.090242452
64158	54.9472
114200	54.8868
311622	54.8737
687208	54.8244461402
78956	54.8244
290668	54.7072433792
300759	54.664
681112	54.5414258716
24716	54.5406
691337	54.388
54254	54.272905984
314644	54.2472061492
361207	54.2108
362792	53.5621
315949	52.8219
684440	52.7211
27080	52.672379803
494445	52.5877
312640	52.2409
289276	51.9831
314212	51.9161
65178	51.889
317296	51.8756
304294	51.869859973
361618	51.5938
312916	51.5671
302946	51.4799
287927	51.4794
81678	50.9372232486
497892	50.9314
497892	50.9314
303298	50.9077984381
84420	50.8185
60341	50.8061
29390	50.7656756344
171564	50.7652
297783	50.7471
304522	50.6984066428
64026	50.6587
368042	50.6347
307820	50.3658811317
24672	50.0
297576	50.0
