292999	97.07365
29480	95.344260784
25654	93.98584
311406	93.37945
94196	93.14987
302935	91.4341753539775
114592	90.6803
444985	90.2474259862339
246282	90.16315
298084	89.7667
688721	88.9766
298410	88.921
301434	88.9122
294809	88.7466226428
500921	88.2067
308869	88.1194
296467	88.116426125
362788	87.8918547945128
362828	86.396929339
316370	85.1919
296616	84.3281
303251	84.1179
690163	83.7872
140638	83.4535
140638	83.4535
362850	83.2755
114851	83.1734
315689	82.7733
499913	82.1402
24943	82.1337
360639	82.0545
313270	81.71
293627	81.5361460628
312563	80.6293571236
303518	80.491
291921	80.2083
310461	80.1346544802
314465	79.8177
25027	79.6965
361508	79.4383
64527	78.1561
310843	78.0472
291081	77.9227
297604	77.8239
64524	77.8018
304325	77.7486
66026	77.6222
29473	77.1376
100361294	76.9677
25095	76.0202
307973	75.6633
64314	75.0971
300756	74.8459720135
64315	74.7295
25257	74.6296
85251	74.3811766729
307251	74.0063
304592	73.282
171092	72.9561995312909
315804	72.8286
79426	72.4506
290529	72.2418
171563	72.1692
116740	72.0624
288369	71.8442
114520	71.702245405
305679	71.4103934624
288322	70.9292
498309	70.849715368
303101	70.023
307236	70.0047
312603	69.924
58813	69.6666
313521	69.6623
362329	69.3189
297727	69.1339
291955	69.0830751408092
361442	68.6083
294422	68.3992
296271	66.9667
291314	66.7564494004
29619	66.5319
117186	66.4658
59101	66.0923
291848	65.2954
690374	65.1863
306998	64.8859
306998	64.8859
25254	64.8450238399
312927	64.7976
292768	64.2668
500564	63.9557219071
309373	63.8548760778
296281	63.7257
94270	63.6485
94270	63.6485
94270	63.6485
315696	63.6012
83526	63.2112
191572	62.8017
83469	62.6766082119
315131	62.6187
292852	62.2998551952
304542	62.2245917504
311129	62.0712
365252	61.9869
24183	61.1508
360801	60.5884
362115	60.2158
308523	59.6603
303016	59.4578991233
60350	59.3873
25417	58.5419
282581	58.4670770332
63882	58.3552
362930	57.5157
296156	57.2495
683788	56.7955
286895	56.6786
85246	56.6068340209
361807	56.5071
170845	56.3289
114490	56.2974
81922	56.2689
79131	56.1486
171494	55.5653
363412	55.4017
361368	55.3361
315158	55.265143678
266998	55.2185
306672	54.8579
84395	54.7159160535
25211	54.5672
314785	54.3809
25248	54.347
29670	53.9162
501096	53.2471
362860	53.2159
246272	52.7297
83513	52.6852
288239	52.404772905728
360546	52.1506162846
311842	51.6329
360613	51.5194166719
117520	51.4995
117520	51.4995
117520	51.4995
311123	51.225
287361	50.9964
361309	50.8061
363084	50.7953
303602	50.5148
64076	50.0
80843	50.0
64366	50.0
64366	50.0
