312927	97.6007839882753
360704	95.56881
63995	94.56398
315352	94.3090793336687
363849	93.86184
171120	93.8479879954
315037	93.0558100298
50556	92.60794
316021	92.5542549859049
25272	92.27749
29628	92.1475
29628	92.1475
25272	92.14668
25272	92.14668
360511	91.9221232059268
26955	91.9130989039
305310	91.55064
289883	90.716171141969
362923	90.2188662337
25650	89.9643175552
361601	89.7241070893
304127	89.669
81506	89.5591
362264	89.4119384349466
24666	89.1331
313510	88.315268346
295053	88.1953298115
83619	87.3414
64513	87.2988
114845	87.2054
29627	87.1039386850854
29627	87.1039386850854
360591	87.0701
290556	87.0573
312251	85.92
286984	85.7603
314894	85.5441
83720	84.9571
100362431	84.2401
313961	83.4557
304157	83.3327
114764	83.3019418575
85254	83.1116382092
295674	82.8254
298914	82.7507
297498	82.6825993085
360903	82.5442
314246	82.2842
362687	82.1387
679906	81.9660625119
29642	81.8319101546
24373	81.3261
361688	81.3230580634782
116464	81.2537
304791	81.2160901056
85268	81.1123
85268	81.1123
85268	81.1123
116740	80.9328398033
291133	80.7564628891
295382	80.54609206
360492	80.5161742561
84586	80.4988052038992
83626	80.4935
316539	80.3081
83615	80.2502774932
360920	80.181
362011	79.7307
619575	79.6308
300173	79.50108233
308669	79.4714550169
117537	79.063500302
192359	79.0399
303394	78.7426180542
116554	78.6106980415
362665	78.3436
298184	78.0624333995
85268	77.8696
25686	77.8082
24225	77.5379
303538	77.5312
192251	77.4776
288584	77.4661
300996	77.0773
293660	76.913
501099	76.7625
288108	76.4839627955796
59322	76.318979995
301416	75.8435303608
50622	75.6861
85268	75.4137
85268	75.4137
85268	75.4137
85268	75.4137
64366	74.9982983984
64366	74.9982983984
291057	74.8572
316412	74.366
680493	74.353927722
362291	74.2883
64028	74.1889
306571	73.7117
85428	73.2919570844
260323	73.2904
298098	73.2624142478
306548	72.9193
81640	72.8370474472
363013	72.6751301340567
260323	72.5507
114090	72.3837
24560	72.0043
312826	71.8359
310086	71.5367
24766	71.4253720888
361944	71.1618
361944	71.1618
500126	70.7193
300126	70.6958
85430	70.5757
117257	70.436570224
304763	69.9603
246174	69.9356
313373	69.8457
305956	69.791824576
687147	69.6838
687147	69.6838
311742	69.656
312083	69.5043
314930	69.2313
298878	68.9017
313876	68.3694
360874	68.3067
365755	68.162
25267	68.0805296533
79208	67.3600222768
65053	67.1584
313308	67.026610987
291340	66.9654
302396	66.774
25431	66.4869
113975	66.3048
63886	66.2781
361655	66.2156
81649	66.0538
315259	66.0469240575
498140	65.9773
305348	65.8609
309331	65.6975
116478	65.4552503494966
100362764	65.4461
79115	65.2695
361745	64.6825
246323	64.1874
252918	64.0709
500384	63.9644
25603	63.8304
363599	63.5478
303888	63.5224
289094	63.3073
309144	63.2478
288333	63.0387
313270	62.678
303101	62.6228510188
294421	62.334876688
295690	62.1229
296130	62.0187
306459	62.0033
303456	61.8007
500921	61.747296644
300367	61.720271392
25270	61.6798
117255	61.407
300359	61.4007591616
29448	61.0149
24499	60.9323
500616	60.7582
287537	60.7389
170849	60.659
100362347	60.535341364
24437	60.3063
64531	60.2226
310785	60.107
308716	59.9791
308215	59.5614
297607	59.4088
171447	58.6922
171447	58.6922
171447	58.6922
171447	58.6922
171447	58.6922
171447	58.6922
171447	58.6922
314713	58.2484
298757	58.171829525
29693	57.8940064205
291549	57.6305
362384	57.6285
362463	57.5484
25125	57.5085
291527	57.3772363655
192280	56.68655
246755	56.3868
292994	56.3103
81744	56.2714
295106	56.2077
308126	56.0809
301346	56.08
89804	55.9167775783
298573	55.8363
65196	55.2795814765
207122	54.94
114023	54.7661
312474	54.6627
171109	54.5493
246211	54.4404
282845	54.366
300236	54.0633
306147	54.0363
24413	53.9018995698699
289623	53.6307793078
161475	53.6303
25427	53.2891475256
362316	53.289
307302	53.1876413758
292852	53.0092
24356	53.0081
259241	52.8304
315833	52.3438555887908
155423	52.256
298084	52.0679685824
192178	52.023670655
308282	51.8666708106
170902	51.7407
306071	51.6594
312372	51.6571
308267	51.5993
367714	51.5885313997
81002	51.5664
304181	51.4356
296648	50.9957
64824	50.9273
116665	50.8513
246152	50.68
306492	50.0
64060	50.0
310960	50.0
