362741	94.54843
116506	94.13438048472
116506	94.13438048472
361970	94.04389
266680	93.97465
362567	93.3230148667
24210	92.82539
170824	92.4869
361178	92.46708
690163	91.58483
299618	91.0281350266
116459	90.4577794358
140931	89.3312
362510	89.1215
297942	88.5918
309613	87.8292
313156	87.7077
295669	86.9404249871
311450	86.719
314830	86.667
54348	86.5814
362697	86.1631
314751	86.1143090238177
60331	85.2068957206
293561	84.1177
81642	83.76858918
85432	83.4160391337
297504	83.3788
498910	83.363
116482	83.3624
305310	83.2757
79212	82.6171
307070	81.7282
308939	81.7162
63836	81.5765
261736	80.681
293012	80.603
84394	80.5553445754087
63879	80.1061
363445	80.0819427664
50664	79.2258
245981	78.4393
29464	77.9897
361554	77.69772007
306825	77.4783341044
25341	77.4478572984
29562	77.1174
361338	75.474768517
294674	75.3006
306274	75.0227
100911859	74.9511
305544	74.8598
362182	74.8559
79249	74.6757
170956	74.6172
58840	74.3942
289482	73.761728688804
499020	73.7209
499020	73.7209
170845	73.5324
25565	73.5063
117520	73.44
117520	73.44
117520	73.44
361195	73.3851
25389	73.3415
25469	73.2487
498309	73.2118732492
79218	70.96
313216	70.81837384
24831	70.6044475685679
24831	70.6044475685679
294606	70.3406
304947	70.1339
140914	69.9032091651018
116463	69.6364
314713	69.456
25672	68.8489
309888	68.3478662275
295461	68.3346664456
290501	68.2217
309774	68.0264
25113	67.1829
294804	67.119662356
29611	67.0435182165
314683	66.7962
117064	66.783609094
60447	66.7500504178
60447	66.7500504178
304124	66.7305
64511	66.6535
292264	66.6322
361293	66.6038867638
291414	66.4582
286910	65.7848504148
289257	65.5312
50686	65.4488
84397	65.0192
306147	65.0124
315833	64.7527
316620	64.6999
81808	64.4286
308692	64.0177
292155	63.759361015
290705	63.7297
303394	63.587436419
25403	63.163
25403	63.163
25403	63.163
114906	62.9698
116699	62.8573
84586	62.8363742766
500054	62.7372
310352	62.7256344786
362065	62.5007
24413	61.8923
361057	61.8234
311346	61.7493
313236	61.7067690346
64196	61.5796
29735	61.3174
313323	61.0069
295238	60.9411
360466	60.1864
308942	59.6455
362283	59.1773
307643	58.897
498089	58.887690191
362918	58.723
84409	58.5901851064582
310969	58.5493
293098	58.4064
304569	58.0405
300649	57.7371
291914	57.6299
303396	57.4324
362956	57.3873
171092	56.7390993985897
363519	56.7122
311334	56.5417256225
299188	56.458
192256	55.8875
192256	55.8875
290315	55.8512
83588	55.8113
313067	55.4887
308523	55.4394
29584	55.3606
302415	55.3465
299356	55.3425
29628	55.2882
29628	55.2882
25293	54.9691516742537
25293	54.8401706802885
25293	54.8401706802885
25293	54.8401706802885
25293	54.8401706802885
85254	54.7382
192152	54.5313
83507	54.3041
25012	54.2402
680486	53.9901888775
309871	53.8853420944
113906	53.8746
64551	53.5456
64551	53.5456
116698	53.2716
25601	53.075
25601	53.075
25601	53.075
25601	53.075
25601	53.075
25601	53.075
25601	53.075
25601	53.075
297865	52.8957
309361	52.8626
25622	52.7852024926738
25622	52.7852024926738
288182	52.4781
686999	52.4131
303753	52.3810799142222
25237	52.3589
24763	52.037
317183	51.7518
313131	51.5354395664
301618	51.2637790648
304208	51.19
24398	51.1342295782548
24943	51.12834236
619385	51.1197
619385	51.1197
83522	51.0631
302373	50.825
361746	50.6324
306009	50.6261
300797	50.571
432358	50.0
287367	50.0
25376	50.0
685232	50.0
360903	50.0
156275	50.0
