24212	97.5698537973178
311182	95.9899904489
117558	94.4639001577
304181	93.81316
288937	93.342499131817
85250	92.0469931774
498301	91.7437911328
680407	91.4977861756862
300754	91.4607133996148
24611	91.4454696857897
303565	89.1122
361509	88.2817595732
64470	88.0701
680537	87.466
316620	87.4618
25314	86.987158814
25258	85.4101
282819	84.5688880606486
25205	83.5593183694494
24334	83.5268
679221	83.4895658282908
292696	83.244836427
24401	82.6747713637
302642	82.5841
25628	81.4352
313048	80.952
58853	80.6272
360459	80.6085
310909	80.2540165861
299002	79.9457
288731	79.8245
303251	79.2742
305675	79.1306
305675	79.1306
680987	78.4907
315594	78.1079
365699	77.6112545872
300045	77.2807
80897	76.6771386645315
619440	75.4090883374
362384	75.2854
307947	74.9427116328
311658	74.0589586048
360461	73.8952
246217	73.5626995055
24596	72.9489565554351
100188944	72.8795414359088
100188944	72.8795414359088
297176	72.8528
29415	72.6166460941943
314374	72.5573969554
361055	71.1175
307480	71.1048372954466
310086	70.9026
60582	70.9024
301509	70.89
25043	70.8257
498486	70.2021
498486	70.2021
83685	69.6331804019165
297900	69.0661
299197	69.0525
314641	68.9729
314641	68.9729
689377	68.6193
316524	68.3931
502902	68.2146767002701
83612	67.4153276357583
315891	67.2255
306564	66.9253
79433	66.8248
303604	66.343813715
296570	66.1403
289668	66.1169880495222
366542	65.8243
24384	65.11
691429	64.3818004465374
361096	63.8709394908677
64519	63.86553075
300030	63.5633
688540	63.2501
313409	63.1322561294
291678	62.6197
498328	62.2288
303285	61.3224116336662
311862	60.7405
25574	60.6177430435
25574	60.6177430435
363412	60.2729675497
84598	60.09
298267	59.8855348522492
363227	59.7758
58954	59.7635
297804	59.7627
309656	59.2733
311478	59.1851159987907
80849	58.7071
304410	58.499328214
85384	58.4515
300682	58.4504
362665	57.3829842692544
302697	57.2904348994997
287148	56.8028
50585	56.6329
361626	56.5235662502225
308218	55.973
25492	55.8905
25486	55.7307
25486	55.7307
25486	55.7307
292658	55.6172
25327	55.5026965792
314148	55.3713
24271	54.8205
305977	54.3954
171091	54.3178
257648	54.1104
24167	53.9714384
24167	53.9714384
24167	53.9714384
24167	53.9714384
24167	53.9714384
24167	53.9714384
307126	53.9115
297483	53.8799
295417	53.8423
116590	53.610805467
313706	53.0207
54300	52.767648299
24908	52.6352
290997	52.4311
312863	52.1045
29256	52.0834
29256	51.8207
29256	51.8207
303575	51.4031871674
312675	51.2961
29885	51.0646
293721	50.7162
29606	50.5935
297173	50.5043
83785	50.2138092
83785	50.2138092
83785	50.2138092
83785	50.2138092
83785	50.2138092
83785	50.2138092
83785	50.2138092
83785	50.2138092
83785	50.2138092
83785	50.2138092
83785	50.2138092
83785	50.2138092
362715	50.0
310693	50.0
