308709	96.958078986531
361831	96.6921917742
313554	93.3760500875
307494	93.33143
29525	92.18562
361751	90.99824
290632	90.8019
314212	90.7999012828
299199	90.63542
288289	89.8529
83465	89.3938
315134	89.2565629889
85497	88.521
305600	88.484
362665	87.7068053632
313421	86.4665
365802	86.2371
64473	86.0765
295327	85.6569944555
64055	85.0881
294520	82.8629
295325	82.8598704066418
362199	81.4036
64440	80.4611
303165	80.0803
84586	79.8606931366
305332	79.3036
365963	79.0209
300652	78.6195
304285	78.1098
114507	76.1112
295965	75.5672496832
288779	74.8401
302975	74.476
84508	74.061
288512	73.1016
287441	72.923307232
59317	71.9969
314711	71.9153
307212	71.6281
300253	71.2272
293996	70.7129
498728	70.699
309591	70.1551
94203	69.8125
303135	69.7266
81748	69.0114
305624	68.8831
58942	68.8118
246264	68.8088257102
690516	68.7847
59317	68.2666
54241	68.2326
314824	67.9845
84420	67.144
94170	66.5364
294930	66.4708
316023	66.1952
309029	65.8561
305497	65.107455019
58853	65.0795
304962	64.4845
360480	64.4212
64626	63.5539
309179	63.289210192
302363	62.92
312656	62.3694395089
25272	62.3019
25272	61.9017
25272	61.9017
114202	61.8206
64159	61.6728
293113	61.2382
117063	61.0422
315139	60.203496217739
24706	59.9566
246174	59.9115
50554	59.613055545
312054	59.4953
79209	59.34810865
25705	59.1089
24831	57.8559834942747
24831	57.8559834942747
303414	57.7712
24575	57.4551
24575	57.4551
24575	57.4551
24575	57.4551
24575	57.4551
24575	57.4551
307474	55.9802
305851	55.5766
114856	55.3475
25291	55.1503
171111	55.1491
79128	54.932852008
498898	54.9107
65134	54.7599
24268	54.5417
307348	54.2803
25135	54.2056
681429	53.2381
296257	52.886922016
305861	52.7504
29200	52.4261
689030	52.2232
310155	52.1162
299626	51.8943739916
301442	51.3101
29456	51.0374
360520	51.0223
287821	50.8428
314384	50.8369504774
497815	50.708
361601	50.0516541904
500430	50.0
65205	50.0
303923	50.0
304581	50.0
