246262	98.1739415937
360914	95.06194
29517	94.88837
29517	94.88837
29517	94.88837
116596	94.0762355118
25405	93.53819
24785	92.65785
298757	92.5444250452
84014	92.36254
116554	91.8844657693995
170910	91.04541
291411	90.2937441097
64188	90.14211
83726	89.965
362065	89.4005569983
29275	89.0087
364624	88.5282
361383	88.4676745392
679712	88.2368768821
291760	87.7266
27080	87.2512
498301	87.2013004267025
296137	86.6064549728
81918	86.1123
287356	86.0102
619440	85.558
25256	84.6437
287537	84.5373
497991	84.0785
315033	84.0291
310749	83.8136684008
298689	83.242
116543	82.818
360518	82.5645
304181	82.4751967432
29458	82.171
25351	81.672062184
288704	81.5139
293528	81.4692
25714	81.2356
362156	80.0633933776
289809	79.8524
297910	79.5151
363287	79.0994
64366	79.0927
64366	79.0927
81736	78.8627
54237	78.4166
305251	78.2135305139
314323	78.0843428312
83823	78.0709
295356	77.9803
313539	77.8236
245957	77.3537
303193	76.7403
303300	76.5447
306007	76.5005
296346	76.4981851649
301323	75.629
291464	75.3148
362738	74.4566668316
25270	74.3886
289057	74.222
360629	73.8346
298032	73.687681402
100912536	73.126
301068	73.0587
366478	72.8646
290864	72.2618427997
290864	72.2618427997
310261	71.33144638
311419	71.3227926544
363445	71.2186
303554	70.9082
25613	70.7252
360681	70.6954
64521	69.776385865
315939	69.3462
79249	69.3298
298884	69.0565943285
29588	69.0351
363445	68.885
65053	68.8058
170899	68.754141136
299762	68.6732
140941	68.576
170699	68.5416
498030	68.4684
298066	68.4628
294708	68.3513
25152	67.1608
171144	67.1269
117140	67.0123
303801	66.2932
116643	66.0347
310721	65.8013
362283	65.5821162514
310640	65.1223
311919	64.2647
690366	64.0641
619374	63.9702
60447	63.3944
60447	63.3944
25281	63.2344
365183	63.0361
293056	62.9821
58942	62.7836143628
293113	62.6665
24500	62.5335
365382	62.1596935079
85309	61.9928
299159	61.9271
155012	61.762
25244	61.6818
29647	61.5753
501563	61.4262
500904	61.1101
292949	60.9683
171049	60.873
301235	60.6379688671
308988	60.3623
25267	60.3208
301574	60.1883
295347	59.3618
116477	59.2218
116477	59.2218
116477	59.2218
293173	58.8617
292305	58.7231
298874	58.6826
311607	58.4834
290356	58.4163
304807	58.4006
308361	58.249
362835	58.2433
308821	57.9995
311968	57.4714
171139	57.0979
171139	57.0979
171139	57.0979
300656	56.9894
29150	56.9212
170902	56.8096
290529	56.7313
295327	56.5464
362268	56.2745
192178	56.1937213872114
361063	55.9125180064
246297	55.8872
360540	54.8909
362359	54.807
315891	54.7560420127
25288	54.5638
291914	54.56033586
24783	54.1767
24783	54.1767
307210	53.9047
303584	53.5278
303375	53.4198
305851	53.1899
298399	53.0635
309650	52.7921
303614	52.7917
311384	52.7585
311468	52.7392
306819	52.322483908
304798	52.2826
288562	52.2812
315707	52.1944
293059	51.9867
315298	51.9713
60422	51.7543
361940	51.6398
317343	51.3958
305471	51.2393
171123	51.2259
29540	51.1478
290447	51.0917
24413	50.8928971943137
314814	50.0
305471	50.0
64016	50.0
362002	50.0
302913	50.0
25696	50.0
171517	50.0
116500	50.0
303206	50.0
25283	50.0
