29625	94.06139
293678	93.8975
313061	93.41167
315217	93.31555
311114	92.99682
293454	92.82148
64440	92.26905
266780	92.0630891997
24942	91.6159300277
252963	91.5705430654
685472	91.306174402
313056	91.12054
310946	90.45641
171142	90.22587
288512	89.899
292964	89.0171
29600	88.7353
288181	88.3071
287433	87.9669
291182	87.6872
81655	86.1066
100359680	86.0623
313304	86.0036
58924	85.9003
24605	85.7483
309812	85.6904
64563	85.469450176
24511	85.3661
363545	85.351
300284	85.2694183216
365868	85.0677
314028	84.9136
363599	84.4182
317444	84.3272
302666	84.3204
299138	84.173949883
116644	84.0115
171455	83.7452
314399	83.4886
94196	83.3628
171352	83.3416
309533	83.1126
100158225	82.3583
619561	81.9975
310791	81.665
81574	81.2118
302489	80.6038
56011	80.3624
117058	80.2686
29564	80.163427288
140448	80.1335405063606
286914	79.6485
307415	79.6208402629744
304071	78.8802
309678	78.8502260749
310086	78.8308429081
84016	78.8235
315870	78.7264301104
298541	78.2944
102548228	78.2205
252920	78.0605
25062	77.8676
361030	77.2975
309361	76.8871
288151	76.8447
362065	76.5693
298936	76.2817
266674	76.2161
498491	75.8082
361970	75.7613586745
294421	75.6836
29524	75.515
311487	75.3349763488
60434	75.0482
25037	74.4799311622453
316327	74.4217
84398	73.9799
497979	73.9447
25594	73.7965
307008	73.1932
362630	72.8071
252917	72.5066
252917	72.5066
362316	72.2798458799682
300838	72.1927
29619	71.4908
298012	71.3745
89816	71.2753
365793	71.0065549135
304794	70.9492
81678	70.6633
117538	70.6580058348
25549	70.347619465
307547	70.2638
116543	70.196
305888	70.1649863395
299811	70.152051208
84588	70.1504
246331	70.1157
24297	69.9062
295333	69.4798
24306	69.4448
117186	69.2207
305719	68.6191
29309	68.4367
307081	68.4355
298423	68.2919
287275	68.1813
497757	67.9988
83731	67.9055
309729	67.8152869138
25526	67.7546
116469	67.6426
683927	67.2960201388
83588	67.1873
291100	67.1459
291314	67.1156770753
360739	66.592
498898	66.4119
171070	65.6092
306862	65.5884865499
114032	65.5176
288762	65.509940095
59296	64.9171
353256	64.7953
114596	64.6996
362960	64.6891
317219	64.6554
315496	64.65464884
29597	64.573
499878	64.3403843881
100360066	64.3099
364033	63.96
25272	63.674
25272	63.4368
25272	63.4368
192178	63.3635931939691
306091	63.352
305586	62.9496
81708	62.9294
312678	62.9016
307343	62.763
691149	62.6247
286932	62.555
64823	62.3982
64469	61.4683836202544
25428	61.3897
309858	61.3516
314746	61.3215
305497	60.955956958
307479	60.7541
117271	60.6539
298517	60.4985575036
305454	60.2503
361503	60.15
362152	59.7312
170956	59.5969
287477	59.4317
24499	59.1543738123
311783	59.0397175504
25743	58.7091325415124
306183	58.5825187984
311919	57.9307
291555	57.5295
171552	57.3231
690632	56.8024
25687	56.7299
680445	56.6255
303803	56.5762231256
287606	56.2115
291689	55.9691
81744	55.7805
298933	55.3525
298933	55.3525
362049	55.3386041867128
316794	55.2741
288563	55.1807
60670	54.9183
297123	54.5736
116548	54.535803204
691429	54.4207835540682
360992	54.2437124001428
64192	53.7618
362152	53.5272
306203	53.343394044
291671	53.1954
313873	53.193644465009
363707	53.1632
83683	53.0024
307810	52.7340722438
314785	52.4403636474
394266	52.2601
310674	52.0151
499947	51.9724
79208	51.9447
295356	51.8666
310801	51.7889326456
84487	51.7166
89829	51.4026
59088	51.1175
305268	50.7592994916
286889	50.6557
79223	50.0829427455
295953	50.0
257648	50.0
298317	50.0
298184	50.0
171151	50.0
24854	50.0
