302396	99.9041907143661
295401	99.598294613905
361986	99.0643272883631
314964	98.6617047196
314850	98.6037719497093
171120	98.2078803686
306548	97.59318
679869	97.50525
29344	97.412985
295934	96.92854
308843	96.7287567041
116509	96.47213
497991	96.29201
360980	96.1877357673809
690911	95.92386
361555	95.88181
25694	95.8752957256
64826	95.7004
301345	95.4849341446
294400	95.4735234745603
299909	95.44426
315806	95.107972159
691209	95.0441840368
117186	94.86369
303604	94.7928656976594
304315	94.7355863632
54321	94.49425
60325	94.4428
362303	94.3114
64042	94.17611
362918	94.0737007732
361845	94.04686540435
313481	93.84678
54319	93.81998
64314	93.6733194689
170851	93.51218
367242	93.4718698081
266802	93.45223
287361	92.9519
289229	92.92989
25433	92.70501
24806	92.67798
24806	92.67798
24806	92.67798
24806	92.67798
361668	92.56137226948
689917	92.5496
306183	92.4644381832
293960	92.4565
84357	92.41531
298944	92.32448
25690	92.2298727055969
25690	92.2298727055969
54248	92.19791
29591	92.12608
296710	92.08438
432358	92.0598149136587
362700	92.02908
56718	91.98525
64828	91.7178363828
316344	91.37261
84482	90.79743
300901	90.53036
300901	90.53036
286931	90.51302
29279	90.48552029
315000	90.26214
64043	90.09856
29528	90.008313274
299979	90.0010856062
64631	89.9676
292090	89.8269490197
50687	89.6249
25289	89.0723873371745
25289	89.0723873371745
362481	88.9613
25690	88.8057921966433
25236	88.7775
26295	88.4388
314543	88.3649
315958	88.1272834755
406164	87.9230531386134
309081	87.796
302290	87.6294
25467	87.128
313139	86.7855
296911	85.9666
363412	85.8367
64047	85.70925531
303200	85.6473
302711	85.6259
289400	85.6137
290527	85.3351
300891	85.3258
29463	85.241
25177	84.9557
25177	84.9557
60422	84.8
691947	84.6798
303584	84.5559
309901	84.4862
25230	84.4592977936
25230	84.4592977936
79119	84.2595808385
316064	83.3866747312
685072	83.3305676174
685072	83.3305676174
25267	83.212140568
83465	83.1013
308000	83.0088
25104	82.9084
297486	82.809079939
302415	82.7414
298012	82.7121
25094	82.6272638299
171159	82.5967
361096	82.4497
298992	82.4142349954
25404	82.2334324079985
25404	82.2334324079985
50645	82.168606340009
293489	82.1669
29423	82.1319
81678	82.0532
58942	82.0229
171447	81.9373
171447	81.9373
171447	81.9373
171447	81.9373
171447	81.9373
171447	81.9373
171447	81.9373
308988	81.9135
303753	81.8518
314388	81.6364
25547	81.551
29743	81.4714
314388	81.377
317413	81.3427
286926	81.2149
305246	81.1842
100360066	80.9541
25450	80.6559
25241	80.6175399712
83576	80.5437
305310	80.4603491875
116544	80.2256
79428	80.2069631424
66015	79.7107
83466	79.653
117036	79.6193
84551	79.3522
306439	78.8012
84686	78.7694
25705	78.7571
295333	78.6811
363278	78.5641600768
29748	78.445579097
362501	78.3961
690195	78.3706
289457	78.1221
499951	77.9346
81504	77.765
114243	77.6377
60331	77.5989
304944	77.245
113960	77.1316
308061	76.8533
100036765	76.4556
29263	76.3325
293976	76.2903
287451	76.2405
58961	75.9906297644
58961	75.9906297644
310745	75.673422025
65134	75.6551
366872	75.6368
83689	75.1662918865
24851	74.9825
29758	74.4541
360389	74.3905
315329	74.2717
308971	74.0726
293627	74.0238385195
245903	73.9236
361567	73.7044
315272	73.53106508
170911	73.4652
363249	73.3949755945
315740	73.2233
363024	73.2021806552139
246776	73.168
360878	73.1196
317343	73.0944
305497	73.0172
309722	72.4299
305571	72.3252
360761	72.2593
171373	72.1022
25482	72.0958
259237	72.0523
60460	72.0473
365382	72.010992191
619558	71.8023
64559	71.7591
362300	71.4803
316916	71.4704
309871	71.447
60447	71.0989578279
60447	71.0989578279
299923	71.0549
360698	70.8916
94273	70.6516
81663	70.6063
363516	70.5916
315439	70.3619
306562	70.0212023142
306071	69.8676
288583	69.8155
287721	69.600407853
25677	69.3284
686611	69.1179
686611	69.1179
60465	68.8796
24948	68.8089
309544	68.7802
50658	68.7177
50658	68.7177
246297	68.6708
304729	68.6673560275
171119	68.6123
299811	68.5928
303330	68.512
311204	68.4331
301513	68.4090711564
93667	68.0172
50658	67.9991
60327	67.4450859132
310250	67.0735
365407	67.0235
25262	66.947897602
309301	66.8480637583
365592	66.7772
362018	66.7564014988
361676	66.675
94272	66.5476
29726	66.5035
116724	66.4542
297508	66.2908
64462	66.2348
311791	66.2215
361800	66.1806
79248	65.6722
304290	65.6653
314212	65.4354
29431	65.3272
302473	65.1437
117520	64.9232
293693	64.8348
24224	64.7985
501095	64.3089
308831	64.2973
310638	64.2728
303754	64.2657
297593	64.0647
308118	63.9837
29448	63.4262
553106	63.4165
25031	63.2972
25318	63.0007
50555	62.9475
313488	62.9048
298683	62.8869
687031	62.8815
298544	62.735
310681	62.7039
360737	62.563
288700	62.5429
24482	62.4345
24482	62.4345
641521	62.4265
304900	62.2538733938
29430	62.2483
361181	62.0688
308361	62.0158445692357
360866	61.9813
689414	61.9608
24482	61.9323
24482	61.9323
114764	61.8834
252963	61.8719
288821	61.7726
294515	61.7527
362013	61.6204
367252	61.5367
367252	61.5367
276720	61.5232
303786	61.3895
116676	61.334369019752
24239	61.2774
288108	61.0438
312936	61.0333
84480	60.8212
24916	60.7955538954403
25157	60.7173
24294	60.6475
360521	60.5032
81521	60.4709
297989	60.4461
499431	60.383
305104	60.2857
363254	60.1376997992
29592	60.1167
29430	60.0707
362675	59.9946
299116	59.8598
293939	59.7254
304055	59.5581
25696	59.2098
140720	58.8526
24413	58.7719
361030	58.4586
25262	58.368853681
25262	58.368853681
290567	58.1473
65261	57.7761
64020	57.7731
294207	57.669
310506	57.649641893
83834	57.5926
314288	57.269
360665	57.1922
259241	57.1285314245
24503	57.1238
64665	56.8965
361073	56.6825
29705	56.6449
171108	56.6397
303659	56.5736
295327	56.5302
78956	56.5274
50993	56.4084832135
689364	56.2729917084
29546	56.0366
50672	56.0348
295691	55.854788386
361057	55.8356
314993	55.658760374
58945	55.6105
25444	55.5957
309651	55.223
497974	55.1871882912
313722	55.1251
306424	54.8139
311487	54.6917464356
64845	54.6485
315789	54.5599
313865	54.4127
311163	54.2996
286895	53.9776
291921	53.907987313
317435	53.6284
312703	53.4514
81638	53.1245
309164	53.0582
114215	53.0173
25566	52.9511
246771	52.7129
312030	52.7114
289399	52.598
300173	52.4432283355378
81516	52.3488
361251	52.2028
24768	52.1966
310348	52.1705
58823	51.9545
497815	51.938626017
295922	51.871
360725	51.7691
295922	51.7666
300120	51.7494973258
289623	51.6141
60670	51.6128
288353	51.4991
85426	51.4649
361055	51.422
362339	51.2366
301085	51.2069
304286	51.1502739544
680445	51.1274
362160	50.7754
299907	50.7598
315136	50.5596
170816	50.5386
303068	50.0
297504	50.0
310667	50.0
406167	50.0
