50690	99.5683798794928
171123	99.501028862684
299618	97.5221501172285
296623	97.4229782743062
116690	96.273131775226
50687	96.1361483158906
406164	95.8351770877042
365872	95.61715291231
362018	94.9332410153789
360779	94.8837710762603
304784	94.2481413329089
308690	94.04044
309200	93.97071
116690	93.1162908207385
116690	93.1162908207385
116690	93.1162908207385
313594	92.9584515402359
170496	92.2395018648
171563	92.126964419152
308739	92.0405251267001
689560	91.9575873314297
363026	91.6661846737934
363026	91.6661846737934
309207	91.6326971659783
85273	91.63063
307483	91.6103076739283
363412	91.412625643523
307482	91.387841243903
300710	90.84131
444984	90.7008407045569
444984	90.7008407045569
313594	90.583457781436
171454	90.562851732
313811	90.5176192827127
362118	90.29572
305438	90.2023156966136
192117	89.7757685513253
192117	89.7757685513253
29428	89.734085187
680717	89.6932572896426
308971	89.6346
25495	88.9078000128341
287441	88.7292742409622
81005	88.64084041868
117558	88.6174102340953
315174	88.2371648164
117268	87.921
312451	87.8990781155845
303304	87.7589509821367
25531	87.7514870228789
366468	87.6229
302810	87.6062395136053
296267	87.3632891403112
308473	87.1578627423149
691429	86.8787925318276
304410	86.8198392916129
362164	86.7701648456
310207	86.4846151653831
29511	86.3523251716009
289397	86.3167
117107	86.1767720648
116601	86.1370325062
116502	85.4692038007
363002	85.1025584158523
25735	84.6383
25735	84.6383
25735	84.6383
192235	84.5549438398279
192235	84.5549438398279
24946	84.505
297453	84.178324767
287721	83.8500430954853
314647	83.6763382258144
65130	83.54822086
288779	83.3886530135
288937	83.0789
303584	82.971034120833
309135	82.9150641376
83785	82.6902
83785	82.5966
83785	82.5966
83785	82.5966
83785	82.5966
83785	82.5966
83785	82.5966
83785	82.5966
83785	82.5966
83785	82.5966
83785	82.5966
83785	82.5966
83785	82.5966
64520	82.2182341996
81677	82.076
25576	82.0014
362962	81.9814363028965
362792	81.5833
368044	81.5692704256
292894	81.5489
171495	81.3960760475354
24239	81.3251208924011
498234	81.2701051549357
680737	81.2528
363024	80.6337531876412
287716	80.2966942718471
288743	79.9589251766944
363985	79.7882516340346
25743	79.6481437243662
309630	79.5219165679
60582	79.460377735
308869	79.4240605804
290705	79.1386
306307	79.034
298848	78.7812295735
310812	78.6949
291352	78.669540773
368178	78.5684
64317	78.184458475
314323	78.1819
29753	77.8371075106
313557	77.5705
361070	77.5549
301562	77.463
24949	77.4563173955046
311224	77.3676
24949	77.1745970531319
94270	76.9644667135
94270	76.9644667135
94270	76.9644667135
313243	76.883891491
316205	76.6827
305888	76.5638978326
288602	76.5502
116673	76.43209038
312728	76.3425172417416
311876	76.2738170713
64832	75.8463523813442
297504	75.7282
301345	75.7001
24888	75.6460568331359
24888	75.6460568331359
24791	75.6000310975
311137	75.4964322024125
25703	75.0832
307124	74.9408773114
282824	74.7664852505
292686	74.7100772519524
116470	74.6977133728
83788	74.366709477556
83788	74.366709477556
83788	74.366709477556
29757	74.2977482888095
102549710	74.2642731650561
286939	73.8381006169
291912	73.6139
309659	73.468259198
305835	73.3422148880759
25327	73.3301
84402	73.293720868
680006	73.2699613452
362048	73.2526843921
314641	73.1696559595
314641	73.1696559595
24779	73.0964783000221
317608	72.89525
100158233	72.8144
80878	72.760525795
363684	72.6289272939308
315600	72.4334
303165	72.306
311862	72.1893
282844	72.1575441376
307855	71.9550300008632
170673	71.9151955793765
297570	71.8035
362891	71.7865432195058
296634	71.6118
25511	71.3587
63847	71.3236428605517
50671	71.1129
114215	71.0094
365245	70.8475
360563	70.8099
303702	70.7177694740143
304670	70.6207677949
304322	70.5502010832315
361802	70.3782
294674	70.2573
24923	70.2385
54398	70.0031310672289
29436	69.9843
25237	69.9512
25430	69.8611
298859	69.7432388120141
679890	69.5864792008
24803	69.407237950217
25043	69.3921247792236
50677	69.3594
54302	69.3193447735
54302	69.3193447735
362504	69.2928
246274	69.119168326
140940	69.0712
83612	68.948118958
303569	68.8747061429
289026	68.8027779658823
84427	68.7296
289230	68.648465384
25344	68.5700623698
83685	68.4403
25430	68.3492
25714	68.3249
689852	68.3112
25317	68.2188
360533	67.9843
363662	67.833565948
300656	67.7967
361700	67.7300217195211
499308	67.5461198323
288512	67.2445223147488
553106	67.2282
500690	67.1676
65134	67.1457
64033	67.0159
84357	66.992
296653	66.9008
29344	66.5728
298071	66.5705
83518	66.51882795
114766	66.4826492485
408243	66.2386837008
94174	65.9582
310791	65.1632
192349	65.117959615
192349	65.117959615
29211	64.8872038062
310801	64.5619
60394	64.4947659851
85264	64.4184
300719	64.3705908691
84008	64.2938409710445
304280	64.1963044031
24412	64.080128281136
305000	63.9698979865
360678	63.9292
360548	63.844742527
29714	63.6292
84596	63.6004
260326	63.5359
361907	63.4742260141
291610	63.4260192752082
313352	63.2882
364855	63.1290719505
304816	63.1008458519
79430	62.9744
366169	62.9254319710814
64369	62.8435
296390	62.6122
24592	62.6066
500956	62.4997900154
301130	62.2260878029
366274	62.1233494707545
83624	62.0793046854935
295322	61.7878
301285	61.7813187948
303250	61.7388
58981	61.682012397
84496	61.5849
84496	61.5849
295401	61.5804129279395
65135	61.3828
297339	61.3222
310683	61.2411674891444
287532	61.201
140936	60.9016209437971
287462	60.8830254766
310633	60.6942
245982	60.6786318976271
65142	60.6715
309456	60.6239123560934
309456	60.6239123560934
305472	60.5714
309280	60.389333645
25181	60.3850281954916
81918	60.3465006388
309911	60.3283760132
304024	60.3246952441
305880	60.2494
58834	60.1888564147199
24629	60.0178867816463
362609	60.0113
58977	59.9832575408207
291133	59.9434903661884
308336	59.9068
297604	59.8456439739577
366126	59.74665
84354	59.5455
307973	59.1812580550772
171360	59.1375190364
313591	59.0287
29733	58.9691785646783
25245	58.7881325667845
25245	58.7881325667845
360959	58.753
688276	58.697293771177
80849	58.4332739214167
64442	58.3917261398
94201	58.366233546
24842	58.2699394324735
85254	58.2179
100911859	58.1935911872618
294014	58.076
116675	58.0638
290356	58.020057524
362107	58.0097
114612	57.9655
25528	57.9652896187233
171097	57.850816841
24772	57.7659765895288
293505	57.6382
303693	57.5962
362607	57.5214
362258	57.4823023089698
113907	57.346690694492
360821	57.3422898499654
50665	57.2990175646
680991	57.1018
500590	57.0790342475
84018	56.9463
684538	56.9187155619443
314416	56.840570713
294328	56.6773233598
366957	56.6077382484
301097	56.5634
171112	56.4901
29222	56.3179
303653	56.1993540312003
103691034	56.1657
302553	56.1275
296048	56.0942
29313	55.9472992352288
266762	55.8586
300744	55.8525
140586	55.7648076855161
25574	55.7372366682867
25574	55.7372366682867
310644	55.4855
304741	55.4154564124205
361509	55.3742230955
288109	55.2704
296478	55.2631
292724	55.25074405
498650	55.2429667012
498650	55.2429667012
295245	55.2375
25756	55.233
315744	55.1063
683788	55.0582361398
362246	55.0364
315159	54.984384537
366214	54.9664956688
306748	54.9600610775479
84394	54.9451558424
297867	54.9183
306071	54.8895057115
59312	54.8384253354144
294513	54.7816913314405
360896	54.6864
286923	54.6068964412
286923	54.6068964412
286923	54.6068964412
60669	54.58
361103	54.5129954891966
79431	54.3523198972
312052	54.0559
293722	54.0505
313024	53.9959
29599	53.9738119239396
362956	53.7594
287527	53.7054
24167	53.6878861006358
24167	53.6878861006358
24167	53.6878861006358
24167	53.6878861006358
24167	53.6878861006358
24167	53.6878861006358
362812	53.6867658105454
79425	53.6719535564
305471	53.6111
292770	53.5239
292770	53.5239
305471	53.4839
361537	53.3823
114089	53.3491
312781	53.2985144448
282838	53.249384415478
317715	53.2013
316256	53.1542
314384	53.034975288
79123	53.0060009747845
84573	52.8627
24832	52.8535
316620	52.825510793054
682902	52.7255451864
81813	52.6156
302913	52.5948
192126	52.5716673895
684516	52.5423
315136	52.5278
304204	52.5017
29466	52.4698
84400	52.4544
85275	52.4438
361783	52.3585
365398	52.2738057655
297392	52.218
65138	52.203602335
85260	52.0524299322
25172	52.0442
306562	52.0273154625273
301128	51.9902518441
58971	51.9433
304193	51.9261
287097	51.9047
287097	51.9047
25155	51.8780289522048
114107	51.8096
29424	51.7629627208
689414	51.7388
304474	51.7206967198
317589	51.6891
313644	51.542958332
24805	51.5184
113917	51.4049
685072	51.212227625
685072	51.212227625
685244	51.1959490524
362182	51.1855
116590	51.1535
309656	51.1357
363577	51.1034183461
292622	51.0902215360223
54305	51.0632687795
84550	51.0530026341939
365468	51.0077
303300	50.9958
84595	50.992900325
64846	50.924684536
364301	50.8634
498407	50.8283006815
304109	50.790518789
29459	50.7894
29153	50.5630268744
116676	50.5326
83616	50.5113
296167	50.0383629388712
288045	50.0
293056	50.0
311030	50.0
29340	50.0
25080	50.0
25368	50.0
84399	50.0
294299	50.0
