301309	99.36030586485
54278	98.35881458915
293067	96.7404487618
689890	94.99462778542
360602	94.9241612311256
83684	94.84912
29144	94.8213431807778
117280	94.1637
83824	94.1388811
317444	94.02248
313557	94.01698
311968	93.62242
313978	92.4917
365895	92.3021432871177
29631	92.02837
298573	91.4692
25469	91.03718
290794	90.84052
100188944	90.24687
100188944	90.24687
298184	89.9029
502902	89.6734
310090	89.6237
65195	89.3075567270354
295053	88.9768
297952	88.4208
369016	88.1648458034
114521	87.4660194844179
25665	87.3402
25665	87.3402
100158223	87.1069
312440	87.0885053065
294864	86.5047
305203	86.1494563765
361258	85.7909
361842	85.7089
117029	85.676
24398	85.2176
499941	85.0134
29553	84.8855
25737	84.6578
25023	84.5566
54287	84.5510420756
84510	84.3937127968
306998	84.2624
306998	84.2624
310375	83.9763
56011	83.7784
500616	83.3074761648
286910	83.1472
289693	83.0561
25428	82.7645
313061	82.4411
292925	81.5361
310745	81.4971009006197
299811	80.559747181
59318	80.5432
207122	80.19309736
308523	79.9395667148
29189	79.5646
289276	79.4817
360920	79.3654940134
292994	79.1773
313053	79.025
65195	78.9154729378653
65195	78.9154729378653
29546	78.8453
362152	78.0002846991802
80846	77.9525
80846	77.9525
287644	77.7309
29331	77.4712
500972	77.4189903222
24300	77.4115
309053	77.29
361523	77.0937
315352	77.0021
305031	76.9922917042
64513	76.9347
245960	76.893658603
313560	76.4732907225
304786	76.2496807794
25459	75.7059
25524	75.632
25524	75.632
25524	75.632
25524	75.632
367242	75.5643
311078	75.5331
361580	75.5323
24787	75.3033
363836	74.9117858611
313539	74.8511
192248	74.4048
365793	74.0812538458
300860	73.3039
314396	73.0593
25565	72.8208
25705	72.7667
64394	72.5000740029176
83523	72.0830412254698
63995	72.0458
302975	71.9198
362182	71.9082456515
502603	71.821
291023	71.8088
316482	71.7729622913
353231	71.6329
288108	71.4864
295347	71.4004
307039	70.9945801995
25485	70.7382378476
83765	70.6593
295327	70.4882
302489	70.3265
24626	70.2658
445442	70.1176
29554	69.8957859484
302302	69.7932
298071	69.1109
304809	69.0714
681178	69.0405
310341	68.6818775941
84391	68.6378
361921	68.321705882
84356	68.3071694768
24399	68.1132
290364	68.0406
306792	67.7257
361215	67.2115
245922	67.171
316304	66.9866
287109	66.8614
81661	66.5974
690262	66.5085
29443	66.4861
684097	66.0316
315427	65.999208301
292027	65.5808
291736	65.4254
59299	65.4023
682507	65.299698782776
293570	65.2245
498407	65.1005085761
314224	65.0398
25577	64.9463
292949	64.7308
362466	64.699097554
304569	64.6503299027
499561	64.5976
306571	64.4445480757
315133	63.7762
25650	63.4266
171146	63.0189
25671	62.8743
362665	62.7189
116777	62.3448
308571	62.3354
307986	62.0788
314704	61.9155
362733	61.8267
362733	61.8267
298648	61.7047274228687
81814	61.5442
298369	61.5131
360983	61.5115
304923	61.3975
81813	61.1733994477
499528	61.1186
360761	60.9897519712
303614	60.8247
25145	60.7147
310399	60.5797928308
79208	60.4713683328
308918	60.412
29591	60.32335
54241	60.2723
25249	60.2058
310250	60.1855604064
308060	60.1521
316575	60.053449972
310506	59.924413732
288353	59.7513758243
298757	59.0172
291921	58.928091952
296182	58.8584127552
289990	57.9281
313270	57.9119
25661	57.866
317368	57.8303
293112	57.6726
29158	57.4158
192280	57.2729
24888	57.0985276726
24888	57.0985276726
313163	56.7467346116
297455	56.4014
64547	56.3784
314543	56.2193
64314	56.0858052701
64312	56.0595
64312	56.0595
303016	56.0372
81818	55.8268
311575	55.8030110576
361055	55.7862
362734	55.2332
302363	55.06181428
361554	54.7318
312754	54.6315
293113	54.3345
24950	54.1216
29275	54.0541
498301	54.049083171
298867	53.9158
288692	53.8085
313717	53.5264
294790	53.407215853
362049	53.2511223031
288057	53.2093
291078	53.1869
24772	53.1314844316
296956	53.1174853506
360834	53.0114273318
295965	52.563
100361818	52.1929
25492	51.998
299714	51.7569823178
288778	51.5533
362264	51.5059
65165	51.1719
25532	51.1219
304881	51.0816
312777	51.0372
59303	51.0112753923
362918	51.0099
252860	50.9454067381
363243	50.9368
313409	50.1000924502
309478	50.0
317578	50.0
65054	50.0
117064	50.0
192228	50.0
363448	50.0
289094	50.0
296076	50.0
311622	50.0
