308709	98.6848336888824
29715	96.84068185852
29715	96.84068185852
29715	96.84068185852
29715	96.84068185852
29715	96.84068185852
29715	96.84068185852
29715	96.84068185852
29715	96.84068185852
29715	96.84068185852
303292	96.7146500863109
260327	96.1158640763041
353229	96.04364
313027	95.5379644619423
140665	95.4516518036767
313594	95.3813515960754
313594	95.2834529607557
65023	95.2802341618545
65023	95.2802341618545
65023	95.2802341618545
65023	95.2802341618545
84409	95.1679058551884
113970	94.9507581508
292044	94.39023
407784	93.56211
303351	93.09761
292878	92.7426993396
362931	92.6544
79435	92.57439
305889	92.5257871734315
84550	91.8055357496
64471	91.77378
116664	91.4366463448
288700	91.323954628
287545	91.2140900812
313647	90.87575
257645	90.66568
361431	90.55658
366568	90.52449
56806	90.39788
363122	90.24068
304900	90.0490095453355
29632	90.0088161526
171438	90.0078601278
302488	89.9358724832
297893	89.898
116741	89.8660042862
64356	89.7675
362520	89.7657
29175	89.4464
305884	89.2978
361503	89.0175863548
171494	88.35585
140734	88.3367562735561
287418	88.2766
307401	88.230805135699
81504	88.194
303836	87.752
289026	87.6953
311437	87.6473062390315
288717	87.5456
287383	87.2672
360632	87.259253109
64553	87.2585
289883	87.2569
64134	87.19500043
293135	87.0204172244513
29525	86.4007
296706	86.3425
292087	86.0705
360855	86.0108
84396	85.8324330635321
499157	85.7411
316794	85.6844
313418	85.4593
313575	84.8672
63996	84.4677
81812	84.4412
114850	83.9145
361251	83.8666183483
306764	83.7219
363135	83.5449480041
363412	83.5247792804827
25054	83.5209104752
301363	83.2997
289264	82.9460818605
362434	82.8253
24213	82.6233984887682
369016	82.482197851
363519	82.335209818
313048	82.2317
298577	82.1362
691478	81.7373
24949	81.5824824942
365751	81.2291116156344
24949	81.0987255725
404783	80.9249
24694	80.8292
25337	80.344883948
25744	80.2890766851573
64358	80.1856293245615
362018	79.7103710078294
24827	79.6931182078422
83506	79.4953
260324	79.3222
292994	79.1836
25113	79.0514728606
312727	78.9586239566874
307491	78.8578
305434	78.7997
64017	78.7617
304741	78.711194418482
307652	78.6515126729065
362339	78.587201273243
297514	78.4198
24848	78.3826
54276	78.3413190698336
362281	78.2717
83785	78.1079856767949
100361818	78.0187126241331
494343	77.5798
24460	77.1817
308652	77.0358
313512	77.0165666517511
64678	76.9035
308523	76.8555802108
29592	76.6835
83785	76.6627003296568
83785	76.6627003296568
83785	76.6627003296568
83785	76.6627003296568
83785	76.6627003296568
83785	76.6627003296568
83785	76.6627003296568
83785	76.6627003296568
83785	76.6627003296568
83785	76.6627003296568
83785	76.6627003296568
83785	76.6627003296568
362359	76.5439
360750	76.5147
310635	76.514
300221	76.3455
24214	76.0426
365567	76.0331927932
56611	76.0028
291921	75.9397
291180	75.8117
291703	75.6542
117284	75.5717
65096	75.5467
315760	75.245961978
308864	75.0838072762
303067	75.0223
296410	75.0095
503269	74.9414
83764	74.680345297
83764	74.680345297
83764	74.680345297
85428	74.558169616
83589	74.3944363858
64543	74.3276
83825	74.3256713152205
295105	74.2724515779
315216	74.2714
308899	74.0449920150786
308899	74.0449920150786
287361	74.0415623766614
25441	73.8612
25054	73.8385438069698
29492	73.5624
316611	73.4066
64630	73.3485
361843	73.2321542265323
117524	72.8956
56817	72.757935808
56817	72.757935808
56817	72.757935808
305482	72.715670928
116467	72.6395
84394	72.5859
114700	72.5853469615
310633	72.534063295
246248	72.4765567348
25743	72.2583437599452
688717	72.1793171474
312711	72.0759229628863
24499	71.8156
683613	71.7556
25634	71.6713
288364	71.6370263666
117556	71.4881
363985	71.3908
296956	71.2421
311903	71.1370355224231
300030	70.8353
362741	70.7658495594
305471	70.6383
171135	70.5987025224439
498226	70.5413873986
63837	70.1149
63837	70.1149
361044	70.1106043785202
252917	69.7976
252917	69.7976
171018	69.7901
171018	69.7901
171018	69.7901
362263	69.7635313552
362242	69.5276750012
311617	69.4628767955
297867	69.4109
305851	69.221
362665	69.1127
310969	69.0274
29619	69.0089534476
308988	68.837
362304	68.6035
360272	68.5842
83626	68.5329531922915
308846	68.4419
315648	68.3810278984
116590	68.2421708196
303206	68.0987046511
292728	67.706
292844	67.6784
288599	67.6529940252
305956	67.4565301733732
294810	67.2021
83801	67.1322016796
114104	67.0825
289095	66.9246
100310874	66.8695797754
408243	66.8553279136
316233	66.7309
117271	66.6531527097931
311637	66.5258364717615
29245	66.4860002908
293950	66.479318863
302424	66.186693574
24600	66.1248
304813	65.9927999829535
83627	65.9783
303135	65.9398673134
79215	65.7604
307482	65.7563
192178	65.6479614310822
29582	65.6428
314436	65.4471
500987	65.421
304784	65.3191366521029
311508	65.2873
315617	65.2441406425
84354	65.1925
300078	65.1558768331495
306765	64.8634
304410	64.8285030115358
498575	64.7731
316740	64.6372
64152	64.5499937112
81528	64.4903
294679	64.41
310855	64.0907
310663	64.0611
313981	63.869
362788	63.7468
680717	63.7256
25024	63.4919
81515	63.4633274099769
81515	63.4633274099769
64204	63.3376
64204	63.3376
64204	63.3376
64204	63.3376
64204	63.3376
64204	63.3376
64204	63.3376
64204	63.3376
64204	63.3376
64204	63.3376
64204	63.3376
25049	63.1152
252919	63.033
690528	62.9395
362713	62.8801
300674	62.8750876612
25342	62.8366323397884
290668	62.812
29423	62.8117
54295	62.7268
313838	62.6592
691429	62.5148235034176
298384	62.4034
65135	62.3425301564
171434	62.2299
246271	62.0034761424
304809	61.6988
360616	61.5450615409
85256	61.5326
25012	61.4597
25012	61.4597
25012	61.4597
301062	61.4177365171774
303068	61.3316455804
114517	61.2583568367
65195	61.0121
303586	61.007953582
690244	60.9769
314288	60.9158724296
360718	60.8212
83515	60.8139
83472	60.7758
364081	60.7680432724
54300	60.644123220521
314273	60.3684
246142	59.9478
301245	59.9269
315345	59.8081052812
362287	59.6145836352
291689	59.4642
81519	59.281517485
65195	59.2397
65195	59.2397
290668	59.176073734
304474	59.1484
301119	59.1437
303298	58.996569018586
287818	58.9914
246282	58.9234
170905	58.8473
303803	58.8449
54281	58.6319198746199
24681	58.4610943246
24684	58.3787
85426	58.3178347139379
24174	57.911152783
306009	57.897849338
24804	57.8596
361400	57.732
25593	57.708789922
64666	57.5286
313834	57.4005
296161	57.3003145954
50567	57.2966
50567	57.2966
305367	57.189
361171	57.1621
300666	57.0683879284
114210	56.9048
117855	56.8936213281
305897	56.6934
29602	56.5997
58974	56.5785
266761	56.5783031836102
309544	56.5487963338656
24851	56.5158890566
24851	56.5158890566
24851	56.5158890566
298867	56.4782771922
366265	56.4555573440255
50560	56.3538
313020	56.2830854398
64364	56.0835344532
362942	55.9476737912
308795	55.9285
25069	55.7876493245
303468	55.7592
362527	55.6843
290235	55.6649
361705	55.6418
498286	55.6373
362972	55.6066
311450	55.6024
260326	55.5916
302612	55.5082
54227	55.4518
310395	55.3935
366734	55.391
360492	55.3406
29622	55.2243
306007	55.2078
83781	55.1467
362867	55.0894
362049	55.0213
499882	54.8571956002
25561	54.7779
500972	54.7676564608
499653	54.7137
257644	54.4798661849615
301086	54.370716047
56084	54.2767
25610	54.2223
84573	54.2186420308855
29613	54.2048
29613	54.2048
29613	54.2048
29469	54.1328902801866
297173	54.1284
192270	54.004966515
313216	53.9679
360775	53.9068
29134	53.8516
29295	53.803
686117	53.6000257959
362759	53.5369982803215
295251	53.5206
85246	53.5167271552
300679	53.5096138609
306127	53.4661
292686	53.4638
79463	53.4391282636
303830	53.3745
361618	53.2865738258986
310653	53.18
308468	53.1358
299201	53.0772101576702
361842	52.8725
24782	52.8488
305103	52.8416
360915	52.7836
314862	52.7187
311165	52.671692312
296372	52.6254
300341	52.5659
296954	52.4686
25325	52.4412
498392	52.314
362630	52.2281
362715	52.1525901084
24172	52.1007314275
246272	51.9332599225
304322	51.810607672
117257	51.7119
315170	51.5251
316077	51.4541
300664	51.403
311591	51.3288
297025	51.3237
313551	51.2814
310506	51.204
314388	51.1530849388
292999	51.1457
25537	51.1228
266600	51.0897564628
83576	51.0248469486
25718	50.9893
314442	50.9887
685232	50.8416441373
361700	50.754622983
117043	50.5927
314388	50.591291603
361822	50.2706842444691
362697	50.2510683945
306873	50.227252469
308434	50.165823556
295669	50.089237128498
363115	50.0333331865
24334	50.0
317425	50.0
311144	50.0
114499	50.0
266674	50.0
295384	50.0
114100	50.0
