294018	94.12906
360709	93.63604
361745	93.6072420192
312890	90.3414113274
303310	90.01466
500651	90.0130612816
287562	87.8764892281
299971	87.3786
295053	86.6607
29627	86.5209344672
29627	86.5209344672
291019	84.903
317256	84.889
362011	84.4002
64124	82.9241308624
24408	82.895
24408	82.895
24408	82.895
24408	82.895
300944	81.51
361103	79.65356164
500112	78.9644
79212	78.4207
500761	77.7801
29722	77.4539
312936	76.4189308192
302396	75.450730271
302920	75.3241
304125	74.1378
56011	73.9981
306404	72.7435
50552	71.9771
311137	71.914
291699	71.5053
310341	71.0827
303439	70.9466
84010	69.9311
25643	69.4522
81574	69.4498
307382	68.8193
308598	68.792
83497	68.4266
297357	67.8083
595134	67.7158
287722	67.0565
29554	66.3564
310250	64.4594628085
365948	64.0519
287876	63.8388
252963	63.4602308086
25517	61.6253
295686	61.6137
24451	61.4811
25203	60.6647
114522	60.2638
498416	60.0746
309888	59.2579
364081	59.1708319831
80897	58.9672
313438	58.5831
360650	58.174
360917	57.9241
25128	56.7839
29597	55.8162892077
680445	55.1033973442
301618	55.0981
366894	55.0775
360958	54.9961
360958	54.9961
25309	54.8592
691429	54.6704106179
84409	53.8523913156793
306252	53.054
362409	52.8185
310659	52.7349681325
117557	52.505
25671	51.9908
313471	51.9863
680609	51.7941
296968	51.69
310681	51.6581
313242	51.4643692696
315741	51.4219
363735	51.2338
64440	51.0821
303518	50.4724678012
294074	50.0
317630	50.0
