362835	99.4830810040884
313594	98.3133070970327
313594	98.2192886986136
84354	93.74792
78969	91.514448862
316008	90.9674
60568	90.0226423132
54299	89.6579
362850	89.306
365842	89.1235
310261	88.9844
502902	88.6538034383
304474	87.1610344118
24423	86.9135998429
362220	85.3186
25721	85.0823
24377	84.9919
29181	84.9614
58980	84.3605
24660	83.7785
24392	82.354
81574	82.3467
362911	82.1737991593
298598	81.88
361467	81.1649226936
171045	80.7771
304758	80.5323508041647
140940	80.2136541945
619580	79.3416
301513	78.9769616322
64373	78.5065
308267	78.301
25627	78.1661
313772	77.5226
81738	77.1818
25492	77.0694
24942	76.9379
24784	76.6867
117270	76.2616
293669	76.0497
298288	76.0199
291439	75.9483
114203	75.5762
289201	74.6693
25639	73.8666
287522	73.789077925
302492	73.6399
298787	73.0463
293488	72.5754
314432	72.3139
24767	72.2873
363067	71.9631
94174	69.3349888582
315953	69.323
24215	68.5102
312316	67.9502
301737	67.9267
81918	67.3831774714
360886	67.0216
362316	66.7511
312754	66.4974516904
29694	66.1240387873
79123	66.0484
307660	65.5564
287275	65.0802
307585	65.0168
297386	64.9301
363115	64.7457
140581	64.286
303518	64.1005281064
305941	63.6855
24256	63.4581
24256	63.4581
363455	63.0117
303342	62.6343
24174	62.4505297052
361970	62.4382182415
362792	62.2659
300723	61.7874
363578	61.7783800272
362283	61.753
59322	61.7454
54248	61.01
25743	60.8790715322639
316524	60.17
295284	59.9136
301309	59.4595
287873	58.9469
311984	58.7135
25735	58.5512
25735	58.5512
25735	58.5512
29747	58.3596
83613	58.3594
286932	58.2924
313128	58.2792
314157	58.279
685474	58.0591
685474	58.0591
685474	58.0591
25704	58.055
245956	57.7865647917
289424	57.451
365227	57.3243
100125370	56.6087
24575	56.6026130288
24575	56.6026130288
24575	56.6026130288
24575	56.6026130288
24575	56.6026130288
24575	56.6026130288
290668	56.0670464992
304741	55.9267902731919
404783	55.907
266611	55.5273
690966	55.2779
362700	55.1903
293561	54.8002053925
317444	54.764
81744	54.7326
85426	54.6368581712
363084	54.5359
363001	54.4738
314613	54.0454
498301	54.021543326
114100	53.8443
313056	53.2714
24162	52.9799
29463	52.9362
288353	52.842552364
302473	52.8167
64646	52.5499
298555	52.4854
266780	52.3208
360650	52.3005691772725
306506	52.2785
288150	52.1439
289311	52.0522
117241	52.0496
362665	51.7851
64471	51.7139044
304315	51.4291102086
361568	51.3975
24887	51.2204
315639	51.22
315949	50.5692
294269	50.0
289546	50.0
361517	50.0
305464	50.0
29573	50.0
