192178	99.457231752082
252961	97.9027266814
252961	97.9027266814
310261	96.1776214458654
311968	95.15781
313994	94.87202406911
100910318	94.7454
100910318	94.7454
314399	93.90466
299909	93.567210427
63852	93.40215
64709	92.75575
314785	91.8110657462
311952	91.7404499416
311952	91.7404499416
287927	91.3809683256
287766	90.9561
500430	90.2413856450199
304150	89.4947491249
309804	89.38464814
25445	88.8177205
309478	88.8056308808
309514	88.7445060322141
291057	88.6985
117287	88.1177
56010	88.0749
313742	87.8179
287776	87.7211
25340	87.7074
170911	87.2384
311311	87.0462
116839	86.9347
116839	86.9347
432358	86.719636891
24962	86.5740771728
302502	86.4967856239
114767	86.4926
309227	86.2659085644232
315423	86.056661917
301458	85.3694
288108	84.7229089416444
140914	84.3732071071
29560	84.3323
81682	83.7311
298894	83.6390280364
302470	83.4383
298184	83.2867475932
246237	82.9752
314310	82.8053
29629	82.7794
29629	82.7794
25336	82.6238
308939	82.1956
25202	82.0299017079043
311901	81.7300785288
310506	81.2710364978
315804	81.2575817721485
78961	81.2247
60427	79.864561999
60427	79.864561999
315548	79.2625
292810	78.873
171335	78.7626074443
300782	78.3351
64043	78.2938443527606
361309	78.0076
690693	77.9667
313477	77.78865
24666	77.6773
307526	77.674706263
366203	77.6005
117024	77.4135
296060	77.3446
309126	77.2626055327
315891	77.0242
311328	76.7626
54284	76.6928
554172	76.5583
310669	76.5164
117520	76.4997
117520	76.4997
117520	76.4997
63994	76.0777
63994	76.0777
294014	75.994089054
308971	75.9279321275
304431	75.6649
302378	75.6457
79211	75.6283
63994	75.4504
63994	75.4504
304579	75.4124453044
313782	75.3854
311478	75.3568878464
444986	75.3361884507
27080	75.0575
360600	74.7978139656
362295	74.7394
299738	74.7027
25145	74.5753
171138	74.2457
117052	74.2128388277
81761	73.7053
365699	73.4178
310086	73.2995
365972	73.1242
50599	72.8045
300173	72.1573
307296	72.0107
294410	71.6453
116670	71.4622
315686	71.328
79208	70.8249222309821
313840	70.7667
294504	70.5374
59325	70.431
444985	70.2382
308761	69.9107
25049	69.2243
305895	68.8316
24379	68.1443
360920	67.9165
29627	67.2524
29627	67.2524
171434	67.1295
24882	67.0384920512043
24420	66.7075791268
314824	66.5197
314964	66.241553342761
303311	65.9166
367714	65.643850554243
360983	65.5153
83588	65.2335
314548	65.0312
314196	64.93947526
309035	64.8634
100361376	64.8112824472
304037	64.5755782572
59318	64.4847
307820	64.1792982524
308283	64.0577
298884	63.7797552358
362876	63.77
295395	63.5881
304012	63.4811173548
311419	63.3788
306941	63.3083
78956	63.296099612
259273	62.9183
29534	62.9127
296577	62.8506668884
295490	62.5996
290947	62.482
361213	62.3223
306404	62.2481
686295	62.2109388914
362078	62.1623550046
311146	62.1275
292462	62.1183
29365	62.0357
25351	62.0165
309051	61.9973
170902	61.9066425778
170842	61.8252637951
691431	61.8146
288174	61.6695
301337	61.2079833795392
365802	61.0024
310461	60.968
29324	60.9609
29382	60.6949
102554884	60.5587347157
54296	60.311
290551	60.2121
304546	60.2075
290364	60.2032
301309	60.1924
503269	60.0766
54244	60.0059
113882	59.8982053552
474154	59.8357
306351	59.7302
500244	59.6817
310190	59.6815
170845	59.6689
81652	59.6658
100362431	59.5896536071715
290315	59.574256016
287275	59.3127
113906	59.1071
288306	58.9933
317494	58.9858
64551	58.9779
64551	58.9779
315639	58.5431
59303	58.1717
292536	58.0407
362700	58.0245361924
54284	57.7379
362418	57.7082653547271
287622	57.4697
304005	57.2385816271252
313352	56.9525
619440	56.8966
171116	56.7679
140720	56.6798
304023	56.4615570351839
315189	56.1221
296467	55.9874
302492	55.8946
171102	55.6895
64678	55.6549
297504	55.631
64624	55.5957
83515	55.5302
288108	55.4126
360950	55.2031571575
295051	55.1119
303346	54.7692
306945	54.7363
296199	54.7103815485
304542	54.6032
60465	54.6019
81529	54.5747
64667	54.4061
25478	54.342067784
365948	54.1507
25281	54.034
84016	54.024
192179	53.9239
25267	53.8598
689116	53.8424
305311	53.7409
304920	53.7353
310378	53.6542
361262	53.4946395196
313409	53.4484
689883	53.3052
680319	53.1561
313981	52.9419
282585	52.7755
497009	52.5456
192270	52.3735
24908	52.2653
304315	52.2179
286973	52.2055
29448	52.1037
500112	51.8642
83685	51.7111
289584	51.6763
291553	51.6743
304017	51.627
24642	51.575
63879	51.5263
305497	51.5034
362733	51.2883523829332
362733	51.2883523829332
289657	51.0142
25743	50.6363153162527
313387	50.0
113956	50.0
252920	50.0
300811	50.0
100361733	50.0
291019	50.0
24914	50.0
681024	50.0
