25157	99.192451051253
171407	97.8920948231
288308	96.5816000578
260323	96.326118610804
294718	95.95973
260323	95.53385403247
116665	95.43034562476
266809	94.62142
686999	93.97133
301489	93.94878
24666	92.48987
361442	92.25582
306817	92.1329273166
360797	91.44312
367252	91.1201200222
367252	91.1201200222
291328	90.91461
306129	90.60822
114247	90.3591
294809	90.2029354080046
83477	90.05713
310086	89.714
362018	89.3981910306389
116554	89.0029224237103
301511	88.9793
29393	88.7268
360917	88.7090577243939
100362431	88.1742
303801	88.1186
366975	87.8977726166
308864	87.1358194896315
690254	87.056603368
301346	86.6051
304109	86.3331
288108	85.8322
313729	85.7899347044692
690262	85.7617746625
83684	85.1168
25744	84.9831591178808
298012	84.9507
287884	84.9159445324
25701	84.7769
117029	84.6336
310806	84.5028878056
361688	84.279950554411
84409	83.9519592601287
361309	83.6811
304284	83.5682
25205	83.0436
29577	82.9206
317464	82.6691458874
25743	82.5982606904911
294091	81.8295
116658	81.5426075575
306659	81.5193
83469	80.9862867850139
362463	80.9490711576
362578	80.893
362578	80.893
302492	80.8524
289623	79.9205995863413
361632	79.6027574512
306127	79.181342348
113959	78.9828
290722	78.9369
294456	78.886650374
25027	78.7744
25605	78.6141
493810	78.515188736
305922	78.457
302396	78.1866873625153
60443	78.0960261766
60443	78.0960261766
60443	78.0960261766
498642	77.6271
299139	77.5989258311
302697	77.5767
362317	77.4291
499929	77.0716
301374	77.0438526625
298874	76.3822
29391	76.3591
300677	75.7982
89784	75.764227077608
500569	75.5033
294408	75.324562297
64521	75.0466
293059	75.0384
84416	74.9235
307039	74.4424
315707	74.3639
303016	74.023387226
24558	74.017
304074	73.9487
432358	73.8499
494445	73.65565
312052	73.3131
362530	73.0898
307271	72.3292882324
308794	71.9636
360891	71.6845
312054	71.3183
311171	71.2501
303754	71.1129474753
29201	71.0477876044
25285	71.0278
24192	71.0252
361755	70.8608
293960	70.8163
308267	70.6899588935
84010	70.5563
300880	70.4808
312828	70.4390288099359
306695	70.1872841146
317413	69.8121
313352	69.7185336091
300173	69.6356124651425
365895	69.5733
314859	69.5242716143758
308021	69.4361
84600	69.234106511819
293129	69.1466
286973	69.1377409971476
361295	69.0877
300813	68.9794
304124	67.7642
315833	67.7571109595155
288447	67.7054411448
24161	67.3781844456078
24161	67.3371885093412
305083	67.2355
361627	67.1839
680445	67.1234420194
83825	67.0518978688
309871	66.835609255
311494	66.6418
316021	66.4804
24944	66.4722
313308	66.084
309031	65.8445
65276	65.7511
155430	65.6504
192350	65.4518
246262	65.0052
304157	64.5641
24772	64.5255031344
302680	64.0097
54230	63.9415
363854	63.9151
314310	63.4147
25482	63.1221
364785	62.94803549
295663	62.8969
308265	62.8612889291086
310352	62.693297587
314964	62.6436237856
309858	62.623162562
619382	62.4852
140923	62.3054028222274
499356	62.2979
100125373	62.2581
360563	62.0882
293112	61.8947488006
312675	61.855998771
294030	61.8312
304807	61.8117351996
24379	61.6391
304850	61.6133468968
497902	61.5375
83689	61.4708
293526	61.3499
24772	61.2354043232
171296	61.0966
305373	61.0146
317324	60.7679
113902	60.7265883568
171485	60.6419724837203
84556	60.4691
25405	60.3255
314704	60.014301442
58940	59.9289
305984	59.8381
304488	59.5343084366
295678	59.4857
81830	59.445882132
362520	59.422
171366	59.168
498440	58.7714
501099	58.712365288
64440	58.6479615274
29381	58.4276
117259	58.4259
287942	58.2611485854
116644	58.2388
315615	58.0186
84410	57.9496816160288
292622	57.9068
291464	57.8131
25615	57.7487
305479	57.6543
310506	57.6368293224
308000	57.636450226
25648	57.5089
312678	57.462393278
680229	57.449264392
29335	57.2417515348
24699	57.1437
24699	57.1437
24699	57.1437
24699	57.1437
24699	57.1437
29335	57.0826343872
287275	57.0672
297989	56.9790772820209
282585	56.8466272408
305544	56.8043
303164	56.7387817984
305835	56.64385
298184	56.4441
64469	56.4025131544
295264	56.0763863416
290775	55.9927
305268	55.9233
298690	55.8376
246152	55.7088
301337	55.3702702394
363735	55.1695
29495	54.592431334
287607	54.3996
60586	54.3427
297525	54.2092
309164	54.1683088038
314830	54.1384
287474	54.1291
364712	54.1126633195
297481	54.0785
65029	53.9871
117544	53.9321
315345	53.8828
309053	53.6174026654
79223	53.5369664325
313477	53.446602684428
291653	53.2255
310960	53.1593
307098	53.1248
360762	53.0625
314630	53.0611
313348	52.899
619393	52.781
24942	52.6773
192109	52.5464139904
314862	52.4200462468
308322	52.3408744334
500040	51.8785
498545	51.7816
498545	51.7816
299197	51.4536
302810	51.2639
192350	51.2055348162371
299104	51.1476
685232	51.1008932344
366624	51.0642
286931	50.9612786112
308971	50.6962983088
114093	50.6146
299811	50.3237054650661
361814	50.2864801572
114104	50.0
296762	50.0
