316216	98.9015399432769
295647	97.0682826079
24300	96.27498
305974	95.5207337089728
292584	95.3871415512153
290046	95.38022834884
290046	95.38022834884
290046	95.38022834884
25187	94.797907208
361523	94.6396
63847	94.60287436867
170636	94.45134
25095	94.2228084735031
301555	94.18075
297893	93.41607
303586	93.1739465597825
362599	92.40295
362185	92.39762
81808	92.1684691144
310743	92.09438
361801	91.97951645218
294408	91.83818
360584	91.62848
80773	91.61265
291133	90.9154389605
289632	90.62236
360917	90.4579281046
300514	90.2572503100481
25537	89.8371477422
100145871	89.523
309544	89.1008
302415	88.2744
29629	88.0479
29629	88.0479
317395	87.9467
499870	87.8653686773
303394	87.7241
363292	87.1197495564992
302969	87.072
296981	87.0649
50577	87.0044808425
291770	86.6763
65180	86.6196
299938	86.4711
304592	86.4664
304817	86.3066
499933	86.2036198528
293113	86.1995
80881	86.18190922
64394	86.178077700125
360983	86.0116738264
292739	85.7709
360820	85.683
292406	85.6673
292124	85.4033383867901
683626	85.3431875598
25230	85.2910488742
170924	85.0578
24248	84.8321
295568	84.8126
362766	84.7509
117272	84.7272
298098	84.4265544354
304815	84.3199
303499	84.2307
298084	83.7114302998
498332	83.6619051178
312192	83.6568612689377
117556	83.291
59103	83.1889747872
313512	83.116
500282	82.9866
291450	82.6228
362591	82.6015381906
315211	82.3647
312828	82.3284058113974
24604	82.1891
500616	81.987275642
64824	81.8087807620252
365748	81.7258
315272	81.4468712640868
24273	81.2975
24273	81.1944
287527	81.0996
64185	80.594804134
117036	80.3700964615549
315795	80.3135677992626
362489	80.297
288740	80.2103
311909	80.1031
499924	80.0946
192180	80.0106
314265	79.9011761185
294012	79.479555595864
246237	79.0932
363153	78.8967
246282	78.3155232875
296474	77.961628641
282819	77.5315747932818
311558	77.4778
25318	77.4311965426
287357	77.4231666277428
171152	77.4149
245955	77.0567648815
25679	76.5437473054
29726	76.42790317
54305	76.3708
314904	76.0286
24603	75.9518684416
301012	75.8272930861
192350	75.7567
293860	75.7232625364
266600	75.0788836854
311622	75.069953892773
313874	74.9486490208
246274	74.8918
25479	74.8766
292301	74.8638
296162	74.645851942
259241	74.5158
299511	74.3005471851951
313969	74.0584
192147	74.0063
25439	74.0041822806
500651	73.8485
306994	73.6907
362264	73.5485252
282845	73.5309
309586	73.4897
306790	73.4383081888484
298500	73.299138589
155268	73.1536
299940	73.1488
84509	73.1272
288264	73.02984625
288264	73.02984625
170538	73.0103
293142	72.8122
25601	72.5716
24414	72.1024
29592	72.0803900386004
290668	71.9889564961978
25565	71.6096
307270	71.4323
156435	71.4120787085
25742	71.268026632
307016	71.219416668
313825	71.107
24644	70.9127111331
293048	70.8133
296956	70.6965451460502
287899	70.6783
366568	70.4338
360869	70.4226165008
309456	70.2966955172
309456	70.2966955172
83685	70.161
64547	70.1156004548637
79011	70.0321988224
171447	69.9955
89809	69.9911
306251	69.9234
553106	69.8838474876714
289727	69.8692589711631
306274	69.8560426797149
361659	69.8329
303918	69.6974630878
304670	69.6035
314349	69.5501
361674	69.4667736435
25478	69.4152
309172	69.3872
64152	69.1485154499011
24547	69.1217
24217	69.0048
29606	68.5589
311726	68.547468799412
25230	68.4844887922
311655	68.4047
498328	68.2299
292130	68.1106046263299
365842	68.0985
300652	68.0446676369554
308361	67.9212097588
64566	67.8436684183
300799	67.6756
299194	67.6555
293050	67.0779
301737	66.963
298576	66.865818442
500244	66.7865907988
293184	66.759
362923	66.7396
309082	66.5205
29745	66.310240278327
500418	66.2870791062
314157	66.1054
315949	66.078
501083	66.06475516
307382	66.0606403346576
314894	65.9478633733
313409	65.8291
291610	65.8116344810785
170819	65.7765
689414	65.7723300465
361565	65.7088
312728	65.6655
315904	65.6232439966
294862	65.4567
288702	65.3628660713264
54284	65.2656
500348	65.1916
54284	65.169
117267	64.9234
24165	64.8314
366894	64.7814274966
309514	64.566
299204	64.5232944237
312656	64.372085160541
500132	64.1797693428809
316101	64.0057
307500	63.9642026197
299206	63.9575
171122	63.8591
294429	63.614
308765	63.4386480092
25416	63.2307823764
360855	63.1446
246760	63.0799846347
25524	62.9549
25524	62.9549
25524	62.9549
25524	62.9549
362862	62.9347
498728	62.9229463712
85243	62.7811
83765	62.662
117547	62.2889
54251	62.2476498098907
690911	62.2167
315666	62.1749
360761	62.0349885464
362731	61.972
25415	61.892106561
501923	61.8358709025
300173	61.7837085112
117514	61.7324997688
286918	61.6292
306868	61.515
316482	61.4856
498351	61.483726603
299647	61.41335
113959	61.1573
25693	61.1324
298867	61.0782847588
361736	61.041
297486	60.966617248
65272	60.9233
399684	60.9103
116839	60.8088
312647	60.5996
306261	60.5753
360593	60.4419
304799	60.413978164
294518	60.3935
54292	60.2654
315863	60.2608
29259	60.201
24414	60.01
294606	60.0087
315073	59.9217072679
170917	59.8815415312
29755	59.8184
362814	59.7618728746
65153	59.6705
83502	59.6098
100360066	59.5506
300445	59.4947
64157	59.3688417092
361437	59.2678
502902	59.0277
24908	59.0266
116720	58.9252674025
24923	58.6426
24170	58.5462220355408
64154	58.2353345173
103691034	58.178539372
24183	58.1086794499
311163	58.0708
499725	57.9299
308410	57.7561
363194	57.4988
297504	57.4387766681057
24167	57.3933430674708
24167	57.3933430674708
24167	57.3933430674708
24167	57.3933430674708
24167	57.3933430674708
24167	57.3933430674708
363278	57.301
83628	57.2726
308215	57.2475
81649	57.0446242334
64161	56.9753
84402	56.9400990129617
682105	56.935804797
366169	56.8416
289034	56.806
81526	56.6591
306571	56.6256185992
304913	56.4691
24973	56.4641134234
79208	56.3269
309607	56.1854340322
309607	56.1854340322
294804	55.9388
303701	55.923778428
24974	55.9132736452
294981	55.8637
289230	55.7192637816
84482	55.5712
300032	55.4527224702
81520	55.4311936336
289595	55.36835
302421	55.0113
50659	54.9765
291670	54.8953
64474	54.7655
192280	54.6562
59107	54.6496
24806	54.646498732
24806	54.646498732
24806	54.646498732
24806	54.646498732
301617	54.5597
685059	54.5218922158
685867	54.4049
690516	54.3843
303070	54.3263989248
311903	54.2741
296500	54.1907
81504	54.1085379105236
192178	54.0009470296
306748	53.8891
307585	53.8162
24831	53.7299403535
26295	53.6346
364838	53.5864373976618
85267	53.561
302935	53.415
79245	53.386855111
315664	53.327559592
192675	53.1895175463557
29364	53.13
399489	53.1173067927873
29524	53.084
688405	53.0263
286973	53.0151309859
296188	52.8602
171571	52.811591966
81531	52.8016
27080	52.7542
314644	52.7538
362721	52.5972
303068	52.5816095277381
311494	52.5025
171341	52.4841
361063	52.4541
24790	52.3875
192235	52.2879
192235	52.2879
246311	52.2725543518
25012	52.1679
25012	52.1679
25012	52.1679
192181	52.0867817192
360967	52.0586
83507	52.0314
360677	52.0089
306720	51.9409
24948	51.8741
114598	51.7835
311165	51.75
500318	51.6799
29618	51.5795
54264	51.3846
117103	51.3708744745
691429	51.3606
312440	51.3579
290829	51.2742
29546	51.1928
297601	51.1223
81636	51.1017
289229	50.9942286778
29555	50.9843506259703
65185	50.8393
305922	50.7813
299685	50.761029652
114850	50.6483965608853
85385	50.5938
85385	50.5938
298850	50.5136183315
65208	50.4373820035
303212	50.3959917427
100361294	50.30862616
116491	50.2212841932702
298607	50.0909955103
171143	50.0491130052
295378	50.0
311338	50.0
294674	50.0
114613	50.0
171164	50.0
361970	50.0
25743	50.0
289783	50.0
298410	50.0
