25314	99.7592795561575
116690	99.6688034217568
116690	99.6688034217568
116690	99.6688034217568
116690	99.6688034217568
363249	98.8350800558336
192178	98.5394125112929
366964	97.1189637526047
304670	96.7146925593169
25666	95.71628
305826	94.8191322781173
84686	94.2795755751539
304376	94.1165493170375
260323	94.0526656322205
266764	93.69483
293886	93.68965
64634	93.4483313770766
260323	93.4104627186783
303559	93.2093759872
266805	93.089452419
170922	93.07702
308577	92.5502764166556
83466	92.33694474022
315639	92.15255
498704	91.6439835674636
680423	91.45684
680537	90.80244
83612	90.7365835104531
287109	90.5661743313894
311839	90.1555407064
315996	90.10954
289201	90.049813346
24335	89.8805
362115	89.8452691672168
282843	89.7965
310538	89.5664505952
302965	89.3008419874
307410	89.2852
83629	89.2119904499
29495	89.1832923266774
302415	89.150334222781
360576	88.9235935614204
116777	88.7855
299199	88.6392086098
29516	87.7186332836164
316333	87.667228864
24883	87.2647
499941	86.8907
364052	86.8305249802786
84491	86.6813
312258	86.593
65096	86.3781511024
286898	85.8961757077818
84360	85.8128573407
84491	85.7634
310780	85.7145
497991	85.578786797
309447	85.2951
314323	85.236763169404
293701	85.1769
302920	85.0608508825
114903	84.9936
65193	84.9409004544
360838	84.8448
294276	84.8047
296710	84.511249051
289392	84.3843991225
78958	84.3276224528
361986	84.26519168
24410	84.0507
361555	84.0488305623
494500	83.9771
494500	83.9771
494500	83.9771
83501	83.6869
29515	83.6769855182
116554	83.5986
29700	83.4598951336
296161	83.4583
83476	83.4547
361751	83.3979
683788	83.199640928
301081	83.1121319527
361705	83.0299
84424	82.8027091939831
50563	82.5445
316611	82.4718217841001
304334	82.4253
363412	81.9516375601
294499	81.8966065624
498112	81.8408579565
306571	81.8118375525577
83722	81.5697699832
294324	81.3738020745936
299511	81.3604445272326
303382	81.292045352
303505	81.1887954095
362965	81.0541
297597	81.0013762269
362607	80.9137292378817
114505	80.746
302396	80.6464039368353
689161	80.3536269481151
296511	80.3512879073
301513	80.2388251458
306764	80.1818
363129	80.0302790104
25196	80.0022393656
315696	79.9828497503985
29402	79.8939
65168	79.763219601
501099	79.4974504927559
298309	79.2844
360785	79.2308683276103
24603	79.0454
296954	79.0452006117023
288545	78.931909938
303567	78.8572
291996	78.8169
117099	78.7643
690987	78.7221064096
117514	78.4166
64120	78.2223
304741	78.1422240728404
309126	78.1254206048785
293561	77.9881428544
360632	77.82635
303914	77.749
298867	77.6576851333127
497918	77.5396
365865	77.2291125942939
300756	77.115082552
293847	76.846726166411
299762	76.8383
25240	76.7216057823872
309338	76.593878074
310745	76.4995031791158
499745	76.4487
287940	76.4330838658
363091	76.3093817305
296349	76.283908054
79249	76.279
363040	76.2093
54267	76.136
50622	76.1036
171581	76.0349501517
257647	75.8636223303
65029	75.8497
293128	75.8171773348665
360761	75.770647023443
24215	75.7339705180234
50686	75.6532
301509	75.6094981744794
25139	75.3176324110426
315611	74.7300159817998
287721	74.5996288334823
252941	74.52096333
303497	74.3726383648
29309	74.2585
305837	74.1045
311846	74.0329
24782	73.9675169323
24767	73.909
406164	73.9068749017307
25232	73.6678005472
299156	73.6574289709225
282824	73.6397720137
25193	73.498009906
363118	73.3809
287643	73.2954
361668	73.2172519123371
65195	73.1275171584
65195	73.1275171584
289229	73.0376670988
691947	72.9022
287615	72.8966
25665	72.839808077119
25665	72.839808077119
302969	72.75202304
245977	72.6459261969815
305999	72.6179475165
313477	72.4036725860618
29584	72.3517044868513
170909	72.1009
25291	72.0792
60334	72.04665
499380	72.033122851
362860	72.004
312030	71.9188676037361
287119	71.8611
291388	71.836
312703	71.6455
301575	71.5196363489281
305171	71.4932
117023	71.4487875751
317673	71.4245521211271
286923	71.2782
313471	71.2429
81741	71.2153945658828
361724	71.105266606
362515	71.1036880963367
50564	70.8466784702152
140931	70.5246
29520	70.5149
287436	70.398
60663	70.2859
311163	70.183291912
79011	70.1665518984
297593	70.1027
313058	70.0619581356
363165	69.93
291100	69.8791317951767
304410	69.8229201254442
100126191	69.5015953639
25505	69.3443
25505	69.3443
25505	69.3443
25059	69.2558
65132	69.2505997484508
29456	69.2369789119116
316233	69.2323887376
500562	69.1627705212
81657	69.0101
266998	68.9642
292994	68.861180284
114553	68.8164557451649
292028	68.7920186824
311864	68.2407
300054	68.0254
311857	67.8976938778064
296603	67.7405946507361
171517	67.6630572472487
685474	67.5843469190386
685474	67.5843469190386
685474	67.5843469190386
29362	67.3240562268
301346	67.2239
303088	67.1617
303332	67.0402
313554	66.9295950552
24771	66.858132599
29477	66.819695425
315327	66.6957646260922
83823	66.6917
315447	66.5935
170824	66.5814
297357	66.5348
299611	66.4760287577
361940	66.2092
83535	65.9479824448
171128	65.9063
316421	65.566017157
282827	65.5392
362102	65.515
307820	65.4878179029657
363061	65.3785113502
25163	65.3671637356
362281	64.9775400816
311840	64.8144916
301242	64.7859508932048
313427	64.6081
363253	64.5882
306659	64.4842333143971
65040	64.3137
65040	64.3137
296560	64.2985
171099	64.201477254
24600	64.0171
81516	63.9259
65195	63.8336
363112	63.8122583149957
301285	63.6985
299738	63.6971
308739	63.614038174
287156	63.5789
290668	63.5131487634947
362268	63.1923378985135
294321	63.1210637496
366984	63.0283613148892
192277	63.012042599
300027	62.9581400641
680549	62.8324680048
680549	62.8324680048
295922	62.8096
295922	62.6941
500651	62.688
362721	62.5545
306886	62.4949
293992	62.4248
25574	62.3252717712447
25574	62.3252717712447
84486	62.2596
298034	62.0255
29182	61.9595793922
313742	61.9508
29134	61.8734
246215	61.8675
313776	61.8519
307251	61.6578
29611	61.6132
192117	61.5866283009243
192117	61.5866283009243
362093	61.3540290556
362973	61.3261
315962	61.3236742418
306600	61.3157245285854
310086	61.2809
296612	61.2549
363831	61.1249
316005	61.0652
313130	61.0449249956121
81917	61.007
81917	61.007
313304	61.0031
64026	60.9823
290206	60.9351890914
117524	60.6742
305505	60.6692641582
362895	60.66515
24848	60.5892
171044	60.4468441177533
79246	60.4314
309613	60.4021304779863
65197	60.3773
54281	60.3668179544
314436	60.1457
498226	60.078
25043	60.0691025507418
85420	59.9623687842
363143	59.9214
296267	59.8194
50594	59.7270084874
246142	59.6975
498234	59.6525998864
25674	59.6464268422
83512	59.64530163
365398	59.5823715006
687031	59.3919
25740	59.2878952102
686295	59.1647
192181	59.1458208324859
171102	59.1062
116546	59.0720929129
361810	59.063605066
500244	59.0027575935
116745	58.8789
294732	58.8246
361384	58.6125
58813	58.5542
85267	58.5373
25152	58.37855
60671	58.3556
116549	58.2041
259229	58.142
685072	58.1107345528443
685072	58.1107345528443
114862	58.0945684269455
360891	58.0518798872
497936	58.0333493407
404280	58.0215
287185	57.9569885475468
83628	57.8947088056
192204	57.85037539
361041	57.7656418564
294301	57.7229
252971	57.547252
498030	57.4703976691849
641521	57.35195
25480	57.3160772896
365748	57.30265
498678	57.1704
305095	57.1068137424
29410	57.0684
408243	56.9494841108
363135	56.8555130529248
114636	56.637
363913	56.5906757625347
29278	56.5730434590157
308495	56.561
365377	56.5078499971473
362246	56.397950936
25573	56.3457
305884	56.2607
308572	56.2190947376
293024	56.1208837168
302612	56.1018
114482	56.0931
29454	56.0804723704
300888	56.0492
315594	55.9968
292816	55.84416634
500901	55.7753881922
85249	55.5380424237269
192126	55.477372336
307271	55.2952
304947	55.2803543371
64547	55.194446481366
24245	55.0654095897152
24245	55.0654095897152
24245	55.0654095897152
361801	55.0536185575
79252	55.0368715776
29367	54.9943775521
365755	54.987029816
293860	54.9804
306977	54.8455
309858	54.8301
317259	54.7813
314310	54.6087
100911859	54.5641236512
305831	54.2735
64471	54.1403
312504	54.1198196909
289733	54.1046
690188	54.0986373130355
290519	54.0692923408
300095	54.0373
83825	54.010979284343
499308	53.9896058098
85272	53.7578365222
83514	53.7077
24895	53.7040096017407
29264	53.6962
304947	53.6203791896
25553	53.5778479888
64469	53.5128
303499	53.4706
296318	53.4417153544
303684	53.3734976068324
140937	53.3211187532
24887	53.1726
362715	53.1271
301009	53.121
309373	53.0274
289046	53.02
289046	53.02
688466	52.9401
29497	52.9360208128
29497	52.9360208128
310506	52.9275239828322
311726	52.9225
64154	52.8738
24650	52.8188968984
300994	52.7936
299907	52.7846860801
290652	52.6974
302502	52.6634
291737	52.6605
29588	52.6542763621223
306251	52.6059
307721	52.5639
378947	52.4910090602733
305464	52.4165499378
690585	52.3968
292737	52.2996364348
309678	52.2245683083
246324	52.1883879519
499073	52.17
287564	52.1695
50565	52.1061759531826
293012	52.0753336225
501097	52.0730185072
304816	51.757
314312	51.6647797941
304758	51.4435
364754	51.1825
116697	51.105066022
309651	51.0468
300748	51.0330343051
305687	51.0271
310341	51.022583369
308473	50.9952822111833
84402	50.89
171442	50.8306
290235	50.7971
311783	50.7422665020749
60465	50.6635633829
362051	50.6170144207
501002	50.5836028069
64373	50.5531275504
252961	50.5501
252961	50.5501
361649	50.4720037984
309804	50.1305130646
289736	50.0411646608
364240	50.0
300057	50.0
116560	50.0
24312	50.0
309456	50.0
691231	50.0
406167	50.0
100190936	50.0
304983	50.0
309456	50.0
362599	50.0
310641	50.0
29381	50.0
298201	50.0
