305012	98.85208724882
362923	98.7065388117395
29366	98.5238990706551
308845	98.4204772530842
245924	98.13248139185
315870	97.9510936966097
362466	97.83944243116
682507	96.0829189085648
307271	95.97575
307296	95.4903672048
363445	95.4824233870679
301555	95.4102133431213
291100	95.3900610893035
54283	95.20767
313974	95.01417976576
291709	94.83774
140940	94.7273084004739
316021	94.6708410786237
300955	94.5768655895
366169	94.3754208021124
363445	94.1648607238437
171440	93.80751
29645	93.3458734188373
289324	93.25951
170641	93.24304
64530	93.07397
306260	93.03165648
303828	92.9293177051
691750	92.9161
116724	92.29869
689030	92.28727
681062	92.2196889299
312694	91.9656562114
308937	90.958733248
311742	90.9211108039
288079	90.58891
171135	90.41255
690163	89.6029
171355	89.4636
116554	88.8905339455
300783	88.7456872238966
361531	88.5698
84032	88.5057
299809	87.9960151244
58838	87.9823231505
79121	87.8416
291553	87.8373
292406	87.8288
81758	87.8124
65096	87.7354
24628	87.63
312849	87.6111361245
246760	87.6028
613226	87.5455727963803
116668	87.5074
501097	87.2588
295678	87.2116
29477	87.1927884199
315655	87.0839
288512	86.8353
361659	86.7577
305270	86.5583
304885	86.5103698944
58923	86.323
286983	86.3225
64457	86.2652
25502	85.32
25502	85.32
25502	85.32
25478	85.3055154875
679869	85.2533581492082
313156	85.2167
25125	84.8986
24413	84.8504
289950	84.2786
308265	84.1241918899
25573	84.0888624668
680945	83.3806
360855	83.130800297431
303493	83.091
303493	83.091
296188	83.0445
362485	82.8952
362049	82.8063638199964
83529	82.5687
54241	82.533199565
29263	82.5038
60447	82.4267207085966
60447	82.4267207085966
307070	82.2947109046892
683630	82.1144
499929	82.0376508563
89868	82.0199456191
299864	81.9868
362173	81.9435
289276	81.7454
298757	81.6273
29409	81.5358
308173	81.28871203
312947	81.1459651648
303342	80.76418137325
297968	80.2551
361833	80.0777
24804	79.8789
290317	79.7154
302313	79.6726
361568	79.614179671
297514	79.3258273666
313554	79.2545802488745
300756	79.1606
140943	79.1487
683927	79.0208862281
313834	78.9973416355586
83626	78.8328181344274
361814	78.2104
308326	78.1028
361415	77.8128
64527	77.7517
289623	77.7326
29485	77.6212
290533	77.3662
300813	77.1743184590233
306091	77.1425
117282	77.1214
292155	77.0445305141019
360959	76.4877
299766	76.3401
304721	76.17073042
311508	75.8521
288783	75.3557
685258	75.0399
310086	75.0263522935841
312135	74.8848
80881	74.8791
365744	74.7706149216
312398	74.7492039016
315308	74.7418
309957	74.7031
365797	74.5104940768
360594	74.4077
117045	74.3728785782
360820	74.2736
29167	74.1164
81640	74.0583811144
114488	73.8266
25480	73.6293
25106	73.2767479102
307428	72.9295404769
29376	72.8250829858162
171093	72.7766
171093	72.7766
308796	72.6271870453
308944	72.5081
65193	72.4423
114850	72.38
170724	72.3685
500116	72.0045225172
116600	71.8573
296115	71.6953
287585	71.6879
58857	71.2539
29144	71.2406
79240	71.0148374384
155192	70.9234525504
685232	70.8840201055
25283	70.8058180735
302864	70.748778731
361554	70.6969699578
288599	70.5403754477
360600	70.4395
306722	70.4218443048477
500087	70.379
308322	70.3322
78961	70.2
314126	70.1929
287607	70.1244
498538	69.7859
65248	69.7857375828
207122	69.7417559125
25205	69.5661
292090	69.5638560448
366448	69.3641155274
363013	69.244070642
498130	69.2095
312495	69.2039
502886	69.0784
29388	68.7885
83720	68.7286
362734	68.5841
309035	68.5764
299341	68.5309
64457	68.5284
64457	68.5284
64457	68.5284
64457	68.5284
64457	68.5284
29753	68.5053
24673	68.0985486325
296128	67.8955
304104	67.8576
309804	67.8018856969
303016	67.6357954124347
24167	67.0443731096209
24167	67.0443731096209
24167	67.0443731096209
24167	67.0443731096209
24167	67.0443731096209
24167	67.0443731096209
100910616	66.966
117538	66.9231
317232	66.9106920643822
681284	66.9045
315949	66.7284
307503	66.4221
316211	66.4108
25672	66.386498437
83502	66.3746
50664	66.212137216
362342	66.2029
24499	66.1208294532
117255	66.0793
362519	65.6169
293024	65.5154
303200	65.3141
307740	65.2858
315806	65.2058
29397	65.186
25177	65.1629
25177	65.1629
25177	65.1629
25431	65.099
100361417	64.9073
25177	64.7188
25177	64.7188
289881	64.5365
303831	64.4175
314824	64.3920636976
315689	64.313
25565	64.2628638094
361618	64.2053
363135	64.1821
312927	63.9194
25046	63.749
60334	63.7246668119
305854	63.6881723383354
112400	63.6434
112400	63.6434
112400	63.6434
112400	63.6434
290626	63.5484
309399	63.3518
287929	63.3306
300857	63.2221
302500	62.9203
307016	62.875758064589
25578	62.7258
292130	62.5606
116504	62.5515
116504	62.5515
59322	62.5358930143
85238	62.4037
294088	62.3660406531
494445	62.3408
363577	61.76931302
308939	61.7369
64462	61.5248
25429	61.5077
116469	61.4970336826
84550	61.4205444801932
171563	61.3841534254
297392	61.3515
301674	61.3224
25671	61.073819027
24962	61.0502
679640	60.9178828040478
365380	60.851
29546	60.8402
54299	60.5621
140934	60.4894
316539	60.4320101012
500132	60.094656173232
24414	59.9717634949
287454	59.8512
303037	59.8373
309139	59.769
360492	59.69935471
360602	59.5025
297758	59.4036
24882	59.3553017414
304537	59.3273
288256	59.305
303926	59.2323131247416
246116	59.093985823473
300980	59.0031554848
50622	58.9938905326
266760	58.7662
290975	58.7509
56725	58.7392
25705	58.6068
50692	58.5546776056
171494	58.4591
684352	58.4573
65023	58.4535
65023	58.4535
65023	58.4535
65023	58.4535
50692	58.4334236374
24414	58.3230775888
681352	58.1891
24316	58.1543194816
84488	58.0903
363425	58.0225
309513	57.7871462746
679934	57.7798
93667	57.7680937952
25622	57.7100264764835
25622	57.7100264764835
296849	57.6854
305317	57.6712924165
102554884	57.5933
301634	57.5135920594
192178	57.463604221628
287532	57.3704653084
360917	57.3516
100125373	57.3313
29627	57.2442
29627	57.2442
24397	57.1801
24400	56.9812
313409	56.8954428601
309053	56.8727371408
288920	56.865
246334	56.6963951443689
246334	56.6963951443689
84487	56.6284457358
286973	56.5602104082
307180	56.5566
305367	56.4681
500048	56.4563
302845	56.4072
360702	56.3173407154
29457	56.156
24459	56.045
310352	56.0351
309888	55.9202404989839
84424	55.9187203884
691335	55.8723
246334	55.8527976299307
246334	55.8527976299307
306695	55.8286
361921	55.785
306868	55.7427
554172	55.7263
25203	55.7141
310461	55.671371446
290749	55.6516
116741	55.6141809525
310306	55.5221506285
316209	55.2565657498
25183	55.2444
140607	55.1770250755
25059	55.0146
362037	55.003541335
361796	54.9843
361688	54.880827385
690516	54.807
306261	54.8069540960199
300666	54.784818508
497961	54.6120901752
192183	54.5509
288710	54.365
689890	54.1992223499
291324	54.1528
114861	54.1463
316209	54.0877884706
310843	54.0128
246323	53.9618874486
287110	53.7718
312903	53.6856
691278	53.6609
287942	53.5713
171136	53.435326474
314548	53.434
171115	53.3388
362152	53.2602718089
362316	53.2271317744
309871	53.173224914
297415	53.0764
313436	52.9272
117103	52.8705
306009	52.786653176
315523	52.7628732118
312965	52.5522
25654	52.4597
64469	52.4370298
29502	52.4241
100362347	52.410533866
307124	52.3931
286939	52.2901445827
24660	52.2016
246297	52.1873211651
25648	52.0930507851141
311331	51.9928
114901	51.989707936
363442	51.9648
29219	51.942
362665	51.9202
301418	51.8323
306814	51.7125
84480	51.688029056
295252	51.666
84489	51.5734
25049	51.5475
84398	51.2701385808
286981	51.2439
304786	51.1188629285598
296583	51.0194
360992	51.0088
360860	50.975
307861	50.9450084978
25685	50.7714
305066	50.6203
192213	50.571
303439	50.3953177312
246295	50.2587193896
680931	50.0
25007	50.0
311359	50.0
311872	50.0
362489	50.0
362751	50.0
192251	50.0
312516	50.0
288602	50.0
