312491	94.59383
305367	90.49799
24337	89.9110747463
246755	88.2019
29144	87.2468
24784	85.2321639105
406864	83.6326
64013	81.6829
54295	79.8049
289318	79.5727
117152	78.3909
25426	75.4693
365895	75.1944
308453	74.2911
313776	73.2648
300679	72.9335
313156	72.73
291981	72.5014
315294	71.8200652442
361618	71.3285
29500	70.4377
246174	70.1996
307821	69.8650977864
365407	69.8152
303745	69.7478
80843	69.3590050505185
24218	68.9790139156
315073	68.8733549252
307855	68.8622
60427	68.7299
60427	68.7299
313598	68.7004
310244	67.7528
363002	64.4656
29511	64.3078555345
361791	62.6749
502372	62.4875
309653	62.1514
362293	61.9808471241
313706	61.7806
29277	61.5566
304103	61.4854
312694	61.219
641316	60.2446
302946	59.7214
140593	59.3428
64226	58.5606
294235	57.03142092
298787	56.8457
29582	56.7872255485
365380	56.3806889536
311864	56.0358
360496	55.6381
25136	55.1158
308337	54.473
307956	54.4100402895235
311405	54.2614
294948	53.7311
297893	53.524
114002	53.31
360980	53.2415903776
315341	52.9618
360993	52.5801
58920	51.8378
25159	51.7777
29671	51.7477
293854	51.5104
29692	51.2696
83515	51.2301
361844	51.1883
54297	51.0343
691429	50.2614595087
29155	50.0
171044	50.0
314157	50.0
300659	50.0
