301118	96.1600924407392
89812	95.3629535692
78961	94.71791
361381	91.06269
295325	90.7986180493833
81830	89.4874887232
310775	89.4070437088
85238	89.0171129460506
307075	88.5710033101004
81504	88.5379
89805	87.548
289468	87.405
304775	85.8477
116482	85.7614
689414	85.3651
64558	84.257151007019
679155	84.0417487884
170913	84.0351
316737	83.8512
308795	83.6565
497961	82.899632296
501506	81.778
298878	81.7343
499191	80.736986484
366251	80.4281
310207	80.243375531158
313027	80.112294115525
293736	78.1888841697775
25204	77.8791506308
305268	77.371555584
314850	77.3617
171356	76.953
83469	76.9014
313477	76.3706
361935	75.7588
84026	75.6784
307396	75.6221
315666	75.5803
315000	74.6952
29521	74.6245
26296	74.4272
289482	74.1696459032
84046	72.9685
360547	72.9092
29376	72.4278062826
286897	72.3816
286897	72.3816
116554	72.2809
313387	72.2707
306564	72.1547
294804	72.0959
288353	71.9119
315259	71.8165
297952	71.5722
81531	71.2207
81651	71.1563649816
727679	70.9463
65178	70.7601
306527	70.4418
300053	70.2665
315978	70.1232852576
100362678	69.7853
295500	69.656
305600	69.2232
301374	68.9322293098447
314721	68.2633
315216	68.1562
100362555	68.1066
100362555	68.1066
54282	67.132992624
315119	67.1301379891
290744	66.9999
25096	66.6251
292067	66.4044
292155	66.3639325015
312046	66.3051
362264	65.4691597136
25136	65.0866
25230	64.6937
25230	64.6937
295445	64.5661
315705	64.4519
83425	64.3662
83425	64.3662
309525	63.9293992096
54348	63.6758
360797	63.6585
308320	63.5402
301674	63.5286
497878	63.3033
83526	63.0301409155
316328	63.008583661
24434	62.8618
304157	62.77865249
498898	62.7605
291675	62.5279
117596	61.3316
293112	61.29
291320	61.0595
361251	60.9735146716
311505	60.8971
689560	60.8284
50545	60.7992
304423	60.7742
317580	60.5962
689890	60.5634
308392	60.5083
308392	60.5083
288077	60.3285
313438	60.1332
313554	59.6878411633808
294806	59.4961873525
29362	59.4643981673786
360720	59.1895
313557	58.8802434584
312952	58.7586
301034	58.3965
29298	58.3421
299153	58.1645
81507	58.0296957033
246150	57.858
100361647	57.7068
685099	57.4598
311984	57.291867606
362844	57.2514758608
245903	57.2493
24873	57.2419
688394	56.9958
305475	56.9577
140734	56.9023
171086	56.9006
363412	56.630781198
309613	56.3982967752
64194	56.3498
311405	56.30465
171092	56.2677923750422
363172	56.2021
289584	56.1317757925
25360	55.9679
246046	55.8253
312303	55.7287
313050	55.7033
24787	55.5916
310538	55.572974258
497918	55.4348
101241893	55.4209
360605	55.3589
288916	55.2094
24388	55.2047
306247	55.1367
296128	55.1088
294335	54.9974
362850	54.8672797408
299156	54.7921281388977
316539	54.509006914
83575	54.4652
407765	54.2804
362720	54.2131
25665	54.1060943311
25665	54.1060943311
287644	54.0189
83500	53.9759
297453	53.4222488704
404781	53.4116
498411	53.3815073416
308306	53.3448
316333	53.2451
311902	52.9891
309678	52.9003781450749
305311	52.8583
292008	52.8567054835
316221	52.7487
25123	52.7334
293113	52.6914490584
361437	52.4032
301067	52.224260804
24855	51.5307
116648	51.5186
301345	51.3675
363062	51.0559741984
54297	50.75791802
301086	50.717790739
287776	50.5099
29645	50.055981056
309478	50.0
304935	50.0
293897	50.0
288233	50.0
266730	50.0
315341	50.0
308971	50.0
500131	50.0
