301618	98.7954309905914
117254	96.01579
25176	95.71793
298655	93.95902765812
64159	92.57303
300974	91.17564
170920	90.57151
500069	90.46846
245955	89.0160850112
308218	88.9454
652956	88.6099
304124	87.975072393
317312	87.8222
302808	87.7618948037
362515	87.6253492315
292406	87.5695460528
303311	87.1504658695
310506	86.8180097133096
64624	86.6064
314416	86.562
303586	86.3611561125
500137	85.1626
257648	84.6872
304023	84.3384
298606	83.764347926
81644	82.1752
310207	82.1328715728
29163	81.8516
25096	81.718526859
288734	81.6106
299117	81.1812
287615	81.1036
81005	81.0367
303828	80.8073
309638	80.3997
294508	79.2449822515
304528	79.1756
287820	79.1201
315084	78.9011
24565	78.7956
297720	78.7004
309142	78.6114185976
303470	78.4877921194
50645	78.436
310635	77.8199
64531	77.537020804358
94267	77.1973369864
300458	76.9773
54296	76.6631
310315	76.5499
64469	76.5057
85428	75.4469
361055	75.274
84550	75.0670046882827
307745	74.7876
25647	74.2479886471
303403	74.1386
305471	73.7258
50622	73.4242283252132
297727	73.209
85251	73.1392
305471	72.7876
291320	72.7371
361467	72.6862047535
362393	72.5126888648
312915	72.4243
293135	72.2688104048
296474	71.9927
303563	71.8766
65207	71.7713
293561	71.7100510682752
84394	71.4630614039
314930	71.3379676933
292999	71.1404580263
362463	70.5315
171410	70.4924
689890	70.3949
360993	69.9792
361384	69.8674
85489	69.5617
252856	69.4648
288593	69.3281
306141	69.3235
293056	69.0473
171123	69.0326
25591	69.0229
114506	68.6793
307302	68.32740557
498407	68.2169
362787	68.212
60384	68.1217
309144	67.943968842
84484	67.6742
315211	67.2138
292622	67.1245
303614	66.8818
64475	66.683
116673	66.5469
309444	66.4959
113975	66.4495
294422	66.1439
313155	65.9040011641
24849	65.2822
24617	64.6429
498492	64.5622
286928	64.532045675853
288257	64.5033
305577	64.1804754844
299356	63.8205
362733	63.6488
362733	63.6488
306764	63.6026
114087	63.4605
305687	63.3762
313216	62.9496
81515	62.685055162
81515	62.685055162
64442	62.6579240969072
171396	62.5698921911028
81922	62.2526
246262	62.0966661868
288920	61.4814
311546	61.4005
309457	60.9714
64441	60.861688304
294027	60.0483
292843	59.9482
314855	59.6398845143
313152	59.5109
84431	59.3703
25288	59.2053347953
170667	59.132
266674	58.7933
306274	58.7814847729
25412	58.5395
363455	58.490483818
500989	58.4034230826651
362858	58.1356590998
683722	57.9806
117513	57.6952
293587	57.1988966968
311622	57.0529
293710	56.9257622298
304157	56.7172
171552	56.5297909408
293619	56.0565
305131	55.9804
29454	55.756350493
299611	55.7349
361226	55.3487
304860	55.1911051209
64545	54.8943
361195	54.7438139553
305095	54.4449
308709	54.3492
100362554	54.2404733696
685332	54.2204
499669	53.9575
298894	53.8356
362831	53.7943
84476	53.6323
362171	52.9249
308890	52.8852
81918	52.6657604656
308113	52.44879857
687008	52.3639
298524	52.2210090046
81526	51.9594
171576	51.8014
315272	51.7547
360678	51.2146
58813	51.0916
24952	51.0551710756
313035	50.9605
286895	50.7482
290818	50.0
266735	50.0
314870	50.0
287185	50.0
293410	50.0
266735	50.0
266735	50.0
64823	50.0
