29546	99.9001982751774
310806	99.8348097313354
298065	99.56489963671
315034	99.4710458957701
305461	99.3996233870205
309478	99.3673857867638
286973	99.2281376748592
297486	99.2245206149569
83507	98.8977111979638
314894	98.7782795608037
305571	98.3637379426671
25403	98.3171455577846
25403	98.3171455577846
25403	98.3171455577846
361833	98.31613757648
25112	98.0170780976649
310512	97.84365206968
58823	97.74204
362665	97.7349665078213
59303	97.5505644102
171151	97.5048263966799
25690	97.4879851608523
25690	97.4879851608523
25690	97.3956482925643
25187	97.1288862566647
294421	97.0755365989608
293561	96.70825
302363	96.6653720419868
292925	96.55768
25235	96.4558935255002
313647	96.45108
24511	96.42998742387
305419	96.41486
367714	96.338769009215
365755	96.2405033779104
498256	96.13343
54248	96.0483235235178
310392	95.9218841724657
314941	95.89675
361070	95.861950952
57395	95.63184773182
246117	95.359195776
310749	95.2869476640987
689404	95.06516433778
24166	95.039949999
298066	95.02728
654496	94.87062
25701	94.8367680046588
317396	94.77968626048
117033	94.68157
117261	94.53011
313609	94.4567099799
56718	94.30412
84587	94.15379
685465	94.137426886857
315210	94.1193950785
170920	93.8138
288239	93.79188505872
25650	93.72445
312303	93.6721
64469	93.6197648282613
307820	93.4666452736894
680486	93.4286950159911
294410	93.42376
288707	93.28073
60447	93.2780974605562
60447	93.2780974605562
288479	93.23987
689414	93.1504230598
304181	93.13966
311182	92.8684575935
94196	92.6575880551723
81816	92.548051496
310960	92.4789301288791
304832	92.46458
654517	92.21395
288108	92.1908985797365
266803	92.09393
25390	92.0779097806
362521	91.994044147074
117513	91.92335
298992	91.78584
366624	91.634398001
314423	91.6179805374
314423	91.6179805374
307855	91.6163
291440	91.4818
498798	91.39833
25454	91.390886474
680668	91.2675820018
309514	91.1614009146
84420	91.15995
29463	91.1542
502603	91.12484
307271	91.0750552147
299811	91.0746062328348
246323	91.07116
307067	91.05001
116658	91.034231939
309888	91.0057587287695
65137	90.85841
315806	90.8382602651937
500116	90.82585
291610	90.8152648875
305828	90.70767
307491	90.6994985887
116741	90.6124727859
296762	90.5937
303306	90.30095
311328	90.28073
64316	90.27858
304799	90.2566003816
366894	90.2550326465361
297804	90.23734
362291	90.1816411196
361285	90.1737617304
301337	89.8694321065682
24689	89.7753114512
25336	89.6734873152
299827	89.6591576316
300284	89.566153024
361859	89.5344942499696
65033	89.469970902
307740	89.4079537734509
303396	89.3686
116590	89.3261323602413
362978	89.1957
260323	88.9996
290947	88.9742886779666
287927	88.8968189242818
83629	88.8775646521
312251	88.866479836
289668	88.7968
311078	88.7586
312054	88.7318
89821	88.68752769
315789	88.686360719
113902	88.4936
25549	88.4493080285
297498	88.3349
300235	88.1592058881
297504	88.123236625
298944	87.9817176928
290467	87.8675
315352	87.8477758048
81730	87.5225
303016	87.4969268177804
303538	87.4844
499204	87.4356
316067	87.381
25110	87.2922
680172	87.2182
84592	87.1144
291314	87.0768929015
304477	86.7960624181
305886	86.7479
29559	86.5047
29559	86.5047
29559	86.5047
289522	86.484
289323	86.4572
64672	86.4335
360983	86.246
312915	86.2232904934
29189	86.1852
25666	86.1741
117549	86.079136693
117063	85.9426
302378	85.819076680067
100310874	85.8097289475647
59303	85.5877
294734	85.5121
300849	85.4091
29611	85.2504
316575	85.2044
308265	85.2004974051997
497967	85.1577411625
84594	85.0671
315891	84.9179
117282	84.8762
25479	84.8543
498301	84.7925044768306
304741	84.6812
682507	84.6355478566537
363519	84.5934546556
362740	84.4983
56819	84.4433
300857	84.4127272561
317435	84.2863060213431
313539	84.2238
288025	84.215548023
29173	84.1894
306817	84.1228294612
312372	84.0731
312912	83.9002
314436	83.8673688264026
29146	83.8322
282587	83.7954484296
310526	83.7867
289388	83.7615
360906	83.6803
293783	83.6347
500244	83.6007
25314	83.5582
360726	83.47985437001
25614	83.2848
85263	83.1495
29134	82.7944
117515	82.695017123
89843	82.567463503
373544	82.5134697052411
308267	82.4502
171010	82.3740483595
100362764	82.2483
293820	82.2036616585
311450	82.0198
288092	81.8995
83472	81.642346093
313270	81.634030966
367106	81.6331
314751	81.6167163961931
363469	81.555550705
309639	81.5038
315926	81.486421196
313304	81.4805173078941
363443	81.3936983283
293112	81.3645512905881
294862	81.3100646093
361795	81.2848
317590	81.2403
315973	81.2262
83824	81.0592
362892	80.7044
81830	80.6474942254
65180	80.590913262
291019	80.5631739988608
289546	80.5072
316102	80.4524
291022	80.2663
308000	80.246935897
25485	80.2433
24223	80.234084584
308113	80.049750478
295674	79.7918735478008
246776	79.7893
291084	79.7451
360869	79.7422
313418	79.7132
303608	79.6142
171355	79.527
500132	79.4957
100362554	79.3662693465182
29139	79.3418
114122	79.2035766526
114122	79.2035766526
114122	79.2035766526
114122	79.2035766526
81748	79.1722
361057	79.1521
117514	79.0273497476
360722	79.0142
313554	78.975146618
360540	78.9068
365797	78.8965254968
305816	78.7651970328
313108	78.72988852
114839	78.672
362173	78.6427562837
289307	78.6417
306197	78.5843
313348	78.5514243112187
315939	78.502
303991	78.4802
360868	78.3324
306439	78.2140336742
171070	77.878302543
295568	77.869881964
309812	77.732042812
360563	77.7309
302492	77.7159112951
313729	77.6254
260323	77.4782
312135	77.3795
170911	77.3220774082183
65248	77.1949481015
688394	77.1692
315447	77.1428280268
306562	77.1242
291841	77.046
29436	77.0414
140583	77.0365
315870	77.0013
305544	76.8904369324
29331	76.859
114561	76.8474
246769	76.7651
192210	76.7303
246769	76.7055
313838	76.6153
293098	76.5697365616
307350	76.4621
288937	76.2672
310849	76.2221
291212	76.2184754136
171146	76.1545
100362555	76.1442119082
100362555	76.1442119082
81813	76.1432949476
363291	76.1203
306261	76.1079135436658
364630	76.0668588283079
24590	76.0503926904
304157	76.0381703457558
360833	76.024709492
115769	76.0129469664
500069	76.007137915
500874	75.994350906
295607	75.9458003908
295965	75.9395
312965	75.9093
295690	75.8645407084
170851	75.864
116690	75.8162085432
116690	75.8162085432
116690	75.8162085432
116690	75.8162085432
367252	75.8136123341421
367252	75.8136123341421
290834	75.6618
498587	75.6005711050302
498587	75.6005711050302
361921	75.576
311854	75.5322966847
303132	75.4982777399362
24316	75.4711218535
315423	75.3232
309255	75.2398430694
24917	75.148
24926	75.1268885752
297093	75.0808780194
360761	74.9794555392
310352	74.8725313656894
498549	74.7457
293452	74.7232
309871	74.6094
54319	74.4879
24158	74.4833
100360100	74.425
683667	74.3969
313974	74.261503887
361634	74.1746913531
500569	74.0658
83722	74.0421102374
317630	73.9478
311617	73.9122
64203	73.8929
361388	73.838878412
60427	73.8189296605
60427	73.8189296605
25114	73.7677
310097	73.743355015
361771	73.7233
310201	73.7121
306055	73.6869
113976	73.5454
24268	73.5397
305055	73.3846
362279	73.3209
25672	73.3098934536
64631	73.1244
292462	72.9204138662
306809	72.8776
298144	72.8318
365972	72.815
29393	72.7398
297930	72.621
65166	72.5593
64370	72.5198
114104	72.4243
288280	72.402164602
171149	72.3649
619385	72.2960314921
619385	72.2960314921
360681	72.150405598
83477	72.1449
686883	72.1173
84597	72.0622
24215	72.0228023794044
289623	71.9296841330215
296655	71.777766884
299909	71.7698000746
291206	71.7694
298894	71.5053023944
313131	71.370755092
500156	71.3432
305851	71.3423
500921	71.2961
246116	71.171558831601
310785	71.1412
310533	70.9249
299928	70.9129232209398
259273	70.8518
295401	70.7963571512
304037	70.7857303314
289457	70.7319
308821	70.7058038755
257646	70.6093
305549	70.6058528077
25537	70.5746
309798	70.5068551132
64047	70.4991
314743	70.490941546
363875	70.4339
363735	70.2627
311726	70.2536
365699	70.1500967609
171135	70.0993
311952	70.0266
311952	70.0266
81676	69.9771
316794	69.9574
313427	69.9338
114028	69.8791387105
366518	69.7031
309227	69.6507
291699	69.5449044513548
309858	69.5266842775325
315508	69.4996
117269	69.479957692
497979	69.385
29667	69.3412
29667	69.3412
29667	69.3412
309069	69.2389
155268	69.2215
25283	69.1855777625
313370	69.1433956939
246262	68.9637226902
24839	68.9331
29642	68.9054905594761
29441	68.8551
292267	68.6903
306404	68.6083208398
305248	68.4915
54348	68.3493
25517	68.2742397289848
266760	68.1834
56782	68.1178
315550	68.1173
29603	68.1137
364033	67.9784874484158
307927	67.7964582023
171458	67.6236273175
192256	67.6054677418
192256	67.6054677418
29637	67.3223350495
25416	67.2554448198009
24411	67.2159
361167	67.1834
309804	67.1595
292999	67.0640758263428
293060	66.8986
311336	66.8266
83497	66.6219542216041
313308	66.5954952832
317163	66.5521775197
81818	66.4676
56266	66.3449
29521	66.2997142612316
24498	66.2414
100233213	65.9957
65162	65.9738838877
171087	65.9346
317399	65.8351644796
24790	65.82356423
309041	65.79
361944	65.7377572462
361944	65.7377572462
287554	65.6319
294948	65.5907
365748	65.5636
117016	65.4729
498286	65.4464029178004
290614	65.3102
314824	65.1756827008
291534	65.0596639302
290046	65.0513
290046	65.0513
290046	65.0513
364634	64.9209042178
360511	64.9138
50685	64.9123
84409	64.8724959264
24208	64.8576
116665	64.836
501099	64.8064
307986	64.758940471
690632	64.7263
79121	64.7118
29500	64.5779
84510	64.54979088
313211	64.5295
85426	64.5099
297865	64.4771
117049	64.4751951988
288154	64.4448
309144	64.3456
260324	64.3226
83519	64.2707
291908	64.2513
310791	64.1565
79249	64.1178881475
296060	63.9954404524
286906	63.9665
361920	63.94928184
64015	63.8627
316021	63.849
25648	63.8013
286918	63.8007
24908	63.721677019
50566	63.703469651818
294375	63.4414655089
287212	63.3100290376
297387	63.2942489185
116721	63.1887
303614	63.1331407914
296753	63.0803
317335	63.0296483668
24675	62.9764
298942	62.788
287670	62.7791
84586	62.7144008184
25507	62.68
312299	62.6314
300463	62.6219
293888	62.5597
94202	62.5376035626
94202	62.5376035626
192280	62.450990982086
192178	62.4358227082224
399489	62.4296
297514	62.3489
291736	62.3481229627845
60349	62.3282
313098	62.2858
305012	62.2023
361845	62.1676
79208	62.07115
29300	61.8446
58820	61.7866
60326	61.6563
309338	61.603
171396	61.5849968066
304150	61.5437
58954	61.5132
432358	61.4419810235
303803	61.4048743225
689890	61.3869718583319
300756	61.3185
25065	61.0489813312
25065	61.0489813312
366975	61.0397376472
64531	60.8798080556317
299138	60.8445
171102	60.6724
83425	60.643010568
83425	60.643010568
306994	60.5463204886164
117259	60.5214
312381	60.4942
286924	60.4827
25426	60.4511
303292	60.3338910175
25177	60.2556
25177	60.2556
25177	60.2556
360445	60.2434282752
310315	60.2124
117028	60.1868
298652	60.143
83825	60.1236581607466
361585	60.1206317019457
289881	59.9675
25177	59.8709
25177	59.8709
308361	59.7334213141862
310669	59.63945
287615	59.6227
361659	59.5837
302697	59.420891202
192181	59.4055
313155	59.3943985583
362479	59.2348
313242	59.1132
305468	58.9192
361866	58.8454
306281	58.6802
304881	58.4924407222
303206	58.2758
64465	58.1516
474154	58.1219
29362	58.0154
311860	57.9712
81809	57.8658
297989	57.8183026128
79216	57.791
309031	57.4762
25267	57.4375092587
362918	57.4235
302711	57.3974996950727
25591	57.2561
306582	57.2552
24356	57.226
114634	57.2076930355
688717	57.1888
171148	57.1778384032
365895	57.1474518624
103693419	57.1401
360230	57.0739
315500	57.0695
313519	57.0565
80849	57.0562
304798	57.03
360764	56.801146505
313598	56.7295
299256	56.6898
361159	56.6689
81640	56.6682
117035	56.6352
361399	56.5973
360917	56.5733664942
24943	56.5155744662504
313433	56.5046
60325	56.4408
65054	56.3844
293067	56.3425
315798	55.9097
304758	55.8335
315915	55.8221
501069	55.7213
300121	55.5128
140666	55.4862
362049	55.3233035318247
63868	55.3189
679028	55.1183831919
29588	54.9777
361055	54.9385
309544	54.9138924485
360725	54.8995
266711	54.7191703552
25654	54.6959
501550	54.6696
313618	54.4074271183
362170	54.285142168
307206	54.2812
315259	54.191
314855	54.1285703416
25202	54.1139
64561	54.0303
25316	54.0293474152
24834	53.9051
308800	53.8505512002
685332	53.7715
29218	53.61953161
315655	53.5385
299201	53.5079587012
170843	53.4637202464
296488	53.448
116477	53.343322331
116477	53.343322331
116477	53.343322331
60586	53.3235370312
29721	53.3
85434	53.2994
313387	53.2032
287595	53.1939
83689	53.1691923623444
313564	53.1678
310378	52.9336
306868	52.9127
315615	52.8944
266601	52.7506
116646	52.7247
260321	52.635313127
25204	52.5093123886846
315648	52.4838
305935	52.4813
155918	52.3366
58980	52.2492
499964	52.2194274226
24617	52.009416632
305083	51.9818
307024	51.7852
192129	51.5554
306487	51.5458
311591	51.5206
171147	51.4058682705
65272	51.3790273519
25662	51.3089
114488	51.2219
306672	51.2202
29383	51.1996
306809	50.9659
170842	50.8985
287643	50.8245
498241	50.8216
192359	50.7969784176
63852	50.789230323
295596	50.7794
29413	50.7654
362258	50.7569
299907	50.6459
499508	50.6087
315962	50.5066118491
171563	50.438525992
171152	50.225655472
310843	50.0
311575	50.0
306695	50.0
362609	50.0
24883	50.0
85420	50.0
679869	50.0
296865	50.0
680014	50.0
361700	50.0
308939	50.0
494343	50.0
290361	50.0
302920	50.0
