296084	96.7193862493085
306110	94.3869766495
308361	93.9307554528461
25671	91.88254
311165	91.4454801052
60666	90.3134174521502
313216	89.37804957
292994	89.3077897024
65146	89.0447
501854	88.6020706177955
25367	88.3766734836661
25367	88.3766734836661
25367	88.3766734836661
25367	88.3766734836661
295384	87.695
79209	86.8792281358
25714	85.5434
100362555	85.0314
100362555	85.0314
315804	84.4284
305497	84.2381680075
116690	83.8203897057577
116690	83.8203897057577
116690	83.8203897057577
116690	83.8203897057577
24324	83.5066
300088	83.4655719407
363462	83.1429
304569	82.4127
94172	82.38943342
360855	82.144879522
301562	82.1359768897
305482	81.8760428548833
500526	81.6309719728
298767	81.6085
25624	80.0367432419651
24260	79.9103843037919
81821	79.8458
287537	79.509357475507
192247	78.9545923402
308509	78.8955557358
29387	78.5355962688
29158	78.4809
360833	78.1383
84380	78.0780814288
298312	77.7095
315686	77.5602
299602	77.2499
309164	77.2273
317258	77.1388
64305	76.9859
315158	76.9372783426
24170	76.904433352
316101	76.7498064119
100360302	76.4639
80849	76.0493876775288
310538	75.6293355595
315863	75.4070891633266
80846	75.3827
171126	75.3457
312154	75.293
192254	74.4395316316
292168	74.2648
298524	73.9662539008
305256	73.916604616
296293	73.7092058572
315294	73.5692
361675	72.8893
300066	72.832809709
690516	72.7527830833851
54251	72.4843
367167	72.4302
498287	72.4182
81744	72.2321
288626	72.0505009619
84016	71.978
317235	71.9092
295217	71.5343
295217	71.5343
170849	71.5176
290280	70.9976453890092
286954	70.9893
29633	70.3605
313027	69.7072438336
361746	69.1027
114850	68.8329027355499
365299	68.6025189308
306571	68.501
293023	68.4493149115472
680668	68.0763342008
25297	67.8962
309142	67.2169281241515
497878	67.0956
311984	66.9754599922
500564	66.7557599125
24316	66.6901
300674	66.2944
65162	66.2728
304741	66.1660916181
317183	65.9817
29717	65.7767
29717	65.7767
685059	65.6839
308068	65.4486009194
690188	65.3988447151725
295678	65.0647
83576	64.761984495744
361727	64.7266
29647	64.6971
170848	64.2934
192183	64.1388
299982	63.7703
266760	63.7677
287776	63.6231
64365	63.5614
64514	63.3178
315962	63.0053105418833
362356	63.005
292007	62.6686
292811	62.6046926572
685102	61.876268006
113917	61.8362
363603	61.7550654425754
311163	61.5376
80846	61.4494
116550	61.4034
24943	61.3313736082392
684871	61.3134643506
304280	61.2956349986773
303882	61.272
89820	61.175
316211	61.14244236
25117	61.0098
362393	60.6522
287532	60.3379516134
315880	59.9049
85268	59.8969
85268	59.8969
85268	59.8969
309135	59.6973297528645
361833	59.5789
25622	59.338112778
25622	59.338112778
64469	59.0993279074
81810	58.8194
29755	58.639
313949	58.5442
192281	58.3915
687147	58.34425
687147	58.34425
308069	58.1465
80897	57.9880657244709
304474	57.973833565
29533	57.901
246217	57.8066940325675
300470	57.766
313391	57.5384
361811	57.297
85430	57.2651
291541	57.1486
360959	57.0857657035
24936	57.0847
192178	57.0648448543
362304	57.0161
498003	56.7718438489981
29553	56.7699
289335	56.6854
304063	56.2522
25574	56.16409124
25574	56.16409124
364855	55.8164668381201
192215	55.750412105
365394	55.6779
114002	55.6096
681024	55.5705
307997	55.4880630656
304543	55.0297
114634	54.9923
287716	54.958537383
291556	54.8656848259
291556	54.8656848259
304947	54.7963
294508	54.7864
500244	54.7323597508
25708	54.6497
313173	54.5032
85268	54.3933
313644	54.2726108224
293847	54.2447621463117
313125	54.2068
294804	54.1532898388
83531	54.1036
298024	54.0177
298024	54.0177
305475	53.8476000818
309172	53.8381
293960	53.7976191165
296278	53.714747608
368002	53.5775641291291
362814	53.4957
682902	53.4348
306257	53.383
89783	53.3430027667
292816	53.2580088912
404781	53.1157979410318
64537	52.8618
304813	52.8163183822081
309419	52.7876
83633	52.78649142346
304978	52.6407
298859	52.4782
85249	52.433648005
25243	52.3691790813487
24171	52.3597434238
497010	52.2953
84398	52.1420832038
311508	52.0777
84008	51.9776
500133	51.9544500611807
299204	51.9329
85268	51.6217
85268	51.6217
85268	51.6217
85268	51.6217
307296	51.337
25458	51.3204
294154	51.3028300125
303477	51.2179
300191	51.1239
690693	51.1120590975962
502970	51.1027566376
252919	50.9747
79423	50.9326
79423	50.9326
79423	50.9326
362976	50.9012
306285	50.8366311814
500562	50.7665779156
81918	50.7372016768
246215	50.6964955338
25156	50.6496236528
309060	50.383329164
309458	50.2614835761445
308703	50.2125529348
303803	50.0737770979
501002	50.0
302808	50.0
303653	50.0
296372	50.0
305714	50.0
79423	50.0
305714	50.0
686611	50.0
79423	50.0
79423	50.0
686611	50.0
287362	50.0
311637	50.0
171062	50.0
