315666	89.8217
29443	89.0678
502886	83.3394
317575	82.1233
309591	79.970568992
308140	79.3856
303478	74.0442061027584
25430	72.476
25496	71.6227
25430	71.0536
297334	70.8645130099
301085	70.6407
299920	70.2095
362993	70.1251
25203	69.4005
293949	68.7918
287537	68.5813
316580	68.2534
64531	67.0414517632
25267	66.5317
54246	64.7947
114595	63.7522
83712	63.3336
289026	62.4753360142
360801	61.1279
317385	61.0363
24385	60.962
24385	60.962
24385	60.962
156275	60.3837254862
316742	59.9920709272
366274	58.978
316370	58.6131
24586	57.0672
312952	56.7300663434
291259	56.7074145012
291259	56.7074145012
291259	56.7074145012
291259	56.7074145012
140592	56.020579696
116477	55.9766
303135	55.2629
289717	55.1412
314642	54.3479
302920	54.3212
303755	53.5731
307724	53.4993712875164
59303	52.8939
297025	52.4305
315564	52.093
64530	51.9623319166
361730	51.427
361802	51.0412
315744	50.9392
294410	50.604
315211	50.0
192183	50.0
246174	50.0
192253	50.0
64467	50.0
360785	50.0
