29588	97.3436649599186
116548	97.2133034283406
493810	95.36485
64196	94.91783
302969	92.76688
302470	92.21686005412
81638	91.7142599044
170920	91.26853
25579	90.93377
29130	90.33081
192178	89.7569388141931
304280	89.7012923186
288161	89.4704854902349
362102	89.4506067867727
499933	89.0257123138
312937	88.8641
361711	88.6007
83502	88.3666472665
300474	88.3496
301007	88.2373743296
171078	88.1905
288545	87.6637
313478	87.6612
681429	87.0293
56064	86.7214
80897	86.4631935058
25352	86.3951
308266	86.2463220088
25705	85.4923366755
64665	84.6637
24763	84.5202
287561	84.1055
79146	83.5301405996336
79146	83.5301405996336
54322	83.2345
192350	83.2126
116655	83.0766
116655	83.0766
501002	82.8405
362860	82.8383058028
363412	82.5052154740442
288257	82.0372
64508	81.9645
114592	81.6406
307206	81.6369
85263	81.0627
29458	80.9604
171136	80.8066
300445	80.6553244092
305105	79.785
298767	79.7242969195
299027	79.4453
252941	79.2903
85258	79.248884153
317259	78.9132566455
300756	78.77678219335
363469	78.7529635127
500790	78.7266
313236	78.5070380368
260323	78.4950273253274
311726	78.4463315115187
309053	78.2507373322
497936	78.2387026579
245959	77.9966
245959	77.9966
303753	77.661
313449	77.4573
155268	77.408
307348	77.2519708470163
362049	76.910550788339
309156	76.7968152408
170808	76.444
499308	75.8962864174227
66013	75.0959418874
25218	75.0497960490488
291733	74.9127
314212	74.9028
24949	74.7617145112
25253	74.6935367471723
282825	74.5662779002
25439	74.5335
303690	74.5064
303690	74.5064
192181	74.292009719
24949	73.9904585424
312711	73.7813858068
314718	73.7457
363064	73.7368
301114	73.6678
300521	73.5104
313876	73.4351
291309	73.3049
24840	72.9467
301506	72.82509174
498609	72.6158331455117
192213	72.03
312227	72.0148
360677	71.8956
300799	71.2877
363441	71.2482
316602	71.1829
64023	70.6443641577819
365793	70.4026853034206
287927	70.2643
116509	70.2361
308392	70.2269
308392	70.2269
288718	69.6904699201
25083	69.5868285766107
24888	69.4348
24888	69.4348
291844	69.4301
500200	69.419
314548	69.3915
360230	69.0308
29492	68.7568900195
310753	68.7268610785
499878	68.4964365375
257645	68.0951073979117
25545	67.8096253525
311913	67.3475753091911
100310874	67.166
25336	67.0189724653
260323	66.617035077
313510	66.5808572780361
303076	66.5268930579183
309144	66.4927466316
292878	66.0875
171106	65.3444
304978	65.0656
266730	64.8621
29431	64.5847349683
81919	64.3837
294030	64.2503
257648	64.1155619934641
294712	64.0468
79208	63.8273
287722	63.7769
690575	63.6229
364081	63.6177201137
303212	63.333676348
293736	63.3097780161261
282829	63.2749
192234	63.1594
287557	62.9452
308000	62.9071076009
287765	62.8307
100362678	62.599
171178	62.2944
58923	62.263688912
306582	62.1877
315705	62.0372
290912	62.017
25321	61.8782
315341	61.8123377455
116695	61.64902852
373544	61.5476
84476	61.4841
309331	61.2419983258
306516	61.2399
295678	61.2063
310086	61.1306
308118	61.0521
494338	61.0482
24644	60.9874
79209	60.9536687918013
24710	60.9056
360643	60.862
289456	60.7648504309
29517	60.7182
252917	60.4947
252917	60.4947
360872	60.4581
303763	60.4475
305831	60.317381284
155192	60.2518989510831
246244	60.2501
24693	60.2245
361251	60.1542
307487	60.0888
309400	60.0612
63847	60.0537
309376	59.9447639857
362634	59.8781
24296	59.5224
367455	59.4886
361474	59.4667
313027	59.4658
304923	59.4653
140943	59.4459
296973	59.4025
312728	59.3701972744
83521	59.3286
300025	59.2964
81515	59.1387679967353
81515	59.1387679967353
25427	59.1224
301013	58.9062646231
300472	58.8746472829
100361376	58.8222
116600	58.714
311427	58.3295
298410	58.1761
60563	57.9709614892
290783	57.7945
289419	57.600101969
290775	57.5925
301097	57.5048962292368
306765	57.4943212152
305854	57.151
313270	57.1490394624
313554	56.8917762404
295322	56.716268341
246760	56.4788152387
83792	56.4212864612
54268	56.20100395
29390	56.0573
290843	55.9360943384
296558	55.6173
311508	55.5500967472
291948	54.9419
117538	54.5802
361050	54.5348082444669
499508	54.4663
303396	54.4345
84482	54.4114
287452	54.3223
313997	54.1714
246325	54.1587435597
294963	54.1543
259241	53.9679202912
684352	53.9223
25023	53.9107
307343	53.8386120755514
89817	53.6328
25561	53.6311
117272	53.599132872
499951	53.5771
25368	53.494899112
360480	53.422
171093	53.364219766
246332	53.30865
289457	53.2505
29511	53.136037764
291671	53.1212
296293	53.1164350688
307526	52.972801092
304791	52.9214388425588
689055	52.8904
308069	52.8881
613226	52.7668729642379
362923	52.7343
296280	52.706
308409	52.675700197
294335	52.6316803918
293165	52.471
307997	52.4706654225522
360594	52.4628
303293	52.3848
362196	52.290896558
287940	52.1965
301012	52.164330593
24716	52.1332
114119	51.7485
304741	51.7060762139765
309527	51.5953
360720	51.5551293872
117282	51.4772
78975	51.4432
79435	51.3213
114903	51.2114
313038	51.1046158624
501925	50.8397264304
83572	50.7058311518
361159	50.5929
311857	50.4499425535
89817	50.0
361736	50.0
302967	50.0
310034	50.0
25266	50.0
360950	50.0
