681309	93.91975
685258	93.09613356665
289264	92.86757
100188984	92.022425473
305454	91.2602
58839	90.81971
313876	90.78997
312781	89.6436
25639	88.6463
116635	88.5006
85246	88.4727296352265
362911	88.47045
246262	88.1259
296789	87.4051
170843	87.11
84008	86.9724
311607	86.6520433421
140473	86.297854396
84550	85.9718
63995	84.8198
246074	84.5851
24237	84.2346
58961	83.7438
58961	83.7438
361970	82.8575
294141	82.7761
192225	80.9135
291022	80.4912
295631	80.4405
361390	80.2801
315664	80.0756
363875	79.5657
288152	79.0185
65248	78.91556856
303836	78.7488
304758	78.0731761798
25516	77.9603
100911235	76.3257
315666	75.6838
100360066	74.6411
690585	74.04
300266	73.5323
81527	73.3834
301261	73.0595
24548	73.0193
246116	72.134
282825	72.1067
64551	71.5724
64551	71.5724
302913	71.498
315760	69.5294
58813	69.3667
311575	67.8133
296349	67.5919
361866	67.2042
81640	66.4779
81531	66.3084
294410	66.2242
317399	66.0637
361884	65.8567
25731	64.0941
58823	63.7932
502894	63.4126
360993	62.8925810175
362196	62.7339
295928	62.4502
301086	61.4470835167
58812	61.4242
24680	61.4207
85241	60.8487
116600	60.6381
307200	60.2080483486
298024	60.0749
298024	60.0749
310086	60.0689
366203	60.0517
83514	59.7338
171553	59.458
367218	59.1545
367218	59.1545
58954	59.032
303375	58.8217
257646	58.3836
498560	57.6798
361295	57.5609
25124	57.5252
286938	57.3903
83515	57.2071
366508	56.9384
304656	56.0155
84029	55.4793
25492	55.0783
259273	54.9844
259218	54.8701
170899	54.816
25248	54.4668
81667	54.2118
361057	54.026
288025	53.990279823
25311	53.8391
312227	53.6191
497815	53.3797
29428	52.6982
300066	52.4554
293692	52.3648
292295	52.1559
362173	51.9184
362733	51.8844473446
362733	51.8844473446
170956	51.2455
316507	51.0939
64456	51.0774
316021	50.9896246633
289992	50.7157
315949	50.0
