25620	95.04249
25620	95.04016
25620	95.04016
25620	95.04016
406165	94.85674
312863	93.94859
78961	93.48977
314717	93.31451
306998	92.69425
306998	92.69425
24211	92.38312
299928	92.36787
303828	92.33876
25620	91.22986
25620	91.22986
25620	91.22986
25620	91.22986
299757	91.14356
65210	90.595032043
307008	89.9108
140666	88.5502787027
245957	87.257
29560	86.6883870738
306977	86.6334
29154	86.4517
361293	86.1119
295445	84.97398617
287532	84.8984
362501	84.2599
56766	83.7829
364419	83.4350181681
302499	82.0253
289138	81.9394
362251	81.6262
313061	80.6411
308993	80.2547
64358	80.0820275625
50993	79.6597
25603	78.3106
360637	78.1458
288779	77.379
29739	76.3619
192257	76.3047
306862	75.6858
140941	73.9253
689560	72.3286
300974	71.0241
366783	71.0184
24772	70.265347364062
24778	70.0553
361882	70.0339
313308	69.9381
313270	69.5487
362479	69.0156
304881	68.2765
80897	67.199778137
64026	67.06
293939	65.7553
432393	65.6047
116682	65.0769
170837	64.8514
85428	64.791809536
114593	64.761
100365872	64.1352
361838	63.3161
363013	63.2028
365466	62.3999
366468	61.8946
308937	61.2748
294018	61.1068
689043	60.8953
291019	60.4869
310392	60.2867
362687	60.05
306840	59.6976
79249	59.649
117180	59.4013
81531	59.3397895312
360804	59.2877
306659	58.7931
113961	58.7738
365865	58.6236
307309	58.2323
65162	58.0004061734
297093	57.5148
361390	57.3469
25162	57.309
64001	57.292
295649	57.2047
64200	57.1774
64200	57.1774
64200	57.1774
64200	57.1774
84014	57.1286
310749	57.0544964248183
305895	56.8752
641555	55.7872
288734	55.4758
64678	55.3667
25113	54.8788
54237	54.7171
289197	53.9022
291023	53.5801
290912	52.8559
363062	52.8194430501
170904	52.7825281342
56011	52.4328
303188	52.1936
290206	52.1677058245
498301	51.4574
289546	50.776664644
29713	50.7185882152
360600	50.6583
294429	50.5059
311984	50.0
54244	50.0
300173	50.0
362173	50.0
