54230	95.84175
286973	95.3340247873
114022	93.15909
494244	92.81747
316348	92.71953
310838	92.16693
246326	90.96083
360797	88.111
29163	86.9777
100302447	85.9414
81526	85.4468377585
299691	83.5108
297783	82.9515
192189	82.2282457654
499652	81.2986
287361	80.6261287781957
54295	79.6404
100188984	79.028647928
25360	78.9631350662897
100361294	78.117
308113	77.7566399743
24251	77.3382
25542	76.9126
83683	75.5925
362733	75.509
362733	75.509
29559	75.2719
308899	74.7531
308899	74.7531
498351	74.5198
64157	74.338
59108	74.1183
117514	73.945
361632	73.6527
25300	73.4771634724
25300	73.4771634724
297952	72.9819
25477	72.8864
289211	72.4989
312828	72.2659
294696	71.698
499870	70.2786
361167	69.7083
315994	69.6126
313560	69.4873
500874	69.2452905063108
308267	68.7199
171093	68.2246
171093	68.2246
84394	67.9950703103
365699	65.8138
499328	65.579
366261	65.2501
306672	65.1418
500502	65.0517
305922	64.7187374528
60660	64.3937
307745	64.1167520584
295457	64.0059
24255	63.8411741165
289175	63.6471
300974	63.4056
298584	63.337
308807	63.2715
306587	62.7899
309242	62.765
313575	62.6047
116486	62.4359
25262	62.3984
25262	62.3984
25262	62.3984
360678	62.1603
100911069	61.6275
171500	60.9879687236
171500	60.9879687236
84402	60.8845
296188	60.5462
80849	60.5014
24765	60.4072
310785	59.901
363278	59.8261
83726	59.3833
304023	59.02
310958	58.7107
29559	57.9363
29559	57.9363
140720	57.8962492426
192257	57.7906
114629	57.6845
554172	57.477
83513	57.2917408606
303183	56.827
114555	56.7791
306128	56.778
298675	56.4827
296049	56.0762
291081	55.6364
25497	55.5968
291952	55.4474455956
309031	55.2279
64017	54.8683
296201	54.7629770092
680445	54.7617
499361	54.3979
361044	54.1669
314212	53.939
304860	53.417410621
171454	53.3714
29358	52.6451243225
306439	52.5563
365755	52.470054515
140568	52.4675
297357	52.2081
266712	52.1966
25560	52.0951
498301	52.0689961832
25033	52.0474
363672	52.0394
58974	51.8246
313609	51.6425
83472	51.2285
25577	51.1809
287716	50.7119726086
310097	50.4834691157635
252889	50.0
64638	50.0
25651	50.0
