309514	99.3652248721872
83571	99.2939304868859
315804	98.65723310002
313270	98.1659332378
361388	95.686337695
310785	95.27916
690139	93.4919396948
310086	93.31866008128
301419	92.73986
307766	92.55671
365895	92.4395
289992	92.2852
313510	91.89884
58840	90.67585
306825	90.50407
29758	90.48306
288271	90.0172
502902	89.9097
290744	89.8548
304537	88.6457
311384	88.311014779634
65248	88.1053
24948	88.0113
292999	87.9049
155430	87.6521
79120	87.2771
140942	87.1682097275
309804	86.8358042349127
691947	86.825
29619	86.6633
287113	86.6031
685474	86.3729
365548	86.31
293181	85.8729
81754	83.3125
29748	83.01585
311478	82.9141
297173	82.62
60449	81.6884
314322	81.0186
84424	80.9104
293976	80.663
298765	80.5214
299923	79.9462
312965	79.8729
117029	79.6321
113907	79.5309
362065	79.374255424
288622	79.1746
65048	79.1734
81737	78.9583
81737	78.9583
81737	78.9583
81737	78.9583
64547	78.8000735544
365797	78.4587
364137	78.0491179512
309812	76.2678
83501	75.1545
170843	74.8338
499328	74.7738
64030	74.6486
310461	74.3902243456
360511	74.3877
308337	74.228
25272	74.0667
25501	74.0006
310261	73.5498
685474	73.5463
685474	73.5463
303746	73.4429
286908	73.2718
361391	73.1353
310753	72.8823
297486	72.75
24392	72.6735
317673	72.6327
83476	72.5268
362481	72.455
246325	72.2317
113893	71.9475
85245	71.6991
85245	71.6991
294734	71.1344
116741	71.0779
116502	71.0459
685472	70.7376
100158232	70.7182324282
298288	70.707
94267	70.647753974
314930	70.6084803142
113894	70.3179
289036	70.0438972793
25358	69.9718
311730	69.6693108601443
29625	69.6661
89784	69.5517
360704	69.5513
288182	68.9096
312248	68.9041
313128	68.8374
83572	68.822744815
311039	68.7121
112400	68.585
112400	68.585
112400	68.585
112400	68.585
112400	68.585
112400	68.585
112400	68.585
112400	68.585
316205	68.5821
25434	68.3677
497961	67.8452
60465	67.441334511
494345	67.2494
302975	67.2156
310392	67.1058717671677
314273	66.850427219
64194	66.7286
64552	66.5247
64552	66.5247
293112	66.40522768
155183	66.0046
313860	65.6147
679869	65.1098
306000	64.4079
365755	63.9145182193
305227	63.7107
290566	63.5924
171413	63.2922
302890	63.2186
311346	63.186069718
56010	62.818
315338	62.5982
64631	62.552
25650	62.2102
367218	61.9743441331
361309	61.9202
306071	61.8974036374
363266	61.7515
362342	61.6299
295217	61.5780069863
295217	61.5780069863
314423	61.2768
314423	61.2768
293960	61.251
363129	61.143
308795	61.1124
84486	60.8166
308537	60.7827
316077	60.6466107827787
303511	60.5746
302470	60.548
306451	60.301712404
81746	60.2561
298017	60.105
361400	59.7884012727
287615	59.620120759
306152	59.3136
25589	59.2456
116500	59.2322
689388	59.2195
306274	58.537
308282	58.4725
100529260	58.3754
314850	58.1274773344
299940	58.0067
85262	57.963
297481	57.9591
303193	57.7365
25272	57.4626
308322	57.448
315870	57.3461
25272	57.2189
64525	57.1993
64525	57.1993
64525	57.1993
64525	57.1993
304063	56.6342
79212	56.3742556546
83726	56.3636
117243	55.9276
307861	55.8822
192215	55.8613
288734	55.1817
297867	55.171
313981	55.018
297530	54.5488
25112	54.5452
54231	54.5224
29456	54.1571059914
29189	54.049
304833	53.9931
306873	53.8094
302619	53.575
79426	53.4813
81664	53.4284
309871	53.3391327601
293528	53.2584
24180	53.0569
304714	52.8585158515
313974	52.4116885744
306439	52.206232708
306081	52.2022
291962	51.9874222286
171138	51.6342
117556	51.5844
360677	51.4935
100362347	50.9694
688993	50.8803
367218	50.2451623415
29637	50.0
687031	50.0
