362037	97.6123437321526
306998	95.46187
306998	95.46187
29354	95.2234575772724
309774	94.487341096
260323	93.1071751050604
252963	92.7076127474
114517	92.2871172
192270	92.2051431384
498798	92.16341
296049	92.04972
291022	91.7293
680486	91.49166
246208	91.36292
260323	90.6628585736106
29628	90.6494792239
29628	90.6494792239
171072	90.392339518
303132	90.2754657283306
291352	90.1238839151273
25405	90.0579
25293	89.3938407256
29201	89.0722
292148	88.8025
399489	88.8016
116589	88.4354
679713	88.0047
29705	87.9393914112
84550	87.8000075720664
89868	87.7718
299909	87.6015
315795	87.585
305083	87.2295
287982	87.2016
304920	87.1256
81661	86.7346
361383	86.0511
308126	85.9091
316412	85.8554
316021	85.6538547085
79208	84.7428878878648
83469	84.5539
24773	84.4468679872
24773	84.4468679872
24773	84.4468679872
298066	84.3461
315851	83.4792
619436	83.1902
361613	83.1614
100360552	82.9302
29456	82.8277797441
363836	82.5798
293344	82.572407244
65198	82.4842065788315
24766	82.2723156424
64543	82.093
312316	81.7001
24694	81.5679
312135	81.4265
303692	81.4083
360906	81.0616
302396	80.8077105857856
298894	80.7673
553106	80.3119
116647	80.038674154
83572	79.9692
29433	79.8617
288057	79.7872
293103	79.5892
312077	79.1304
298012	78.7701082626
94197	78.6658
81515	78.6648463228
81515	78.6648463228
360917	78.5165368324626
171018	78.3892
171018	78.3892
171018	78.3892
25293	78.2968295053
25293	78.2126726049
25293	78.2126726049
25293	78.2126726049
316395	78.0042729664
313304	77.1334
498545	77.0544
498545	77.0544
25094	76.3404401927887
310090	76.1271
299156	75.7114081657885
309532	74.7237
192178	74.5185468378
361679	74.4806
302855	73.845
112400	73.6879
305424	73.6356263096
304794	73.5917
299647	73.5794
683788	73.523
25047	73.4798
100125370	73.3653
691947	73.2465
680338	72.763686682
310769	72.6457
24673	72.3847
309969	72.1405
94273	72.0667071541
311901	71.9289
25514	71.6684
309014	71.635
308410	71.4899611045
114637	71.2724
291019	70.9716
29758	70.8939
295347	70.8569993984
337868	70.8412
25429	70.8123
308899	70.6994784152486
308899	70.6994784152486
313216	70.5983391632
362860	70.5731
89791	70.5211
313478	70.1837
56064	70.1108
24575	70.0302241774917
24575	70.0302241774917
24575	70.0302241774917
24575	70.0302241774917
24575	70.0302241774917
24575	70.0302241774917
296161	69.900721802
24790	69.7352101114069
302671	69.5074540348
83614	69.495
298801	69.4044
362591	69.369919741
361503	69.2835
114214	69.2804
302363	69.2272696768
59299	69.174865507
311913	69.164
501099	69.1624604301988
25694	68.965122988
641316	68.8328609961085
308789	68.8328
290912	68.5845
363519	68.1557
80773	68.0107
500972	67.9835
308709	67.941807727
170840	67.8058
309129	67.4835793702
502020	67.367374561
310306	67.0985814928
310746	66.8543
306152	66.582204757
291023	66.5269
25447	66.4807
289486	66.3688
313375	66.2053
289233	65.9609
502894	65.6588528071
494344	65.5715
362483	65.514
25245	65.4421186468826
25245	65.4421186468826
309419	65.2808
170698	65.2479
306562	65.2027
25248	65.0072301882452
29525	64.9887
299928	64.8813744108353
297486	64.8581868712
25489	64.681
502674	64.5567
100233213	64.5208
308472	64.5108
259218	64.4685
691209	64.3902971356
89821	64.367
64042	63.410458752
81718	63.0167
79124	62.9776
85254	62.8645714432
685072	62.4993661561
685072	62.4993661561
266732	62.1146739993492
29702	62.0592
500137	61.3363
24906	61.3132
25033	61.3094
361293	61.28851992
500651	60.8888
499929	60.8881
298267	60.3505
266780	60.3107782408
83792	60.3023
29589	60.2303
360905	59.973
83633	59.6903
362759	59.6694
304884	59.4763
288778	59.4101
100361376	59.3996700144
365410	58.9862
79253	58.8781
311182	58.845
25707	58.8096
282587	58.7219
310806	58.6214
305795	58.3233
315265	58.2358112404
24667	58.2355
309053	58.173440517723
140584	57.9834727375
316233	57.8862
84394	57.8789894932
444986	57.8277
83824	57.6768436456
309686	57.6557
24923	57.4461
500418	57.4418
246262	57.2609
304545	56.9623
289400	56.8160521097
25743	56.6613958217305
362665	56.4618934388
288779	56.4021
24826	55.9267
24826	55.9267
308118	55.7798
315217	55.5325
304495	55.3265
287610	55.2372
312566	54.7125175514
50998	54.5714
117257	54.5107
298288	54.4542
360584	54.3578
291078	54.3282
498910	54.1668
308212	54.0419
64559	53.9988144899419
316067	53.8151
619440	53.8088
302424	53.7692941996
301516	53.6242
310903	53.0471
309008	52.9646890752
304218	52.876
304218	52.876
315806	52.7906
317183	52.7255
310352	52.6469921867
94267	52.4219
25253	52.3247
293505	52.2928
315463	52.2235
317425	52.1655
157074	51.7932
100361138	51.5574
363067	51.4805
24948	51.4354
114901	51.3945855125
310506	51.296099517
25205	51.2833566404376
64561	50.9915
24412	50.6798
288154	50.0235785608
171493	50.0
289457	50.0
683626	50.0
114504	50.0
288707	50.0
79208	50.0
300074	50.0
689560	50.0
