363269	96.08900827305
266787	93.61475
289949	92.06283
117279	91.95572
287953	91.55472
171411	90.77013
171411	90.77013
171411	90.77013
171411	90.77013
171411	90.77013
171411	90.77013
171411	90.77013
310791	90.31617
140590	89.5624
84608	89.1785
50572	88.8224
500384	88.0797
25105	87.8032
302396	86.4076
298894	85.2474
688394	84.8008
25338	83.8892
291100	83.5158276392
29686	83.4147
29686	83.4147
313352	83.3721223282
29686	82.9712
81531	82.6243
362713	82.5708
305248	81.9788714059
81717	81.5049
362749	81.3216
288108	80.2856
312927	80.249
100361269	79.736
291060	79.6413
114845	79.3518454414
79251	78.9996
311165	78.4517935652
81750	77.05222156
500132	76.9333
83508	76.1774
360520	74.7795
56064	74.6785
288108	74.5538
303206	74.24294493885
116996	74.231624466
308864	74.145316048
360632	74.1055
266682	74.0358
84407	73.62246406
497892	73.3175
497892	73.3175
306451	73.2144
313304	72.820377094
362557	72.3739
365895	72.3368
64561	71.724
302502	71.6701
64630	71.0684627928
113922	70.6446
24883	69.9906
362720	69.8613
50568	69.5908
94189	69.5482219576
307766	69.4352
80338	68.902
25668	68.4464
302507	68.4268
312952	67.843079633
296925	67.5488708872
315141	67.1924
290633	66.394
304601	65.9056826332
85384	65.8898
24835	65.6533
314612	65.3494231811462
309041	65.2425
311622	65.239486625
171129	65.2077
24248	65.0796
297481	64.6548
315422	64.4864
54281	64.4332
64041	64.4263
362065	64.362
314384	64.1510746878
307724	63.8221
116677	63.6269670369995
286928	63.4967
83502	63.3873
314480	63.192499527
192234	62.8359
170843	62.7908
315259	62.7408
308718	62.2838
58820	61.8957
25037	61.7382
25598	61.47
294012	61.0135843162
432358	60.1425
24790	60.1276213224
311726	59.7862
498749	59.4880035157
81676	59.1684
292139	58.0206334078
288105	57.6255630239
314717	57.3685187249
301442	57.2574
303754	57.0467
689377	56.9566
25458	56.7431
29628	56.444
29628	56.444
498140	56.4165
24605	56.2977
116554	56.2485260234
297486	56.1816
25643	55.819
81748	55.1845
366854	54.6995
114557	54.5658
60671	54.4812
297783	54.2894
309126	54.2483442136067
310506	54.0448
287212	54.0098
364976	53.8442
140670	53.6619
313981	53.6368074458
24484	53.436
294091	53.4225
50658	53.1756
50658	53.1756
297392	53.1486
291019	53.1154
29365	52.9953
50658	52.9086
66013	52.5797
29715	52.47
309304	51.6752
259237	51.0752342284
310152	50.7802
291640	50.0
113976	50.0
50599	50.0
679890	50.0
