306600	99.0822392065
365652	98.1447498407064
364706	97.27035
60577	96.8081741407
309400	96.6327465985
50552	96.3954920380065
291320	96.1971006513
24511	95.58853399112
305835	94.52129
296532	94.19556
291324	93.98642
363266	93.94813
361921	93.18430799344
246237	93.17791
641521	93.02934
171159	92.87929
298884	92.54687
307070	92.31406
83824	92.00911
81801	91.9756035365
29642	91.97487909871
310399	91.7706219036801
266759	91.70177
83497	91.57877
294734	91.5066638536761
29737	91.3705025278
25738	91.2576
289036	91.20015
289584	90.9540045934
303251	90.89803
361925	90.7715780503
306873	90.68662
54242	90.52035
684980	90.33533
308000	90.2573338213
171113	90.0412712546
25283	89.9712864298
59088	89.8908
85430	89.8839
304794	89.4429
309126	89.2891
114514	89.1331
499508	88.9525
306260	88.9255
303518	88.9124
312828	88.6305859099107
362479	88.2985
170895	87.8374
171126	87.621063894
312787	87.3413
301086	87.2329983335
315352	87.0712
310749	86.8464048886273
100360302	86.6482
619393	86.5733
690262	86.4687
296467	86.4045
117180	86.3781331414
293736	86.19628568
687090	86.1645
306129	86.1319339714
310250	85.8745532512
687090	85.7174
295649	85.5369
619558	85.4863
64508	85.4275919797
295619	85.3293000080217
314157	85.1939059693
299116	84.9474
308265	84.8757093602429
311622	84.7804722184
311876	84.6543202884
365748	84.628065778
64552	84.5492
64552	84.5492
50555	84.5214
292640	84.4787
399489	84.3219
25515	84.2824
64823	84.2287
498407	84.0937
113976	84.058260053
303968	83.9784
58967	83.8176
306165	83.5873
679028	83.3382125737
362107	83.2191098104
26759	83.0219
26759	83.0219
361431	82.9562
315158	82.7184
310677	81.7548
83501	81.7544781439
261736	81.358
309259	81.3302573894
29588	81.2733
84586	81.2120452592
79433	80.6937
29591	80.6919
170578	80.6465
287940	80.6131
100362431	80.4993
679668	80.4509
306886	80.2034
310630	80.1005
291023	79.875676672
24679	79.8248056528
313418	79.8156
29331	79.7377
366624	79.4248774992
289881	79.2921460916
306809	79.2270025963
260323	79.1680604975
29344	79.1208
80899	78.834
287275	78.7834
302642	78.7222
294900	78.6461
360950	78.6162105532
313304	78.5067401812
117087	78.5002
293589	78.4803
260323	78.4137922912
307774	78.12
252920	78.1002
81660	78.014
300062	77.6445
294948	77.4501
117269	77.3702
54705	77.0807
54705	77.0807
85384	77.0046
364712	76.98141595
308632	76.9082
689364	76.7721
619385	76.7129513508
619385	76.7129513508
685258	76.6742
295568	76.4869
60582	76.4635826712
25231	76.4318
303614	76.3577994488
497978	76.2192
29705	75.8627627808
304109	75.4099245064
94273	75.2858
84409	75.184426534
50664	74.9294
309533	74.8396
288353	74.8336
25669	74.4863504136
297486	74.464544597
29554	74.2615
29463	74.2094
83588	74.0212
300054	73.8894
316351	73.8439
171138	73.6458
500282	73.5989422205978
25704	73.2131
29562	73.0474
500929	72.7418
313020	72.4576810486
60427	72.4540230058
60427	72.4540230058
140923	72.3509072668
306328	71.8658
288444	71.7952
140590	71.5834034371
29365	71.5789
114520	71.4347
246263	71.2962
171070	71.1983
311039	71.1788
29464	70.8448
498922	70.7545
301388	70.6142
497778	70.5956
497778	70.5956
245955	70.4679
310178	70.4206
64531	70.3658719599226
690575	70.2073
24482	69.7
24482	69.7
306091	69.6709
24482	69.5651
24482	69.5651
312927	69.2878761595
315833	69.0297710895945
303599	69.0231
60447	68.5589039268
60447	68.5589039268
305256	68.4579
308584	68.3633
310483	68.2494
313264	68.2255211806
114522	68.1311903941
116741	68.1236604322231
296346	67.689161593
314800	67.2239
50577	67.1966
25312	67.1132
289278	66.6736
315763	66.3719
310461	66.3221
303478	66.2965
303602	66.0592414711434
365797	65.7843651206
79220	65.6810035428
312516	65.6771185342
301674	65.2902
361615	64.5606
307745	64.326
303292	64.2052
313387	63.9412
314259	63.916
292155	63.3096769132
81661	63.1972
94204	62.9271
294456	62.9130922525
170911	62.7166244264994
60562	62.6668
24499	62.5938
304218	62.3709
304218	62.3709
289693	62.2781
301309	62.0517
60327	61.69
289608	61.6659
294400	61.549
312372	61.3753
306860	61.262623936
303016	61.253358517
81664	60.6979
81516	60.5796
296188	60.4704158036
81679	60.4605
309888	60.3512
116721	60.3387
364634	60.1428
680486	59.8769
192215	59.5954388827386
306998	59.5246
306998	59.5246
291990	59.3211
140448	59.2699
246060	59.1733
246060	59.1733
246060	59.1733
25701	59.141
311450	59.053924412
360797	58.7128
312077	58.705
305935	58.6230321033
311866	58.0775
678759	57.9539489272
78963	57.7205
296762	57.5027
83833	57.3433811605
299131	57.0451
65152	56.8314
24666	56.7314
364814	56.5581
29721	56.4076
287615	56.3317
246232	56.1111
50663	56.0859
289560	55.8401
288371	55.7855
292728	55.697
290467	55.2688
29410	55.2353
303193	55.1316
25697	54.9053
310552	54.8011
362911	54.562677706
25565	53.818
432393	53.5557
309957	53.5391
289595	53.407
64536	53.3521
362918	53.3139
310659	53.2097863936
313166	53.157
290566	53.1501
362871	52.9131
303903	52.5472622872
310086	52.5003
361071	52.3995
367242	52.2695
360526	52.1821724695
84403	52.1290195525
316632	52.1273
361745	52.0441
117544	52.0017722101
266674	51.9903738403
498486	51.9378
498486	51.9378
310392	51.9061411534727
362317	51.8737
361659	51.8009384564
84407	51.7511
306809	51.7238
29134	51.665
85311	51.4832
100310874	51.4410685
25204	51.4365
246074	51.3474
296134	51.2351
316064	51.124
298370	51.0153
362490	50.6198
64471	50.479234464
305956	50.078304803
295500	50.0
59303	50.0
291352	50.0
64562	50.0
