360993	99.4523888112478
252889	99.2071667440657
292127	96.79179
50554	93.38346
124461	92.1107964817
307348	91.77882060285
53372	91.02743
83467	90.75801
291709	89.4441
25571	89.244911782
58813	88.8528738098
307644	88.4881
89843	87.9013
113956	87.6605
306404	87.481532588
493574	87.1168940894
366205	87.0753
308016	86.8054
29218	86.7566683368
25690	86.4662
25690	86.4662
25690	86.3247
306129	86.283950359
361666	86.1709
500616	85.4529815794219
296179	84.7204
64536	84.4788
84487	84.124
363278	83.712833182
361844	82.5631
170927	82.5537
79462	82.5255
25617	82.4543
291075	81.7925
363103	81.632250324
361688	81.4719506553
361677	81.1049
360971	80.6538537519
83619	80.0847
114096	79.8112
304670	79.5552
362533	79.4982
363153	79.1683
303332	79.1229
295357	79.0948
309888	79.0398
308218	78.951
362094	78.3878
312678	78.2855
363194	77.7214
296762	77.5182
24503	77.0801
493909	76.9827784993
100125363	76.0522
310250	75.4365554393021
307503	75.1788
293454	75.1239
314751	75.0272257945
24392	75.0056026266
315532	74.8665
289276	74.3542109768
313598	73.912860768
316663	73.52
360992	73.330757848
296284	73.099429516
289521	73.0554
171501	72.9619
116477	72.7883340081
116477	72.7883340081
116477	72.7883340081
117551	72.7137
79119	72.5465
361554	72.4213
308796	72.1724
288108	72.1623
83726	71.962
116647	71.5845
259218	71.4237
301076	71.3926924229157
688174	70.6936
89784	70.6085775424
315997	70.5851
360445	70.2733
117061	70.224
315036	70.0014
25565	69.6614
305685	69.6122
362279	68.9548
50552	67.81225
365948	67.8088
362342	67.793
299138	67.7823679765
304055	67.5862941566
289777	66.357
24942	66.2158
362246	65.8994
302396	65.4654289919608
304091	65.3895
315639	65.3872
291736	64.2152283096631
373545	64.2086
24787	64.1755
305031	63.9752
307820	63.8942997977111
25672	63.8909892316
688717	63.7613260588
25675	63.721581203
64531	63.6191263542037
294456	63.597911025
299201	61.8607
361838	61.8367
246311	61.5853
65039	61.5578
287456	60.8098
361293	60.7703
84431	60.7543313
79208	60.710316236467
308173	60.6739
60660	60.5976
307067	60.521185141
24400	60.5148
302593	60.4985
300870	59.6671
361400	59.6497660233645
294380	59.5016
494445	59.4931
360621	59.4858
315798	59.467003876
25639	59.3293
306657	59.219254207
361921	59.0437
29726	58.8293
501145	58.8272
293060	58.7921
81801	57.935
25603	57.838180872
288182	57.7789494361439
266681	57.7027
25162	57.5938
24215	57.495
296136	57.4043
296136	57.4043
296136	57.4043
24693	57.3341148696
100910202	57.1554
363084	57.1342
316021	57.0420625168619
291713	56.9586
85489	56.9398
64202	56.8639
64443	56.6775
314321	56.4816
24577	56.0990474884
303396	55.6185
25561	55.6028
297173	55.5439
24307	55.4597
294601	55.4261
171442	55.34
289353	55.1931
306817	54.9851612
291604	54.9672
290409	54.9297
361030	54.81382316
309126	54.6769702925
304488	54.5876
294075	54.552
501502	54.4771
171552	54.4649
291553	54.1654
29144	54.0245
298144	53.9293
302328	53.8906
26295	53.8137
313477	53.5942185559
25411	53.4558
81657	53.4298
266766	53.1758
305428	53.1255
300075	52.8016439172
297867	52.737
363126	52.6949
171072	52.6554034733748
25643	52.4936
300649	52.3654
299204	52.3539
50664	52.1194
24895	52.107
64312	51.9037
64312	51.9037
24398	51.4134
64631	51.3006
290921	51.0221
294667	50.0
362495	50.0
313495	50.0
360602	50.0
304833	50.0
54264	50.0
360389	50.0
362404	50.0
301086	50.0
