293056	96.64414
81660	96.43323
298374	94.34964
299909	94.04571
58954	93.3971295733405
306941	93.39427
29618	93.28888
307098	93.22015
29161	92.0307433759
317425	91.68127
296708	90.920291896494
360823	90.6551175441
25643	89.0223
294568	88.8403
171402	88.7412415554
64469	88.5078683861002
116693	88.2668
304109	87.9408
117056	87.6053
102554884	86.0628939156379
298377	85.8496751
289883	84.7666
25695	84.7567
170837	84.3658
140942	84.337903046
303606	83.9172
287615	83.8137536831
289026	82.8371
313477	82.6988006009074
304315	82.1307612000231
117036	81.7430819668
303700	81.6603
366508	81.6517148531107
304799	81.6502
310749	80.845
288779	80.4892071934
362590	80.1686
282835	79.4763
296789	79.1108
363630	78.7565
313304	78.5734
246046	78.5616
362316	78.3284897322501
29640	78.123
192178	78.1174819212368
25123	77.9628
245920	77.8549
302935	77.7620251113015
171136	77.0464
79212	76.8520558096
308509	76.3095617125
83628	76.285
294508	75.9536
306352	75.8291
100365872	75.7712
293692	75.0531236652
289584	74.710130185
293449	74.532
192215	74.4395
117559	74.0863
500987	73.7674279318
59303	73.7457
302937	73.3803385525
65272	72.6037
299521	72.3799871362
295382	72.1182
24782	72.0537
59303	71.9879
315546	71.9492
308890	71.6865
85483	71.3824822777767
85483	71.3824822777767
85483	71.3824822777767
311328	71.3163680365
312562	71.2791080878
690654	70.9185
613226	70.8569068769
113970	70.6123
315131	70.488
289623	70.4723584509516
432393	70.3992
298859	69.8176204708809
360662	69.6282
303470	69.5991911944
293344	69.1006
117063	68.9094
293118	68.8741338934409
296953	68.85066997
313047	68.5878
314323	68.4526
25522	68.0478
300675	67.6633135923
307614	67.6501
690188	66.9397
362304	66.3404
361517	65.993
24610	65.8134
171152	65.6729
654495	65.6238
308870	65.4029
304784	65.17000835
291314	65.1247
304063	65.0395
366061	64.6626
290668	64.5906321840703
366142	64.2771
363412	63.3145844445
94267	63.2686
304555	63.1706286504
309002	63.147135349
316256	62.807
294065	62.7431
361784	62.5648
361784	62.5648
306571	62.3684
25445	62.2929711745
292686	62.0147
313449	61.8724
29546	61.8349
308939	60.8978
288182	60.2386
303604	60.0902
65198	59.8367
298655	59.7140021246358
300673	59.4995537685
29524	59.265
301119	58.892
314648	58.2498
114022	58.2481
306630	58.0169256993
291015	57.7246
294734	57.6221
25367	57.5294259493077
25367	57.5294259493077
25367	57.5294259493077
25367	57.5294259493077
362851	57.3157
288905	57.2067
294303	57.1898707164
66019	56.9017
361769	56.4794
303332	56.4702
192275	56.029
246120	55.525
302424	55.2774
362788	54.8797
498728	54.8116
313974	54.8063945876
314941	54.7794
84357	54.7482
307742	54.7183
288512	54.6995
81651	54.51993845
29292	54.5104
25314	54.493
313609	54.3427
25054	54.1669096736084
360854	54.1148
300191	54.0497083041
297942	53.7615
297592	53.4662
498999	53.0971
307403	52.831
58920	52.77752724
24796	52.424468644
312694	52.3642
300799	52.2273
117028	52.1731
58949	52.0196177925733
266762	52.0080858734
282832	51.5913497754
64846	51.1686020866
310506	50.710032085
266803	50.6902993354
64527	50.5266773584
29264	50.0
306353	50.0
290228	50.0
