64534	97.75399344376
308283	94.37595
25353	94.04995
171092	93.4734618325673
314596	92.54413
292994	92.211617827
305544	91.62262
81816	90.3921293528
310958	90.0768217624132
688405	89.8629
311726	89.5769
295672	89.5708
365583	89.2692
292464	88.9611
679682	87.9491
29515	87.2689
683514	87.114
24908	87.0502087036
83840	87.0182
25622	86.6777982484
25622	86.6777982484
24803	86.53883745
306657	86.5113
25508	86.2689
365748	85.3353
287474	83.9389
690043	83.5979406994
305549	83.1228
64226	82.8896
362078	82.4902179399104
25578	82.3829
64511	82.0615
307900	81.349442904464
171010	81.2744
24177	81.2495
361242	81.0669
24787	80.869
24334	80.217881083
498301	80.0557529796
363135	79.8969
302890	79.6808
291259	79.1696
291259	79.1696
291259	79.1696
291259	79.1696
117254	79.0321
312952	77.6172
246272	77.544
306527	77.380647328
311903	77.3397805866878
315119	77.3169623545
29222	77.0277
171113	76.5621
305477	76.3840495210085
84360	76.1027
25424	75.2044
302363	75.1281
363913	74.7345
305150	74.5371
302935	74.3663642926
303135	73.6906048996
362844	73.519
316539	72.4085549109292
299971	72.4063900035
171455	72.389458539
361675	72.3581
316519	72.2
316214	71.8644
63995	71.3979
494202	71.237075048703
291796	70.4921
301346	70.2282
295445	69.6356
29591	69.6321
315611	69.6162752760521
294972	69.3758
367252	69.1542468097739
367252	69.1542468097739
50622	69.1357223315
316256	69.1026858552658
301289	69.0769
314441	68.9286
25537	68.3512
287561	68.0378
64559	68.005463392
116459	67.802254377
25750	67.062
296280	67.0463
65218	67.0157675824
304280	66.9543621877927
83684	66.6869
24831	66.6652196596
24831	66.6652196596
117045	66.4902
171078	66.2348
83689	66.1928
299602	65.9656
294103	65.586
81740	65.3671
294606	64.754732019
291309	64.7233
296161	64.64150118925
192280	64.6159
362196	64.3121
294804	64.085514496
300948	63.63577836
84029	63.2386
300066	63.2079
311622	63.1594
140941	63.032
307070	62.7166
246332	62.6762
306542	62.6331
300674	61.9376
360903	61.5252
65168	61.4309
311530	61.2409
362703	61.2138
299188	61.1191486704547
65196	61.0315
24307	60.9689
171114	60.9426553335889
171114	60.9426553335889
171114	60.9426553335889
171114	60.9426553335889
192204	60.8768668096
362481	60.8249
252882	60.7034
25415	60.6018
25275	60.1185
81821	59.859
316242	59.7766
294732	59.7648
314405	59.3369
85238	59.3038622158
305230	59.2587
25367	59.1494155266
25367	59.1494155266
25367	59.1494155266
25367	59.1494155266
308857	59.1026442994
296084	58.9744
192235	58.6791
192235	58.6791
25159	58.6675
24392	58.635332544
79208	58.4398
25492	58.4386
363646	58.4055
362317	58.1304
25648	58.1080346680747
679221	57.8666
116673	57.3544821799
289014	57.2932
296466	57.098331625
299052	57.0497
305714	56.6297881441
305714	56.6297881441
117088	56.6027525854
83825	56.2890193348
25631	55.7198560190275
24408	55.7143
24408	55.7143
24408	55.7143
24408	55.7143
295347	55.6691929942
311968	55.5355
305348	55.3364
361226	55.1117
295691	54.7665421
498089	54.6851555609513
301512	54.5699
65205	54.4579175368
309678	54.3949
170946	54.3905914686
25327	54.2865
394266	54.2034826856
113929	54.1608
304741	53.9697964665676
305922	53.8104721592425
361822	53.6962
498411	53.5281
311730	53.5024
29498	53.3853431545
293426	53.2008
309772	53.0323
297408	52.8887
304543	52.8043
81825	52.6633
81679	52.1835
497961	52.1494
307016	52.1104464596
311617	51.926156002
65162	51.1101
500244	51.0231
365571	50.9099474456
307398	50.8813747028
296560	50.7409
315524	50.7368
290802	50.7210814684
309957	50.7208
155918	50.6655566704
299204	50.621394417813
316327	50.59895642
309400	50.0
315760	50.0
311422	50.0
315131	50.0
246771	50.0
498130	50.0
