407765	98.2342360045428
64677	96.2104944588932
116665	95.946456128
306400	93.8023381188305
287418	92.6730573828366
360546	92.6696245732
305458	92.65329855715
84556	92.1135
89783	91.94884899035
297822	91.45819
501099	90.04529
287545	89.8515011896
50646	89.1896740848457
25594	89.0968
94338	88.9870741294769
59317	88.5207556696
27064	87.9748
300443	86.4113688462012
292067	86.3452
313481	85.2345
114122	85.21925056
54248	83.92
298376	83.8937
300679	82.781805476
25620	82.6576223756456
25620	82.6029492019457
25620	82.6029492019457
25620	82.6029492019457
25263	82.5050780238628
25620	82.0953115897572
25620	82.0953115897572
25620	82.0953115897572
25620	82.0953115897572
29633	81.8904274472406
303824	81.4896279527
303824	81.4896279527
25344	81.2388
316211	81.1162813028245
361512	80.8506
306328	80.8211
58954	80.5407
25716	79.9715
309596	79.4562
317391	79.4090391406
310756	79.1298
679221	78.9205
300920	78.8217
361676	78.609304974
298079	78.5614
85254	78.4284713589917
301579	78.1562532918501
304729	77.8009
170808	77.7591
688283	77.5573404868
59327	77.2344
246215	77.1096812366
85254	76.8495
311642	76.2914
171547	76.265706844
360406	76.1314
305604	76.1224
313053	75.9924
117515	75.6268
170906	75.1443
192362	74.9667
293344	74.6412017587943
298541	74.534
25314	74.507
360956	74.49513704688
360956	74.49513704688
360956	74.49513704688
290632	74.4849
117140	74.401
303831	74.3382
282585	73.6943
303311	73.6486
362778	73.5059
171396	73.3558900306
299211	73.3349
259242	73.1041813595
306261	73.0813481101126
114514	72.765727124
64363	72.6337
79463	71.7920469308
288065	71.6733
302562	71.2536
297930	71.1636
29437	70.3583
78974	70.3509
361613	70.26608175
498549	70.1877950425
363060	70.0615
307124	70.045401025
114122	69.980816323
114122	69.980816323
114122	69.980816323
81916	69.8851698008
304315	69.7030565742347
306274	69.6507601984
319113	69.5930233894
289392	69.2947063667
301118	69.2141084762
362876	68.5055
310626	68.3491262824
303730	68.2425907154272
116673	68.095219638
64200	67.8432
64200	67.8432
64200	67.8432
64200	67.8432
312689	67.707
64514	67.5954877670031
266766	66.8744
363913	66.8291188456
309828	66.7436
364419	66.7195
298859	66.5426186128
100359836	66.3293
246755	65.7701
293023	65.6549537865
84685	65.2525
310261	65.1241622992
29627	64.9822
29627	64.9822
291819	64.975415967
362715	64.9155
362731	64.8556
361437	64.768605795
246074	64.579675052463
25528	64.4850578771462
84348	64.2395
288615	64.2388
60447	64.0375588883887
60447	64.0375588883887
303604	63.935674738
361390	63.924584519
84400	63.4863
298848	63.4009
291921	63.3372662352
304947	63.3174
361857	62.9533
304275	62.801679925
29632	62.3257880584
302864	62.325
289185	62.1904362793892
84357	61.8185
315134	61.7717210749
312478	61.7048543791
363519	61.6314708179948
114561	61.6272
29211	61.2978
309338	61.1578
299928	61.0460095618
171447	61.0202
288762	60.9797
314743	60.9139
361771	60.8294
289754	60.6907
29417	60.2914900705
245956	60.118
299909	59.4691
292483	59.4284
287108	59.2565
266709	59.1756268881269
290551	59.01295
300756	58.9522
361472	58.3996
360576	58.3271736407294
171093	58.0441
171093	58.0441
360673	57.41085
304947	57.3615
83612	57.1913
103693239	57.1455654892614
311427	57.088
292724	56.9979564437989
309060	56.8594949813968
25560	56.6327
292916	56.481
313771	56.122171768
300074	56.0476
309728	55.7161
24831	55.624374975
24831	55.624374975
24252	54.917
24252	54.917
24252	54.917
24252	54.917
290668	54.8874987754637
117520	54.7512
117520	54.7512
117520	54.7512
24215	54.712237405
60394	54.696971876
308440	54.5424
303991	54.4926668028256
293528	54.4484
25285	54.3865
81745	54.1777
29665	54.0548182354
298034	54.0257193724
64525	53.9676
64525	53.9676
64525	53.9676
64525	53.9676
170917	53.866268303
25567	53.4807178475844
24167	53.2983506122491
24167	53.2983506122491
24167	53.2983506122491
24167	53.2983506122491
24167	53.2983506122491
24167	53.2983506122491
85483	53.2549
85483	53.2549
85483	53.2549
65157	53.131126144
171574	52.9909
304332	52.8199507545
307251	52.7531
25145	52.2527
24953	52.2418
24953	52.2418
311245	52.2148
365410	52.1680981516
25243	52.030705306
313811	51.674
192126	51.6563786955829
64545	51.4683
155812	51.4473808061
25237	51.3667
312826	51.2627
25485	51.0217
24586	50.9659
287469	50.9332075398568
363599	50.6514600446
296583	50.5767
361822	50.5487
64824	50.4642186634
113965	50.237630587
307643	50.1557776169663
304900	50.0587222605
64634	50.008260067
64373	50.0
29685	50.0
304983	50.0
314004	50.0
81520	50.0
