311163	95.2176219329078
365895	94.656827565
313575	94.6170745627853
24159	94.0373
24159	94.0373
289168	92.77279
310909	91.4436416272
315036	90.5934094354
116649	90.02536
25155	86.774363569
29424	86.5964035048831
300954	86.2319
690419	85.7664
83782	85.4437
309144	85.3075
65272	84.4928947323
303212	84.2149850183983
315915	83.9069
83720	83.8801
24408	83.2004
24408	83.2004
24408	83.2004
24408	83.2004
94172	83.1469
361063	82.6954
292537	82.546666058
304488	81.8072283316
25701	80.9603
83842	80.7017
25023	80.6396
171070	80.5876
363517	80.2605
94338	79.9578227625061
308445	78.8075
315346	77.8826
116680	77.5714
81678	77.4541823627977
25735	77.3531888228
25735	77.3531888228
25735	77.3531888228
29670	77.2232907643
304157	77.0828
83576	76.1601830493182
288563	75.7485
361167	75.7431
84575	75.3688318967
310864	75.2966
65134	75.1912
361437	74.7533
312372	74.1089
25485	74.1087684385
246771	74.0478
191595	73.8269
309912	73.6951
681059	73.5015301168
361838	73.2987
293614	73.1952148558
361285	72.9466828551
311840	72.911
315348	72.660476032
299979	72.3849514122986
155192	72.0804080496
498416	72.03639538
64462	71.8967
312200	71.5611
65045	71.3006
116548	71.2153
25243	70.71315672303
117255	70.656
500555	70.5516
295490	70.5083
303193	70.506170054
64460	70.1339862348
116741	70.1105
114203	69.9301334155925
307482	69.8183
690899	69.7990113832
363194	69.718927528
310306	69.6313565648
289094	69.352
85383	68.926190459
192362	68.9051835597
266712	68.8812
140941	68.8502
297989	68.7522696904
315134	68.3909194198037
360725	67.9266
100233213	67.460908499
192178	67.1252759522505
297516	66.9879
301045	66.4759
117269	66.4346293225429
155423	66.2114695485
288025	66.1547
286934	66.1156
25227	65.8959
314384	65.8168
114519	65.7388
293135	65.6012065766
361055	65.5158
246074	65.0673631853627
25682	64.9431640522
25177	64.6344
25177	64.6344
25177	64.6344
307124	64.5752
680712	64.4930851787
296284	64.4833
25177	64.0959
25177	64.0959
29602	64.0554
282827	63.8040550594
306009	63.7594
29713	63.7349
310207	63.6538194432421
363045	63.6372
310358	63.479
362578	63.4683
362578	63.4683
60417	63.2371075382155
24667	62.97603532
116595	62.8350822853
296603	62.7792046386
170943	62.7322995739859
494222	62.3024657253
29502	62.1343
360576	62.0767642370492
25482	61.978227474907
305428	61.8815
252942	61.7751
302977	61.4575
289736	61.3243
65096	61.3206
363243	60.7179355488
65033	60.5361
362481	60.5135
307070	60.4922
246142	60.2778
65133	59.6561389647779
170820	59.5284
499751	59.4561378412
680319	59.3399
300458	58.8118
310843	58.7797
307343	58.7367093118
192204	58.7319598942
81643	58.4498
252855	57.897
302935	57.85773742
313596	57.8284
296973	57.6886258051099
304091	57.6628789312
300050	57.5337
304786	57.3423209403923
360800	56.9803
25054	56.8720432828104
301128	56.7328
266600	56.6088172498
24387	56.5739
64314	56.179
24783	55.8447
24783	55.8447
309729	55.7938
29510	55.7290363275
291133	55.4739408941666
29510	55.2719819821
54284	55.1554
287828	55.1464
25743	54.9921105646296
24533	54.8315
296731	54.6506
313874	54.5172
314641	54.416102282
314641	54.416102282
65050	54.387
65129	54.3285092160321
24957	54.2122127302
294643	54.0102422560471
84550	53.949
303059	53.8839
299145	53.8141146141
498798	53.5833362485
25293	53.3129760076
29474	53.2971
362265	53.2054
294241	53.1297696172
316034	53.0993
25293	53.0902271221
25293	53.0902271221
25293	53.0902271221
25293	53.0902271221
29473	53.0349
116635	52.8768
81708	52.6396
304332	52.6299
171126	52.5605
311861	52.5195
192349	52.482
192349	52.482
290912	52.4054134342
315707	52.3181
64824	52.3070740602119
299261	51.8106
116667	51.7226
303088	51.7222236108
298549	51.6165
310635	51.6
311332	51.4653
303369	51.3465650389604
83474	50.8493
24189	50.7085
24189	50.7085
24189	50.7085
362515	50.6992397992903
362713	50.5736
298576	50.5601900495644
289546	50.2363546535277
289584	50.1511948216
291841	50.0
25391	50.0
288108	50.0
361242	50.0
306004	50.0
680130	50.0
683927	50.0
