360520	98.1365452682439
301418	97.82323
688540	97.6115557201656
310086	97.547046335
192178	96.9666492295822
310071	96.8330255633
309053	96.07917626146
361272	95.91072
29524	95.6803371572044
306748	95.64569272015
25187	95.5667909346628
171360	95.5038645669965
497961	95.3148938236
307893	95.1720644750052
79426	95.1399416272
116474	95.0645
307343	94.8374000505488
25102	94.75313833806
29643	94.68823
300756	94.5973957651349
64462	94.19322
50662	94.11155
64043	93.9575606890578
293949	93.85162
679869	93.37077
117287	92.81622
303684	92.7905217136
315345	92.5428621912711
299730	92.4209016598
361504	92.21174
24225	92.0293532772285
24225	92.0293532772285
24225	92.0293532772285
24225	92.0293532772285
24225	92.0293532772285
24225	92.0293532772285
24225	92.0293532772285
24225	92.0293532772285
24225	92.0293532772285
24225	92.0293532772285
361688	91.6041373461
80338	91.08414
362291	91.05051
29456	91.0110648349
366205	90.92416
303796	90.8766597745045
298384	90.2905905552606
360492	89.9714
293551	89.6991841152
297483	89.6886
361262	89.5399
688555	89.0102
360906	88.9325
362912	88.8606205829547
29546	88.8414
364785	88.587639153231
297570	88.4887125589837
25745	88.3613
360720	88.143318688
315119	87.9487
304315	87.6888372049222
65157	87.5383
294276	87.5247
290356	87.268651506
287099	87.2312
292067	87.2084
24167	87.1585554386445
24167	87.1585554386445
24167	87.1585554386445
24167	87.1585554386445
24167	87.1585554386445
24167	87.1585554386445
292199	87.1383993328
500131	87.0574883557
311137	86.9379
83502	86.566958922
29713	86.2572
300666	86.2133080517
305317	86.0034022621
303165	85.6526
309069	85.5496021394604
315952	85.4097535806
25687	85.1423
303037	85.0795496242
29461	84.8812
309400	84.7255416583312
64457	84.5232097227
64457	84.5232097227
64457	84.5232097227
64457	84.5232097227
64457	84.5232097227
64457	84.5232097227
287918	84.3099
310506	84.3039980841312
361388	84.2675873578587
25480	84.2034
313427	83.8354803179265
306765	83.8199469914573
300857	83.7338
309871	83.5602
83534	83.5049
312694	83.4555
290644	83.2123
311721	83.0904878707814
309041	83.0856
81656	82.972481599
307907	82.8512190343645
613226	82.836458322096
311575	82.7256627956
309922	82.6975
290467	82.688150378
296501	82.6322
294862	82.60527408
103693239	82.5341974066846
299027	82.4019045250301
114906	82.3523818849
309456	82.2511
309456	82.2511
314157	82.23180571
117016	82.0758307456
25248	81.9273898712
313409	81.6625
362918	81.5988
360704	81.566885509
317435	81.4718961486
305497	81.42295
302920	81.2492487539285
29885	81.2024
294518	81.0672534117483
307526	80.8979559414322
81008	80.833
313067	80.1346924753
444984	80.0401
444984	80.0401
64533	79.8087
316209	79.7933
29715	79.673243219
29715	79.673243219
29715	79.673243219
29715	79.673243219
29715	79.673243219
29715	79.673243219
29715	79.673243219
29715	79.673243219
29715	79.673243219
24699	79.617952453
24699	79.617952453
24699	79.617952453
24699	79.617952453
24699	79.617952453
316209	79.2072
140935	79.1889442704
302711	79.1545
291737	78.732353851
362481	78.4174
50545	78.315
315210	78.133
289810	77.8676
300682	77.5832
361181	77.56688044
311910	77.5335281388066
24298	77.4531
288937	77.3846
100294508	77.0919085636052
246280	77.0781
24299	76.981
498538	76.6564037143
315114	76.628
296884	76.4616
307102	76.2896
312965	76.2138
291132	76.2136
500244	76.1314301608722
100196907	76.1234
116723	76.1151
303100	76.0147
306261	76.0040280411
24414	75.9535
307067	75.9345
310677	75.5705032625601
689399	75.5176
58978	75.4552
58978	75.4552
58978	75.4552
64347	75.2488
290749	75.2466
288906	75.2402
293184	75.1399
316642	75.1267275241
50560	75.0341
171114	75.0165
171114	75.0165
171114	75.0165
171114	75.0165
298765	74.786
304150	74.432
117257	74.3705708725
64443	74.153
287942	74.0462279165
498411	73.9824948896225
25745	73.8623
288659	73.4512842884305
305471	73.254
25565	73.2023425688
680549	73.0606
680549	73.0606
316575	73.0091
360569	72.8282
304103	72.7813
313370	72.7800845876427
100365935	72.5954
56064	72.3064
297822	72.2952
498030	72.2753
314600	72.1112
309804	72.0532468384
64558	71.9485905118
309888	71.9226760566
309156	71.8785455775701
499929	71.7502390792
305471	71.708092978
310652	71.6513
291841	71.597
641386	71.3776596233362
25406	71.0929
315689	70.8650675112
83576	70.6981013392409
171103	70.5278
246771	70.4427
85483	70.3543
85483	70.3543
85483	70.3543
690516	70.3372419866
64455	70.1934479752
287185	70.1591
499020	70.1578
499020	70.1578
310903	70.0936702766
293561	69.631403584318
304092	69.624
299825	69.573
312562	69.3196748256
311742	69.2900020276
24766	69.2367
24176	69.2144
85245	69.2050254102527
85245	69.2050254102527
114024	69.1839
289233	69.1775
300173	69.1003175524319
313101	69.0914
302915	68.8591
691429	68.8545
291772	68.7587
171041	68.6414
690188	68.561164493065
114587	68.5157
65169	68.4799
171041	68.4636
362587	68.3548511245
362049	68.2883638642596
79222	68.2717
315763	68.1751
364208	68.0785
292686	68.0237
81747	67.7715
500069	66.9350852119
497815	66.7689
360589	66.709376596
65134	66.6913
289419	66.6390878862
305974	66.5672
361700	66.5481
682507	66.5238640205393
307415	66.3957
29645	66.2827849992488
316005	66.2708493620824
25439	66.2143676845
362368	66.2128
313557	66.1889
25748	66.1725
289388	66.0479
303604	66.0050644978
81649	65.9382721150067
311311	65.8904160407
25330	65.7925
304860	65.4765
79435	65.4324
29179	65.1187043608
314649	65.0033113573
287522	64.9359303931537
192180	64.9222
501563	64.7981251702
81869	64.4430828124
298652	64.369751632
25251	64.365856504
116721	64.3326
360855	64.3036460498
100302447	64.2502441077
140639	64.0854909091959
300266	64.0045
303630	63.9754114666
117559	63.7408
24642	63.6632
24159	63.649
316327	63.6201
116590	63.388037407438
309639	63.353492179
310808	63.3243
313589	63.1609
24171	63.1566131476471
300443	63.0312
311842	63.024935174
84550	62.9902
306152	62.9846
316101	62.9166828484462
24888	62.8995355634307
24888	62.8995355634307
24414	62.8762
260326	62.864263589
296623	62.8384
304469	62.7397
303693	62.6218
313594	62.5095
366265	62.4992
378939	62.4449
294436	62.4347
313594	62.3816
302396	62.3252
116690	62.0988830483
116690	62.0988830483
116690	62.0988830483
116690	62.0988830483
296969	61.9367
362733	61.6117
291699	61.6056
171552	61.5973382116
296084	61.559775158
170845	61.5435
361814	61.4668
315329	61.4176
296350	61.3801
80897	61.3377474279
29130	61.1715
312711	61.1407424342
292724	61.1209497305871
306439	61.0001
362591	60.8961127042484
314212	60.8798794018
312159	60.8542
362788	60.825966598
25671	60.7613
24419	60.7185001851682
316916	60.7053
362713	60.675535652
305854	60.6693
54312	60.6193
360908	60.4162
296410	60.3687
295691	60.073
363425	59.9594
362485	59.8558
29261	59.798
289482	59.7777905695677
192270	59.7422
311718	59.7397
287521	59.5324747235151
304005	59.5215
140607	59.5141
307916	59.3943
317183	59.2901246275
24499	59.2401259309167
360833	59.0666
25553	58.9724
363836	58.9722
29554	58.7748
303730	58.688282449
140940	58.6088827537415
305922	58.5946
192225	58.5909
619440	58.5699786767419
362965	58.3461410195
50568	58.3221
306562	58.258298787373
317346	58.1459
294299	58.13675
685465	58.1279
303586	58.1073261555
29194	58.0521043691284
24356	57.9568
361568	57.8695
298648	57.8198146516
29219	57.765346792
50719	57.7339948912238
289736	57.645267437
78975	57.4935235512
304569	57.3761
25037	57.3688
24831	57.1217
24831	57.1217
297123	57.0987
29479	57.0489
29479	57.0489
65040	56.9486
65040	56.9486
207122	56.888
298609	56.8002935925
309513	56.724545533
304290	56.7113
245921	56.6989
140595	56.6803
307075	56.6078
311406	56.5934066404
25012	56.4441
25012	56.4441
25012	56.4441
117515	56.3063143726
314634	56.1126
94172	56.0457543393222
314310	56.0457
24826	56.0389
361866	55.8941
245709	55.8008
25648	55.7835822896874
25734	55.7778
553106	55.7415335326
25430	55.724123493
296651	55.6584
296599	55.6156
287125	55.4262501508
25430	55.4219129954
171070	55.3134
360658	55.311637015
302671	55.2635
306792	55.13951576
300659	55.0392
497010	54.9881626108
25501	54.8412
300813	54.7533
303330	54.7291
290905	54.7192
60447	54.6287151425827
60447	54.6287151425827
288364	54.2478
498549	54.217
117059	54.2012
294962	54.0983
64394	54.0529567895643
290361	53.8364
298992	53.81
294235	53.6276
681913	53.5679
310698	53.5253396902
114101	53.4736
373544	53.4578
689377	53.1975
60338	53.0299
60338	53.0299
60338	53.0299
311163	52.9897
595134	52.958296126
303547	52.9302461236
314964	52.9151
124461	52.9087521119156
60383	52.7478
25327	52.728
497198	52.703501398
315644	52.6574
313873	52.6452
364052	52.6261
296115	52.5877385086
500430	52.5414619955
25603	52.5084618578
289504	52.413
499660	52.3564
84402	52.337009738
310621	52.2338828167
363707	52.1898
309051	52.1009
29571	51.9807
297416	51.8863
25744	51.87044479326
291637	51.8265699912948
252897	51.8265699912948
291635	51.8265699912948
498847	51.8265699912948
252895	51.8265699912948
116782	51.8265699912948
116482	51.8112573036
499617	51.7608874558
303745	51.703
288499	51.6675208768
100911069	51.3623
29376	51.3585914746
299156	51.299447324638
307724	51.283881369012
301346	51.270150892
311441	51.108
289717	51.055830295005
294400	50.7177569743309
297952	50.342858016
288702	50.3223515517378
362029	50.203385794
290648	50.0820088763638
316211	50.0574574683
316342	50.0
500464	50.0
140941	50.0
303798	50.0
316237	50.0
116673	50.0
25552	50.0
