317218	92.96861
360619	90.962941246897
313618	90.34393
364634	86.321
27137	85.177
24416	84.7055
114520	84.6945
307200	82.985
64076	82.1492
171519	80.6637
83500	79.6698
114500	79.6377
289138	77.1877
291653	75.8119
29335	75.7000952494
309126	73.9301862418
29335	71.9890738722
93662	71.3414252096
444986	70.3376706357
24896	70.2047
114002	69.3524
679068	69.2095093894
310399	69.1054638823
288105	68.8515
116589	68.6075
81737	68.3403
81737	68.3403
81737	68.3403
81737	68.3403
301285	66.083597344
360750	65.0602
295051	64.5335
315134	64.046232535
140923	64.0387
301121	63.5246
84016	63.3963
311721	63.2738456015489
304807	62.5168
288057	62.4412
24398	61.7068
315388	61.3609
493865	61.1375
24838	60.6408118408
24838	60.6408118408
24838	60.6408118408
24838	60.6408118408
24838	60.6408118408
24838	60.6408118408
24838	60.6408118408
24838	60.6408118408
24838	60.6408118408
24838	60.6408118408
24838	60.6408118408
24838	60.6408118408
24838	60.6408118408
25205	60.4282
100362347	59.9552
297387	59.5802
25270	59.1106
25635	59.0189
114504	58.36
502970	57.7209
361195	57.1337
310178	56.9205
312640	55.6451
308594	54.7472
308571	54.7367
298936	54.0002
300988	53.9645
81922	53.8976
288584	53.7435
81743	53.3776
361095	53.2199
50545	53.1273
307503	53.1243
308543	52.7234903368
364754	52.312
312316	52.0153
303141	51.6509487708
311536	51.1846869836
64507	50.0490465022
313436	50.0
299285	50.0
