498940	99.589249559233
498940	99.54133849358
298992	96.56898535
288599	96.22812
316435	96.16971
64188	95.68228
313270	95.312
85489	94.46058
295455	94.44633923
311039	94.23073
296966	94.1335330111
114518	93.86062
83834	93.5979747705
310638	93.5678330636962
305816	93.42557
266802	93.0027642326
362485	92.71317
302369	92.6813163692663
64440	92.5379503569
54311	92.39028
29721	91.95609
362778	91.51034
29650	91.43218234
301674	91.1718517625
366624	90.9160315776
685472	90.7790137749473
116741	90.6716297936
25341	90.2024
246153	89.907
305544	89.8352
25054	89.8133319950021
365395	89.6087
360821	89.5634122780122
296935	89.4868
305251	89.469
287433	89.2691
364419	89.2346
362817	88.9444
308821	88.8903
288333	88.5899
500988	88.5553
363225	88.4033
306261	88.3247848764
360637	88.2563
171492	88.1989
317381	88.1941
29647	88.145
364137	87.7553
25353	87.7491
291259	87.6957
291259	87.6957
291259	87.6957
291259	87.6957
310749	87.4969336993305
29146	87.207
252899	86.9903
314824	86.904547615
311423	86.8866
85426	86.7910904155921
84356	86.6668
294809	86.4646
25047	86.3934
313512	86.354028015
24943	86.338496687255
307199	86.1764
64531	86.1389659379177
309419	85.8873
307986	85.722
315644	85.6636
306137	85.5572
289736	85.2829
78956	85.1978
170641	85.1481838364
361251	84.9439
360866	84.881
24586	84.8342
499431	84.57
362950	84.5148
314616	84.4236340084
297942	84.3138
304543	84.3071880011508
304488	84.1574
315160	84.1320995065
65162	83.7214897325126
307067	83.4604
308163	83.2210595715
171447	83.2005660422
171447	83.2005660422
171447	83.2005660422
171447	83.2005660422
171447	83.2005660422
171447	83.2005660422
171447	83.2005660422
81640	83.199352652
690195	83.1379061970421
309376	83.0302044197
501083	82.964
24251	82.8328185427
291605	82.6488
24338	82.4692
29705	82.320163423
100361092	82.2859
679668	82.2248
363849	82.1144
308265	81.8418
29335	81.8237769904
29335	81.757186598
314771	81.5634987586
362267	81.3657
170588	81.1569
366205	80.9598
366196	80.9485
305586	80.9483
316482	80.7778424038
363243	80.7605
84357	80.5958
360548	79.9717492512
360967	79.3067429
290230	79.011
306376	78.973
25495	78.9298831144178
192251	78.8534450731
171521	78.6315
432358	78.2472
287526	78.1834
81919	78.1459
56819	77.6674
684112	77.5524940136
94272	77.4814424
315508	77.4721
314198	77.3498
58919	77.3414201313414
246769	77.3331
293949	77.2845
246769	77.2704
500037	77.1789155136979
64553	77.097013975
292767	76.6531
364224	76.6481
116506	76.3761
116506	76.3761
497988	76.0419
497961	75.9467898008
84396	75.8203497583427
295457	75.7940592384
304244	75.7882
500036	75.6407
64310	75.613
305002	75.5482
316312	75.3708
314388	75.059091648
83684	74.8134
309153	74.6545
300944	74.4452
25248	74.4192519665
29663	74.4104147886
312199	74.3336
307745	74.3328
25692	74.255
81516	74.2347
305792	74.1503
313874	74.1396
66019	74.0975
25556	73.90416489
25600	73.8641
298189	73.702164452
24680	73.5360867671846
362489	73.463824159
317163	73.313
309957	73.1527
361213	72.5669
303604	72.5316
313845	72.3626
679787	72.1941
313375	72.1787
299138	71.9552
315915	71.8154
499617	71.6189
313427	71.5753577332
29448	71.4466
361824	71.4008
171341	71.1441
295378	71.1230613224002
84550	71.0488906889839
60447	71.0117268836616
60447	71.0117268836616
60660	70.8167
361802	70.4945
312251	70.4341
314388	70.2941380993
305310	70.2126840229622
24398	69.9693443854
297381	69.9549
680308	69.9292
294012	69.9054620664747
29588	69.554342165
84352	69.4528
54244	69.4201910102
307271	69.3552777115
315600	69.3078
171403	69.2341
308624	69.1361823073287
299979	68.9697850133084
83788	68.9659
83788	68.9659
83788	68.9659
29344	68.8776
293937	68.8052
116744	68.5388
192262	68.5199
58967	68.4752
314647	68.4681
85497	68.1815
361442	68.0862
29392	67.871
316794	67.644617175
25360	67.522887612
313373	67.3514662447
83785	67.1180701636358
83785	66.9257824496219
83785	66.9257824496219
83785	66.9257824496219
83785	66.9257824496219
83785	66.9257824496219
83785	66.9257824496219
83785	66.9257824496219
83785	66.9257824496219
83785	66.9257824496219
83785	66.9257824496219
83785	66.9257824496219
83785	66.9257824496219
289883	66.8857
24417	66.8801
302808	66.796
300674	66.5083
84012	66.4975
24831	66.224
24831	66.224
307296	66.217
364032	66.1841
291936	65.9753
25099	65.9142
301128	65.9092
292090	65.744
688785	65.6143
24654	65.3546
192178	64.8775360724
64443	64.5918955954
302941	64.5702
64362	64.454
689074	64.3095
29555	64.3067850445501
252853	64.0612
313098	63.8965
310969	63.8464
363519	63.7544485104389
311730	63.7468
498079	63.7297
308692	63.7074
305795	63.3982364856916
29483	63.3313457351278
29483	63.3313457351278
29483	63.3313457351278
29483	63.3313457351278
291770	63.2335045504
404781	63.1075331756
302396	62.8830518479
305482	62.755985489
25589	62.4433457122
29577	62.3873
29456	62.2598558033885
83626	62.2403
170843	62.2248499918
310392	62.1919191183091
309544	62.1886
296787	61.8500499589
364786	61.7014
298487	61.6850285724
29611	61.4895
294518	61.4849
24414	61.1960320114825
246760	61.14
683512	61.1091
294606	60.999470719614
54284	60.8342
54284	60.82695
64701	60.7809921664
29300	60.7508
293426	60.7231954874
378467	60.6217610571029
25667	60.6192
25232	60.5791
303234	60.533
24560	60.4498534416
298069	60.2515679368624
64442	60.1665
296301	59.8516
311446	59.7136
305687	59.658133144
291130	59.5389895366754
306630	59.4618
84027	59.4346
25745	59.3708
25745	59.3708
171500	59.3495375056
171500	59.3495375056
308409	59.265
59293	59.2646
24356	59.257572937
65196	59.1876
25648	59.0502777536
296084	58.832575291
293526	58.7724
25544	58.7124760522105
24414	58.6027387678045
117029	58.5709
306817	58.4346
311902	58.2664
304709	57.8494668654282
307491	57.7854
362938	57.6622
29380	57.4979
310250	57.3420277088
314300	57.3042
311430	57.1961
192204	57.1394808922459
287940	57.1034
25478	56.8281626345042
360916	56.6283515678892
25507	56.6122
24215	56.5607041444
360654	56.515
25611	56.4338
310681	56.3032
171563	56.1853549300903
309722	56.0274452935
25708	55.6445
85494	55.6366
306009	55.5976
363016	55.5465226827982
317575	55.5184
312787	55.3505
309002	55.3178440165
315524	55.1923
298576	55.1887544576
298884	55.1803447975
64666	55.0802
291549	55.0791
288181	54.9110188696745
316351	54.824536852
306081	54.6302504927
309728	54.5904
291352	54.50764588
25123	54.4126
362665	54.3230917288
313156	54.221
303803	54.1577
294030	53.8535
29497	53.7992
29497	53.7992
24790	53.7613287255
310958	53.6556
312159	53.3611
64511	53.0458
308051	53.0343
361745	52.9827
304208	52.6576341422691
362078	52.6305
680668	52.2580058032826
25267	52.072113988
83505	51.8603
116675	51.6851
192229	51.662157266
296968	51.6461
83527	51.3924
83527	51.3924
83527	51.3924
83527	51.3924
29376	51.3237301319
50681	51.1158
296293	50.9772
246116	50.9299562514792
296936	50.8739
311478	50.8296
362819	50.8113
64521	50.4141819365165
114850	50.1935745905533
25464	50.1003697664
25560	50.0
25608	50.0
362782	50.0
360962	50.0
25048	50.0
79123	50.0
287753	50.0
365601	50.0
