499022	95.8708
81920	95.80165
64530	95.6823225931
315478	93.10945175672
25023	93.03971
25402	92.74639847599
293570	92.4392275730451
294018	92.07894
310760	90.3660273994
84409	90.28325
365755	89.0144108896
24191	88.358
25187	88.3103922575589
286973	88.2588839622436
25248	87.8295
287299	87.5765
294043	86.9368830717
366734	85.0036
362595	84.595
310261	84.1157157075
310909	83.7997
682930	83.7567
296753	83.650168827
171064	82.7836312375
64032	82.041565114
117541	81.77
365972	81.0432
246153	80.9022
288620	80.6668
291750	80.4035
316348	80.3563642369
294799	79.5585
307081	79.4268
114505	79.3775764354
297705	79.2071
361554	79.2033053571
29702	79.1958360385
83731	79.1426
192269	79.0312
291689	78.9870981232
292406	78.9786
311468	78.615
81748	78.607177696
312562	77.846933024
24552	77.1768297825
362700	76.8517
83505	76.6871
25340	75.8583
246302	75.7185
297932	75.5097
313876	75.4789
56042	75.0407
29473	74.7012
25243	73.5898017646925
25544	73.049
116590	72.9052039426819
361688	72.8642158432
301416	72.8295
690693	72.601354191621
85489	72.0956
300813	71.9904370912
116677	71.5885
317346	71.1588418322
315423	70.8821
29261	70.8579
288280	70.7039
312903	70.4928854378
64358	70.4213143516
29364	69.9805
117538	69.6567846235612
305268	69.5338172600156
310917	69.4357494843
81746	69.1831
362809	69.0875
363412	68.959646953866
83572	68.8718
117556	68.6202
291608	68.3712
303332	68.3198
81708	67.9241
116482	67.8659
302669	66.943
117036	66.9301
304798	66.9143
294503	66.9045
117016	66.8484
303439	66.8373
287564	66.7856
361391	66.6608
304286	66.6104
293142	66.1689927404675
29520	66.0594
308028	65.8918
84394	65.4660051034
293454	65.2736
304431	65.2319
360858	65.0246
65198	64.7015
313308	64.6417
301255	64.4695
362956	64.0902
313053	63.6091
497954	63.5061211498091
25611	63.2969
299625	63.2313
24790	63.0054215848
50864	62.6757
83527	62.4123
83527	62.4123
83527	62.4123
83527	62.4123
24382	61.8973
100310874	61.4496
314612	61.3689536014
304766	61.1165
60447	60.5267865739
60447	60.5267865739
500282	60.5014
24173	60.0639
312154	59.7829
25205	59.6628747071633
362960	59.4201
170849	59.313740676
362720	59.30119196
303399	59.2028
302977	59.1837
313370	58.8755520244
360775	58.6294
360993	58.5382
298288	58.4555456312058
292138	58.4246
314273	58.3931360255523
300173	57.6789843655
500715	57.5184
497967	57.1036
100362554	57.0018
291015	56.8289
246263	56.6286
312826	56.5702
24827	56.4002700474448
497815	55.981418304
298748	55.8167
292831	55.7384
296318	55.472
81528	55.3434245134
315434	55.2497
81655	55.0262268976
302980	55.0148
29544	54.9509
315953	54.9167
311412	54.8427691869577
25715	54.6286254095
25757	54.1278550083268
316164	54.012281534
291352	53.7777
84594	53.5035
287478	53.2209
498650	53.1705726117179
498650	53.1705726117179
171548	52.9295545889085
298874	52.8366963118
25270	52.7477
307745	52.4248
305586	52.0291
294012	51.983
316663	51.4485
362721	51.327
304601	51.2332
317218	51.2034
308961	50.9576
303790	50.9431
29631	50.8270322688
25281	50.0
361196	50.0
