290280	99.952358990035
664630	99.1015484124016
310399	95.0401781372658
81730	93.76626018605
81504	90.591680116
362495	89.9016
116656	89.5908
304743	88.6924
64826	88.3093
298992	86.3932824622479
300996	86.2286
24922	86.219588515
296956	85.7383720828
310344	84.9601
59327	84.7035722926
303188	82.6772
307745	82.1593925785656
315219	81.8397
25154	81.7576
84050	79.5376
297910	79.155
116596	78.0389530997
24766	77.9982933235
679869	77.2983
81518	77.1762
286988	76.6313
170851	76.2749
25270	75.6359
289094	75.4933
308021	75.4758
50552	75.4360440992
56819	75.2829
64189	75.1309
297930	75.0523
311384	74.5735
362900	73.4706
25481	73.4580936575
293059	72.7095192304
399684	72.1163
25031	72.0668
171146	72.021
24654	71.8715
298944	70.867812916
360908	70.4508156284
114561	70.241
680407	69.4458
171120	69.3761
29642	69.2240675907
25708	68.7501
64152	68.6793
363445	68.6284692718
94202	68.5759
79208	67.8993769195
304507	67.2411
362609	67.197173118
362521	66.5795528354223
686611	66.5319
686611	66.5319
363445	65.8969082695
306492	65.7425
300474	65.7282201880177
296182	65.3864684336
313387	64.7052
308306	64.4066
84596	64.3834
362300	64.0264
308937	63.8989
299116	63.5797
305935	63.4058
500244	63.3784570736
103691034	63.2899720807049
83580	63.2619
292406	63.0747556858
29591	63.0582
80897	62.9082790653385
315891	62.7919
498709	62.611
311968	62.5042
25202	62.4641565616
25033	62.4125437605
312381	61.9170576862
303439	61.5529
314894	61.1388
362862	60.6295
25703	60.556
305164	60.364146702
310638	60.0683881599848
309957	60.0443
298874	59.241860474
306564	59.2265
81530	58.9172
308523	58.4795
25615	58.2085
306387	57.5793
366894	57.3671940656
81816	57.0503689348
498008	56.3933
363249	55.5094
301374	55.2423698498
312927	55.1654
113922	55.1108
252961	55.0790621235
252961	55.0790621235
499964	54.9128336521707
312440	54.6455
501145	54.3817235296
360272	54.2331
54284	54.0943
317183	53.9031
288353	53.7432
140934	53.7009
360827	53.4656
64464	53.4651
259241	53.1672
246074	53.1085993696
315852	52.9842
114613	52.8301
25621	52.7847
313845	52.634
85238	52.3385506481
319110	52.2137
313512	52.1830975958
25687	52.1705
114095	52.1628
246755	52.0914836503
170920	51.5795
641452	51.3728
83571	51.269661365
360905	50.9392
295686	50.5899
24398	50.1577143184
170895	50.0
313507	50.0
84396	50.0
114591	50.0
289400	50.0
