64047	99.4724404209407
314721	98.7108970023087
116590	96.6264687988
365895	96.3367809273068
361970	96.2004583616462
595134	95.861
298992	94.08535281145
63995	93.70021
290744	93.33555
314771	92.76863
363465	92.38971139075
79433	92.15459
60326	92.0084394152706
314788	91.49531575
54300	91.40212
25512	91.08289
299194	90.59416
301742	88.9197
252961	88.6389
252961	88.6389
29436	88.3716
25671	87.4640311208
83824	87.2905271378
81758	86.7692
364706	86.722994194
311182	86.6913
301442	85.9263
83720	85.6277
64457	85.1533
64457	85.1533
64457	85.1533
64457	85.1533
64457	85.1533
64457	85.1533
494345	84.7976
493574	84.699050882
307774	84.5477
64845	84.4023
316351	84.4023
313352	84.305738128
246212	84.2788
317418	84.1971
24781	84.0074
296583	83.9383
25501	83.6688
312398	82.5027
311236	82.119
65051	81.9345
65051	81.9345
25281	81.2037
25620	80.9996
25620	80.9862
25620	80.9862
25620	80.9862
192178	80.9854108865151
313155	80.8804
25620	80.4856
25620	80.4856
25620	80.4856
25620	80.4856
313433	80.1018
316137	79.5433
306129	79.328
54244	79.2904
295347	79.2813
81656	79.1946957205851
306197	79.1237
24237	79.0421
312052	78.8919
307206	78.3749
304150	78.1396
314785	78.013488376
83726	77.8122
295401	77.7643
494445	77.4399
499431	76.423
24766	76.2085
309407	76.1438
498266	76.0084
363269	74.2351
288057	74.1027
295686	74.0883
689043	73.2533
29362	72.9385
364224	72.7742141722
310811	72.595
58813	72.5142
60423	72.17
298184	71.928
299156	71.742
315447	71.631160843
292486	71.553
314543	70.9211815945563
29222	70.5992
309957	70.5535
286932	70.3449
314800	70.086396742
24936	69.8873
362385	69.809
302977	69.5964
298144	69.3897
361071	69.3398
64827	68.7237
309478	68.5975426984
246245	68.4908
498650	68.1548
498650	68.1548
502902	68.0765
362329	67.8016
288937	67.7344849952
116482	67.5557225146
366734	66.8865646144
308021	66.55476993822
311494	65.8648
310745	65.4386974629
25460	65.3814
685823	65.2828
309804	65.2110641744
246116	65.1304730192871
300095	64.3596
60334	64.0646
314964	63.955095888
25508	63.9476
301575	63.8605
287593	63.7051
302980	63.5642
363266	63.3915
83466	62.7389
300860	62.6197
301460	62.4601
25578	62.3105
291259	62.0248
291259	62.0248
291259	62.0248
291259	62.0248
302593	61.4152
288353	61.2323
308983	61.0984
64823	61.0253
64076	60.8463
25263	60.6981
24413	60.1427
117101	59.9823
307492	59.8702
316164	59.6878
361554	59.634
311791	59.6049
312903	59.501
312381	59.1637594610547
266808	58.8044
363498	58.5844
311401	58.2682
310969	57.68711668
289606	57.3164
297942	57.1212
25605	56.5855820232
362050	56.466350461
305792	56.3161
685384	56.2979856024
364032	56.1887
64313	55.3995
361688	55.3833
498008	54.9545
306091	54.794
305246	54.7308
297758	54.6628
311327	54.333
60325	54.3108
292483	54.0581
361990	54.0331
114557	54.0292
65179	53.9715
83685	53.5637
368070	53.524
29642	52.9721739936
25537	52.807
500036	52.5867601216
54262	52.5085
54262	52.5085
25253	52.217709051
294410	51.9121203048
296119	51.8823
81920	51.7655
307271	51.42361333
296182	51.2981
298944	51.2723
362173	50.9563
25334	50.6123
310392	50.5690455005451
317256	50.0
170849	50.0
50555	50.0
