60327	93.59149
499171	92.30444
316611	91.92129325
60449	89.8628
307296	89.422051414
289233	88.5617
246232	87.8854
64204	86.9266
64204	86.9266
64204	86.9266
64204	86.9266
64204	86.9266
64204	86.9266
64204	86.9266
64204	86.9266
64204	86.9266
64204	86.9266
64204	86.9266
54245	85.7503
292739	84.5663
360550	84.4158835745799
290905	83.6328
362170	82.6205
306657	82.5815
299347	81.0883
314374	80.3252
361970	80.0438194555
60663	79.8649108316
501088	79.7161
65042	79.2738415872
365592	79.0929
289278	78.9237
85246	78.6857
362182	78.2285
613226	78.2199
29713	78.1302642944
60660	77.7157
58923	77.657
60334	77.1019
260323	77.0225
360229	76.4928
78975	76.2377
260321	76.2074278645
691278	75.6778
304218	75.1363
304218	75.1363
298934	74.9406
365345	74.8656
681429	74.317
309651	74.216
259241	73.7511
303599	73.4749
301097	73.3274
58840	73.0174
29424	72.802885967939
315795	70.9882
192357	70.607
290648	70.2551
290638	70.2210411874
291411	68.6359
57301	68.2015
314859	67.960039699
360445	67.6943
360904	66.9429
308451	66.9406655044
246760	66.7306
100361733	66.7026990048
293098	65.7856
362788	65.6207096832595
309168	65.4319
297337	64.7823
29597	64.0143
296380	63.9159
308663	63.6997462765
300129	63.452
363058	62.2998
313449	62.0241148228
140734	61.9822748612
304979	61.4118
498003	61.2281903212
64519	60.8378
78947	60.8001
89783	60.7988184235548
312806	60.7253
65208	60.6154987554952
497878	60.3418
363516	60.207
289515	60.0175
287110	59.8254
25577	59.6521
305268	59.3025
294324	59.0237940915001
81531	58.8497750712
303311	58.3142132316
361020	58.0115
361020	58.0115
94273	57.9728
287751	57.9674
84014	57.73
25480	56.9986
25007	56.9727
364064	56.9196
304055	56.3933320039
309255	55.8634043552282
304813	55.7166
297942	55.1519
362264	55.0031
289482	54.7401
295922	54.7193
295922	54.5943
679221	54.539
296318	54.415
25230	54.1533
25230	54.1533
25263	54.0264
298095	53.977
305848	53.9097
303132	53.7501855300692
100360518	53.3752
309523	52.4741
291129	52.2999
288587	52.1153
64634	51.905
25123	51.8278
310820	51.8062
294449	51.7415
313598	51.672889394
114705	51.6195764827
100362555	51.1713
100362555	51.1713
24415	50.918284637
313620	50.0
114243	50.0
24380	50.0
