50555	99.8522546053928
360632	98.3677113514862
360480	98.08879216475
24718	98.0437678408
303132	97.7212137543635
24184	97.67925916
24716	97.5902286578
100360066	97.1861927369533
286931	96.64701
362831	96.162650112
83722	96.0992338282858
362876	95.60182
362359	95.31962
360722	95.24013
361388	95.0951622215874
501563	94.52392745238
500137	94.30732
287275	94.03837
315141	93.96063
171052	93.37775955769
117513	93.1956612064
29591	93.12593
100036765	93.0278583867
306459	92.81966
117056	92.72275703092
246116	92.498630122
291328	91.97538
303439	91.8179680144
170899	91.737984677
291130	91.4567464275486
498650	91.3536911937263
288108	91.0627383628
289584	91.0162020839487
59107	90.994847858
78975	90.9509
288091	90.83973
313166	90.73215
303690	90.655571823
303690	90.655571823
360834	90.60672831
300266	90.5705
309126	90.3437340402
25344	90.18216
56011	89.8522
362741	89.8392174202
84356	89.5883570575
171563	89.5267842729
81649	89.4503
63886	89.2009
315000	89.0861968977911
288707	88.9864
500430	88.739239456
24790	88.4287257537826
353229	88.2977
305835	88.2593395124
288499	88.2086077023445
294864	88.2068
303602	88.2004965415505
362045	88.0668
498678	87.97
316611	87.9394
360466	87.8844527094
295928	87.8344
299762	87.6764
79212	87.4148195627397
310399	87.3822135481
117526	87.3613272202
311336	87.3203
314818	87.2575
313131	87.119
29628	87.051827546
316620	87.0278
291819	86.9307
362950	86.7734
363220	86.506
25467	86.3657
501097	86.3371
303181	86.3078
304218	86.1744479168
113975	85.9974
29344	85.9341
360920	85.8931518739548
316583	85.8376
300652	85.7518101372243
192251	85.6819
360853	85.6179
294744	85.4988
309798	85.3951
24669	85.24177399
314330	85.1246041146608
314384	85.0898208050035
311098	84.9666
294400	84.963529243
54297	84.8833286568535
307016	84.8754
302810	84.846731446
362291	84.7044632213
293673	84.4851
679640	84.2403
361295	84.1786049053
266772	83.7088
24963	83.6164
309312	83.5322
65172	83.4616
282819	83.375
316211	83.323
78965	83.1904233094
59317	82.9691419225
25100	82.8752
298081	82.736
25664	82.7128
65272	82.6475977003
498650	82.6416626622514
59317	82.6298
314196	82.6048401051054
503214	82.503
294088	82.4964
315352	82.3528
314157	82.2668
308906	82.2394
301264	82.1496
690038	82.0995
308451	82.05225494
24412	81.9960167615262
294283	81.8263
311384	81.777677115
116477	81.7093
116477	81.7093
116477	81.7093
192154	81.6322
58839	81.6305
689995	81.555
81002	81.428067628
313588	81.4204
363227	81.3874
24420	81.3844
54281	81.3808
366061	81.3278362476
309962	81.3178
690987	81.1313
362052	81.0344
296461	80.9727612164672
303336	80.8206
304474	80.6089
307200	80.3888
288557	80.1863
84482	80.1515
29659	80.1258
116590	80.0964599425
299356	79.9812691
84510	79.9548155200234
117087	79.9049
117064	79.8916
54295	79.7678
360827	79.7012776446
361613	79.6431
171151	79.5639
25012	79.5516488328
25012	79.5516488328
25012	79.5516488328
292041	79.49595521
171501	79.3609
595134	79.2877115564
313954	79.1804
361309	79.1399
64559	79.0976
29492	79.0490076208
289424	78.9268
29628	78.6955660135
361627	78.6841
81925	78.1772
24590	78.113
310392	78.0924595093743
245980	78.0342
306868	77.965192457
80843	77.9033969792
293491	77.8845
305604	77.8209
362301	77.7193
499529	77.3829
266600	77.2994655053782
85239	77.1804907543
81633	77.1619
171366	77.1273
315346	76.8362
362279	76.7111366422432
690654	76.6507
303755	76.5217
362788	76.2062553072599
24596	76.053
308392	76.0233
308392	76.0233
84359	76.0137155893
361601	75.9357152159
78963	75.7961
312440	75.7904
116725	75.7514
309157	75.7451
25267	75.6324563032
304833	75.4002
64526	75.3513
500555	75.2409
292760	75.1703682242226
54289	75.0626470792
295588	74.9288
296281	74.9217325319491
306608	74.6834126105342
29750	74.6516
170911	74.5455
304157	74.5201745561195
288718	74.4758077078
288921	74.4586
171131	74.4536
59266	74.4157
311860	74.3110313306228
100362554	74.2895
691774	74.1609
303070	74.1343608470029
84394	74.006821159
313323	73.9993
304244	73.7610661528
310533	73.6623774844
259241	73.370618515
366889	73.302
100359680	73.2259
245903	73.097
291403	72.951346124
252929	72.9076
65205	72.9041523796
303251	72.8399
288563	72.7598
25405	72.4844414193085
309456	72.2247
309456	72.2247
113894	72.1991876992
313749	72.0947
64154	71.8945
689377	71.76
24883	71.662802566
64441	71.4642
501661	71.31869343
291813	71.2074
295445	71.1106
362751	71.0487
291750	70.9345
298992	70.8729523327
360230	70.8687
290567	70.6283
116699	70.5976
307526	70.5509963789
360540	70.5013
84407	70.4117
94338	70.324330678698
299618	70.2833053535
192270	70.208210895
56725	70.1656
292019	70.0792
296467	69.6803
24552	69.5204
366518	69.4956
362258	69.4559
313845	69.1778267333441
29629	68.9686
29629	68.9686
25705	68.9535
298859	68.8944
305623	68.8261
24167	68.7808320537163
24167	68.7808320537163
24167	68.7808320537163
24167	68.7808320537163
24167	68.7808320537163
24167	68.7808320537163
288482	68.7512306125
81521	68.6577762688
315904	68.5755
65195	68.57164324
65195	68.57164324
362111	68.5281
293016	68.3007
117020	68.2587
293016	68.2513
297758	68.1724
408243	68.1517
287564	68.0733019494
308266	68.0511
29316	67.933727510876
360820	67.8314891574
29331	67.7812
304290	67.4838847217185
362860	67.2325
316216	67.2173
310074	67.203498722
298682	67.1679
29263	67.0649
25701	66.7966
307927	66.77881112165
25159	66.7117
362304	66.703
287479	66.5810119949
286758	66.525
291133	66.1506425053
286923	65.9275
286923	65.9275
286923	65.9275
116472	65.9115
24645	65.5633
81740	65.4668
29516	65.4166
309628	65.2265
29619	65.1840607664
685474	65.1816545829
685474	65.1816545829
685474	65.1816545829
298767	65.14
294606	65.0994
114093	65.0457
300018	65.0438
289924	64.9621
315500	64.9416
114490	64.8563
310086	64.76059998
497948	64.561501174
362515	64.5523922964218
303310	64.5186
83633	64.5099
691149	64.4863
362301	64.4639
498609	64.459
498335	64.4094
295378	64.3270401367
680133	64.2586
310097	64.0593
117515	64.042121211
303214	64.0261033029502
316213	63.8922
302424	63.8607313447
361118	63.7347
317343	63.6805
296346	63.6274
54348	63.5828
304860	63.538
288740	63.5371
311245	63.4994
293453	63.4458521905
171048	63.4104
171088	63.2111
291433	63.1881
317247	63.1753641464695
290317	62.9516110384
361251	62.9029
500715	62.8925
303614	62.8542
84490	62.7887
500988	62.6663
500282	62.5688
300791	62.5334
309255	62.4342
58924	62.429093614
305887	62.3273
499745	62.2383818482
364624	62.2205
500200	62.2175
360520	62.13677977
114105	62.0426
364069	61.975
289311	61.762
361745	61.7582
378467	61.6268
64679	61.5999
306260	61.5262
295325	61.4997723945
114028	61.4404578824
306454	61.412172589
297942	61.4054
100188944	61.3342
100188944	61.3342
81746	61.3208
500199	60.8209
364952	60.7587
316214	60.4778
303376	60.4432995146244
59076	60.4359
59076	60.2891
116665	60.1695
499966	59.9509
64508	59.8259
64826	59.7866
287607	59.7289
362871	59.650959093237
362923	59.5556
246297	59.4085
117257	59.3859
301062	59.1855753015081
308937	59.1010429643
689909	59.0041576765
286989	58.9751
309243	58.9578
288821	58.8432
25715	58.7073536399
29629	58.6458
25743	58.6414945998182
619580	58.6287522354
303068	58.6228
25433	58.5417
304055	58.5251587544
315439	58.3238
303336	58.2268
297514	58.0635508456
29588	57.9992981152331
114845	57.87147952
305497	57.7948683313
305505	57.758
29278	57.7316579608
361940	57.7261133995
308016	57.6169
25249	57.5022
303016	57.4357455764
29644	57.3945
301709	57.3727097568
25592	57.3182
29758	57.2051
24158	57.1331
301374	56.9847420160536
361391	56.8821
300341	56.820995095
84360	56.6943273828
360821	56.4414608324
287433	56.3871
312030	56.3632
362703	56.1615
83619	56.0782
362859	55.8499
305889	55.6963381087356
303470	55.6875
404783	55.6530175816
679712	55.5795
302415	55.5435
365601	55.4478931436331
29256	55.4115
100911068	55.3548
25664	55.2994
25664	55.2994
64030	55.2056
315259	55.1104931008
24689	55.0429
315958	54.9722
362778	54.9671857816
29256	54.966
29256	54.966
50719	54.9415818339714
294643	54.8410055106526
360161	54.8008
360161	54.8008
292172	54.7695
246295	54.7378740294316
311412	54.57805
64358	54.4553783289136
24493	54.2977406318
246215	54.28412462
308593	54.2653
65169	54.1668
59087	54.0929
295446	53.7710749274
362011	53.7637
50566	53.7066752671
307398	53.6547020172
171458	53.60995
24831	53.5198972584
24831	53.5198972584
362911	53.4981
117540	53.3968
302502	53.2229
304218	53.1391769934
307724	53.1126
365699	53.0007
314751	53.0003
365748	52.9521271632
302976	52.7696
24397	52.7253
613226	52.6007
295230	52.5918
295050	52.5056
29458	52.4787
117559	52.4656
94204	52.3268
25023	52.2711
315564	52.1947
54355	52.1385
81636	51.9172
362235	51.5540139984
314694	51.5111
305420	51.5066
362495	51.4218
364240	51.3996
114095	51.3302
310071	51.3251347726
299611	51.107443969935
680229	51.0982003302
303375	51.0855
25739	51.0671
366463	51.0132
297989	50.9857783
305896	50.9236
310772	50.9202067173806
83626	50.92
296954	50.8675
500562	50.8016466656
298765	50.7616
296372	50.7085
84575	50.5816842574
360600	50.5752979463194
317324	50.5189653828
310506	50.4442812817494
171407	50.275425034
85262	50.198413168
361384	50.0
309069	50.0
289257	50.0
171144	50.0
304822	50.0
309678	50.0
310812	50.0
310250	50.0
