306004	93.81807989673
84410	92.64183
302898	91.63491
291691	90.48818
690987	90.332265922
29543	89.8647381932
50594	89.3199714576513
499561	89.1913
317181	88.2754
64462	86.0312
83526	85.406185352
311913	85.1234620108
302937	84.5946150154
362962	84.1952981296266
311864	83.554
85246	82.8169506776
54705	82.7646
54705	82.7646
114490	82.5819
26955	82.308703118
84485	82.3057
84550	82.2016010764
117560	80.8090106
192204	80.0024491636
54281	79.9662728026
309888	79.7775794952288
298300	79.4663
311437	79.1263727990346
304816	78.8456716687
293566	78.7937
361285	78.6712
64528	78.5824865228674
296762	78.5649
316626	78.1253
94268	77.9513116453
29331	77.8782
311129	77.3707
292780	77.2824
29434	77.1043
117519	76.294136521315
288108	76.2427
192183	75.6595596309
65040	75.2660011495
65040	75.2660011495
170520	74.8818528136
311861	74.1570352982057
294674	74.1458021968
292584	74.1166
116679	74.0629
246775	73.4855
25578	73.1071
85273	72.1995
288108	71.8023
246074	71.718010310712
308632	71.4328500418
25501	70.8182584824
29232	70.5965
29362	70.10075
361068	69.9224
291975	69.8577348736
303478	69.256568798
246325	68.8902
288906	68.8046593656
360496	68.7511
360581	68.6813
301709	68.6662
298575	68.5352
25687	68.4702
29477	67.3654175508759
140448	66.821072302
304361	66.43
312727	66.3427
311591	66.1861
79011	65.8563
299204	65.7167
289372	65.6735
361698	65.3976
500287	65.2517
312504	65.1573
360551	64.9943
306009	64.9749
499617	64.966154183
266711	64.9559971559263
497931	64.3355
681211	64.2888
60466	64.2285680492
301059	64.1443
360827	64.05255
309255	63.8811982831
361594	63.3371683834
25159	63.0114
24387	63.007288432
292022	62.98425681
309376	62.9508517452204
293860	62.5133
361700	62.451407008
500244	62.3436547235103
311721	62.180158392
298954	62.169
299188	62.0414293376945
25743	61.8144044375318
315170	61.4453264063
312675	61.4435649274
60384	61.2923
295401	61.1863275294
54323	60.996558472
84686	60.992798481
25721	60.6666
296129	60.3964
304294	60.2892
25739	59.7981457073
29433	59.6115
305451	59.3348
500430	58.8838380068
315158	58.7715572272
304592	58.1262211945
114906	58.0645542224
360537	58.0581
303304	57.8285904204
362102	57.3354
170751	57.2864
362483	56.9899
294043	56.9401
362510	56.900987416975
25125	56.8796
315880	56.8734605558
58979	56.7857
287637	56.6177
24772	56.523639327139
360956	56.3536769125
360956	56.3536769125
360956	56.3536769125
65047	56.3375
192178	56.1659609790946
315806	55.8089
361531	55.7715
306619	55.6799
94338	55.6788697406
303796	55.5697
306765	55.4187406407
60334	55.2287
81504	55.0992988648
80850	55.0222538609
80850	55.0222538609
140592	54.9008400243267
24611	54.5687
303553	54.3405342131509
363577	54.303667242
316369	54.0935
687208	54.0008
287441	53.6656956625944
85385	53.537877667
85385	53.537877667
288657	53.4976530842726
315741	53.3569513523862
114029	53.2841434980722
84006	53.2297
315084	53.2176
361041	53.195141319
246254	53.1231886324
246254	53.1231886324
499751	53.0140066483461
298032	52.9957616712
305302	52.9541741956
29140	52.6389
361191	52.4653991911
500132	52.3505989899305
287884	52.3203
302976	52.2322053825797
654495	52.1469
116502	52.0998862518
191595	52.0322
300191	51.9374069137
29231	51.8567
311901	51.5329
685244	51.378
679462	51.3565
366274	51.250773448
295446	50.627
58920	50.5787187665
287989	50.4946728776
287828	50.3550348473382
113976	50.0
293023	50.0
25717	50.0
246324	50.0
25505	50.0
25505	50.0
25505	50.0
305471	50.0
246247	50.0
289584	50.0
304496	50.0
114856	50.0
361466	50.0
