64677	99.9690587912023
300653	96.24662
307350	92.28991
58940	89.3917186341
432358	89.3478
296966	87.9362
306998	87.2092
306998	87.2092
307643	86.5856694655
24373	86.2683
362510	85.816633465
83731	85.4483
295027	85.4254
282836	85.0641
282836	85.0641
498328	84.7644
79209	84.3464510527
246327	84.1083
246327	84.1083
303310	82.5406
100362431	81.6658
50685	81.6582
286994	79.8747
299811	79.7401
117058	79.539583904
29448	78.6755
305835	78.5907
79244	77.2598
293888	77.0254
300813	76.5921
313339	75.4758
116589	75.4224
363016	75.3601
500972	73.8626
25587	73.6113
303016	71.7352392208
24708	71.5172
83836	70.9135
362049	70.542
306376	70.2652600098
303259	69.9581
29458	69.4793
24215	69.3408
298992	69.0051
305031	68.8053
367252	68.2348686065296
367252	68.2348686065296
113961	68.1237
24675	67.9794
24778	67.9376
301086	67.936
310207	67.3099494112
296084	66.9982
301563	66.3974
301563	66.3974
301563	66.3974
680445	66.1802
363684	65.8426
79246	65.626
25151	64.8743
29487	64.34334169
309390	64.1735
84487	63.6259
298012	63.3068
305792	63.2978
64366	63.1784
64366	63.1784
316064	62.7499
361065	62.6517
81678	61.720754816
286938	60.9981
303828	60.0312
305248	59.697935912
100362347	58.9516
308762	58.9316
25288	58.7772
29463	58.6996
313352	58.5671590372354
25592	58.5509
81531	58.3278
84408	58.3047
116633	58.0799
25510	58.0294
25510	58.0294
79239	57.6307
79239	57.6307
170843	57.2218
295382	56.9520736378
362283	56.8238
287418	56.3225950473602
503214	55.9476
303068	55.879
362520	55.4521
303918	55.4351
298786	55.3565
292041	55.1685
58953	54.9372
360854	54.8709
304203	54.5095
83631	54.2121
309391	54.0345263571133
60447	52.8458271568
60447	52.8458271568
686611	52.4244599938
686611	52.4244599938
25289	52.3892
25289	52.3892
79123	52.1026
313242	51.7849994457
94267	51.7109
291044	51.6664
307016	51.5794
25257	51.2421
361213	51.1587
245956	51.1137056749
170698	50.5940638336
307251	50.5686722969
300359	50.5585
362938	50.0
310864	50.0
84398	50.0
