58813	92.7446404512
24564	92.6632096498
24949	90.8259310284
24949	90.41170816
301255	90.3256244624288
313593	90.07612
302473	88.80513688
94202	85.8704
94202	85.8704
308864	84.3506
24699	83.8742
290564	83.4802
56817	83.1954
56817	83.1954
56817	83.1954
306765	82.9884
499660	82.9278
114700	82.1855
315689	81.2977
81738	81.0203
362895	80.7913
291772	80.6341
58839	80.4325
498286	80.3178146419
294809	79.6807
282819	79.588
29144	79.5072625742
64358	79.0566
312806	78.179
304507	78.1338
24493	77.9629
445442	77.8993
65161	77.4954
83471	77.3990520801
291914	77.1895
298744	76.7052
360521	76.5935
117039	76.5611
117039	76.5611
84396	76.2351
307660	75.542
114024	73.7901
404781	73.5409
289831	73.3361
24699	73.2366
24699	73.2366
24699	73.2366
24699	73.2366
113990	72.6802
113990	72.4213
113990	72.4213
306204	72.176
84426	72.09
316064	71.866
25231	71.5679
65206	70.7650668048
65206	70.2150235963
65206	70.2150235963
84488	70.1773
681913	70.1411
83784	70.0658
310693	69.2999
315121	69.2303
363145	69.0793
313270	69.0317
317382	68.6195
500430	68.0472572096
29545	67.8054
362489	67.7041
308899	67.35465845665
308899	67.35465845665
295965	66.9378
293494	66.9345
689314	66.8638
246282	66.7157
298867	66.6260987392
305149	66.022
24922	65.7202
298884	65.6587
29430	65.3647
313436	64.7495
85385	64.7288
85385	64.7288
25639	64.6884
297508	64.6691
361315	64.545
312102	64.5025
595134	63.9016
113990	63.7544
60355	63.4231
246174	63.4219
259242	63.2408259207
314432	63.0401
313231	62.9729439684
362665	62.6332
25583	62.5956
24167	62.5876589574
24167	62.5876589574
24167	62.5876589574
24167	62.5876589574
24167	62.5876589574
24167	62.5876589574
316758	62.5302
361651	62.196
171064	61.2852
364681	61.2267
25331	60.3341
497936	60.3214
303336	60.2395
303336	60.2395
367090	59.7335796175
317630	59.6237
316209	59.6153
362049	59.5349762107
114102	59.4339
362703	59.3835
117101	59.1762884332
296708	59.0976
103693419	58.9601
171091	58.8143
500695	58.7201
311569	58.640632048
301309	58.6295
313591	58.5478
316333	58.3051
64076	58.2066341936
363545	58.2021
307986	57.8936
360229	57.8479
304490	57.7068
685322	56.9038
100361314	56.79
300173	56.5331258274
81815	56.4025
81754	56.3067
288620	56.3058
295252	56.1744
366872	56.1531
365895	55.9495
502886	55.9360978107
316209	55.6276
292686	55.41450995
116741	55.2475
288914	54.9637
366203	54.4923
192258	54.3724
309255	54.3247
306439	54.2052
360917	54.0059
306274	53.8895
65042	53.6226
301323	53.3528
286906	52.7404
65162	52.3819345587993
306285	52.281248176
24831	52.1230422322
24831	52.1230422322
304486	51.9571
81651	51.9499
171358	51.9415
25117	51.7205
299196	51.6939
303754	51.2631535231382
54248	51.2243211955
25023	50.9658
64440	50.7193129586
83469	50.2734829312
25577	50.0
308215	50.0
