58936	95.52063
314743	93.98517
295319	93.39777
116600	89.9195
296390	88.8534075925
64545	88.8386
313130	88.7923
296408	88.6195
25282	87.132136492
314388	86.6033624698
314388	86.3532847549
287615	86.328
81922	86.246
304495	84.957
25248	84.3542
308912	84.1196
25493	83.9797
309858	83.4476956468
297797	82.7141
298081	81.9556
294019	81.5855
29392	81.3633
192155	81.2081
309665	81.0257
304091	81.011
64470	80.6785
595134	80.4864
315696	80.2971
116718	79.6639
303016	79.5667
287275	79.2702
685472	78.943
296281	78.0286905678
360540	77.5579
29524	76.9377
289264	76.4422
81005	75.5195
298514	75.0416232896
114839	74.457879682
312616	74.3629
295443	74.251
292584	74.1577772128
687147	73.4730482251405
687147	73.4730482251405
114215	73.1701
304816	72.7135
297436	72.3703
337868	72.1819
315219	71.729
360639	70.914
310659	70.8681714184
83629	70.0312
307842	69.2712
53372	69.1476
29743	68.5651
309106	68.3987
362782	68.2804
307482	68.1716
362275	68.0439
311842	66.8486
116670	66.6559
309008	66.494
292401	65.088276436
54320	64.9923
296988	64.6672
304488	64.5493
24651	64.4529
85275	64.1833
500562	63.904
29755	63.6392
84488	63.521
140590	63.1635
29492	62.9178
117536	62.9043
117536	62.9043
117536	62.9043
117536	62.9043
501195	62.7901
252939	62.4066
494125	62.0875843158
306991	61.9861
308592	61.7532
313048	61.2658
360854	61.1066
313262	60.9906
294154	60.9779
310638	60.5418
50658	60.127518629
50658	60.127518629
306771	60.0095
24417	59.7469
81800	59.6483
303373	59.3872
116487	59.2656787486
311909	58.9937
25601	58.4179
25601	58.4179
25601	58.4179
25601	58.4179
25601	58.4179
25601	58.4179
25601	58.4179
25601	58.4179
494445	58.2966
300027	57.961839925
25730	57.9115
286923	57.6714
286923	57.6714
286923	57.6714
50658	56.3296677967
361810	56.1987
305000	55.9704773379
171335	55.3225
291640	54.9956
295325	54.5199853815
362045	54.0055
85253	53.2681
554172	52.8067272214306
306110	52.6504
25556	52.2937
360547	51.5595
58967	51.1733
89805	50.8137
54268	50.4334488892
24413	50.002482053
29714	50.0
296623	50.0
688502	50.0
