25012	100.0
25012	100.0
25012	100.0
84551	99.9999999993893
25136	99.9999999983601
24248	99.9999999961104
294103	99.9999999921234
24877	99.9999999838726
171402	99.9999999831555
192249	99.9999999788325
24922	99.9999999749248
54267	99.9999999493437
25567	99.9999999210045
313589	99.9999998817294
314304	99.9999998797815
304543	99.9999997896521
24586	99.9999997844057
25296	99.9999997776802
85258	99.9999996290106
25098	99.9999994447644
25037	99.9999992797733
24460	99.9999992476197
308021	99.9999990904786
84550	99.9999987279251
306564	99.9999987033344
362956	99.9999986496899
500638	99.9999982299728
83589	99.9999974920226
24224	99.9999970649869
306804	99.9999953026507
171056	99.9999944439763
500318	99.9999933533733
306571	99.9999930548988
83633	99.9999924015486
362665	99.9999910816839
79219	99.9999908706402
304813	99.9999878504202
25352	99.9999860573845
29714	99.9999859168184
170913	99.9999837838266
287473	99.9999814404326
362489	99.9999807703526
361844	99.9999784758153
24163	99.9999774245329
311901	99.9999710260175
362876	99.9999698984394
56819	99.9999645533985
361745	99.999962138739
84589	99.9999607807539
25181	99.9999605764136
309628	99.999956189981
298653	99.9999557368221
363243	99.9999549058166
500485	99.9999320228977
314596	99.9999316585737
24681	99.9999241561036
140448	99.9999232212136
304592	99.9999201670249
296259	99.9999144727574
305230	99.9999132138766
288512	99.9999110522132
690654	99.9998886246016
298189	99.9998445732435
311437	99.9998205775911
29398	99.9997998740921
613226	99.9997725973709
25051	99.9997195671928
298878	99.9996964899671
64558	99.9996851856418
171360	99.999630349639
293710	99.9996192281806
305977	99.9996023051777
25272	99.9995596579718
54278	99.9993989368363
25272	99.9993801475782
25272	99.9993801475782
245977	99.9993391753912
25031	99.9992035504577
691138	99.9988710362437
24591	99.9988610647544
314442	99.998434099692
245982	99.9979041454416
500112	99.9977321718343
361103	99.9973981155633
84402	99.9971651507647
25164	99.9969335983231
361675	99.9966816272645
295455	99.9953433009184
25528	99.9952954791324
60417	99.9950391831255
286984	99.9946896101038
64563	99.994643476274
124461	99.9945591936205
499308	99.9945504939513
64014	99.9940486593794
171458	99.9939578831318
58919	99.9939513067567
24397	99.9933201744361
314647	99.9929795354459
24255	99.9926675186807
29599	99.9926590209978
311326	99.9919750079145
309888	99.9917184926166
85254	99.9906219504168
304323	99.9905320546048
81657	99.9902514508823
309135	99.9897432776808
292949	99.9884858509819
311919	99.9880588944736
312607	99.9879128381281
300980	99.985119073274
362819	99.9849291347955
295620	99.9838619723147
78974	99.9837463577088
29628	99.9783821836621
29628	99.9783821836621
291549	99.9779760296246
64047	99.9775500699167
361390	99.9775289978157
290317	99.9772930069504
362287	99.9766449055074
29213	99.9759264910777
293135	99.9734242274551
24848	99.9709670813088
498650	99.970714517711
498650	99.970714517711
24398	99.9704244800441
85268	99.9698670782582
85268	99.9698670782582
85268	99.9698670782582
85268	99.9698670782582
83501	99.969266230678
100233213	99.9608772370831
361668	99.9594422214367
81613	99.9575629000279
81613	99.9575629000279
24521	99.9563872050204
24521	99.9563872050204
24521	99.9563872050204
24521	99.9563872050204
24521	99.9563872050204
29448	99.9556233585911
311311	99.9553690278646
64507	99.9552105105168
24772	99.950913582236
294091	99.9493809571738
83626	99.9493519224018
306600	99.9464010919203
24596	99.94538450816
140720	99.9432337243483
282825	99.9425178229113
361018	99.9421341278178
293024	99.9394804152989
310207	99.9375655967263
84030	99.9265734309159
171093	99.9254555511798
171093	99.9254555511798
60582	99.9212089365791
497978	99.9210078834372
313348	99.9143376123066
314855	99.9137073909393
362037	99.9105736992191
81613	99.9085125241411
300783	99.9074577304666
114104	99.9058119601934
303586	99.8960143766694
311114	99.880899992701
309611	99.8807716524306
291637	99.8797886167585
252897	99.8797886167585
498847	99.8797886167585
252895	99.8797886167585
291635	99.8797886167585
116782	99.8797886167585
65162	99.8786115925815
50687	99.8776105500643
25620	99.8756526797656
25620	99.874531160769
25620	99.874531160769
25620	99.874531160769
365245	99.8667687806024
64531	99.8657472513477
25620	99.8602879604916
25620	99.8602879604916
25620	99.8602879604916
25620	99.8602879604916
294210	99.8598060253518
100302447	99.856131844256
24827	99.8543319439752
116554	99.8497082571145
246282	99.8479074080428
361688	99.8390846760401
307897	99.8346071656901
24546	99.814889380432
117264	99.8145068753746
84394	99.811157106117
315744	99.8077318983893
301388	99.8041129489605
363455	99.7997932652161
25342	99.795366198492
314374	99.7824480916068
363735	99.7710456297007
303343	99.7648857502144
363103	99.7616102151459
29177	99.752946058616
29500	99.7318254336691
313609	99.7058769840741
64824	99.6522141824004
304881	99.6262015562345
64547	99.6174288609254
100361376	99.6153300075417
361338	99.6066350263674
80773	99.6012808182478
310506	99.5945073229017
81613	99.5918150922514
113976	99.5809322401238
259242	99.5808870123755
25694	99.5686116867376
288734	99.5680226206382
298024	99.5554574508529
298024	99.5554574508529
117043	99.5374915486709
307124	99.5301204035151
366265	99.5074298218939
306009	99.4851269988665
84356	99.4767204554547
502988	99.4631535944746
362456	99.3496222000379
25560	99.3206970533956
24483	99.3031999643423
24483	99.3031999643423
24483	99.3031999643423
304193	99.283558261888
29424	99.2050965581237
155918	98.9403261717895
83526	98.9076303380201
300756	98.7765338690827
309855	98.7673283571222
83572	98.5741003517537
29555	98.2644369868792
246047	98.2205287524858
309380	98.156776445902
171565	98.1304421651031
171500	98.1162813930777
309659	97.849669471356
300341	97.8122567380049
316369	97.7942387618731
314221	97.5854990998115
301306	97.4806660037793
24807	97.4576300105991
680419	97.3015677234532
25743	97.1495619632069
292087	97.1313365915862
293454	97.0688397864539
302373	96.5746528858
497988	96.4760993243795
309722	96.4549085277928
171485	96.3670107289381
314996	95.8956502605771
114561	95.7995006561322
306492	95.6323370836
313668	95.4949348509008
84556	95.3764522969026
317343	95.2398055688554
25024	95.0500832763935
294674	95.0356596616401
360761	94.9805297450999
308899	94.6805949830146
308899	94.6805949830146
306562	94.2418188467111
317396	94.21325
365398	94.0556
29561	94.0351
65196	93.6840146062842
116597	93.5178974128
287441	93.08891
65050	92.9081962048078
58954	92.8567522633359
296708	92.7586423834708
192183	92.577304523411
64303	92.3108821943566
362960	92.2054029700522
303926	92.1686284824421
292199	91.8349040660693
313339	91.8014839045358
304537	90.8749127250937
360904	90.6201636492514
293704	90.3548712172238
296271	90.2032061966311
25672	90.17728
362165	89.7967581014415
500048	89.7176140615131
116562	89.5397
25411	89.30648524
299236	89.18800115311
317470	89.1839044937933
171297	89.1658856312
252902	89.1378
304944	89.0471
304150	88.281025801
360681	87.9757913956769
366697	87.6928084432369
312113	87.5309229586
501099	87.461876677
291133	87.3693928424066
29735	87.3196
360498	87.1752300137336
690528	87.161
291411	87.1259238876068
298091	86.9642947287951
315212	86.9195040013812
363067	86.2243059104447
303824	86.0320931075157
303824	86.0320931075157
171494	85.6653750982
311419	85.6337
296167	85.3225094659891
293142	85.2955743639511
364634	85.2894201401728
171356	85.1822
289311	85.0151538272
29583	84.8925310488976
303233	84.8576
306608	84.5436094351122
81663	84.4524626165416
306203	84.3496
292406	84.2836
289392	84.27981579077
298646	84.1727674031924
499174	84.0251
25537	83.8963
24716	83.7628
100310874	83.5708
84510	83.5361
316663	83.4278728022801
294408	83.4154722699586
304103	82.6908605602555
170946	82.5953
307540	82.5939589994763
288105	82.574277842269
307820	82.5119219035104
293113	82.3644
362304	82.3048
25035	81.8885498411064
304037	81.6496
687031	81.5883313664731
50565	81.1775
619575	81.1624149015548
499991	80.7365
140946	80.728030624
316330	80.5191
116647	80.4587
362521	80.3446615894
308896	79.8945
81812	79.8415003261976
362081	79.8229
296188	79.8027151
300018	79.7356832865165
83685	78.7858868288872
289664	78.4933
304807	78.4905702717116
308761	78.3268757056
305464	78.2180085988914
289900	78.1289
114205	77.557768411515
301516	77.4096292495
286901	77.3015
317346	77.1995
116673	77.0155015485
25666	77.0064684338
291610	76.9215555949275
295062	76.6637
292172	75.4881
116508	75.2668
29602	74.9794083321353
170520	74.793656503976
362293	74.7864
305922	74.3185
307956	74.2158330414939
81636	74.072453772
294065	74.0346547537891
54355	73.9815538589249
79209	73.5497961059256
315804	73.4471048125736
24459	73.0202
303968	72.9045210800426
245956	72.8970516328692
498256	72.742
287478	72.3369
314721	72.0813
313969	71.9826949644
24943	71.9208
287521	71.8439640290418
306141	71.8261
290880	71.606
306247	71.0411846274
311146	70.6051
288626	70.5870739615
117271	70.5572267313179
316916	70.2982851267
29721	70.1035
308118	70.0715
24401	69.9121
688502	69.7241
307715	69.6031338856243
679841	69.4572340844338
85238	69.3906229698
361970	69.3694753279
312806	69.266
681337	69.1811701266297
83712	69.0846
192178	68.905033045
307459	68.8211
315463	68.6054561011054
246760	68.5899
192350	68.2181
360764	67.9357934617
308632	67.8026521626
363913	67.7582178235
117556	67.7563
294993	67.7428
316242	67.7114346163447
114029	67.6300301361028
24370	67.4000785405
293186	67.3567590697
287942	67.1704
29682	67.0648670214687
287522	66.980489906044
316101	66.8345
311839	66.8110269106516
303399	66.7647
24693	66.4891
313050	66.4357
287185	66.3758367985302
25312	65.9418
303165	65.940084584809
24766	65.7562208034
290644	65.5463919241
58979	64.8737
304799	64.6456985175
688555	64.3283
116548	64.0772743793
690632	63.7158
25687	63.5143
192256	63.4570056749725
192256	63.4570056749725
362325	63.4023891259
63866	63.3852
171135	63.3771290175
25426	63.3563
302666	63.3189811884391
79462	63.1698870820373
282829	62.973106485
299604	62.9327
25033	62.8792154635071
287383	62.6995
312890	62.6864
302396	62.6772
313352	62.554486495
313575	62.536123977
313594	62.2911
291130	62.1060154526793
29436	62.0624
308509	62.0141717004193
313242	61.772
303193	61.561
688283	61.4221216955298
25245	61.3689423755141
25245	61.3689423755141
298369	61.3629
305941	61.2773
366962	61.2161
25196	61.183553032
116557	61.1284
368042	61.0256111552873
680319	60.925
361725	60.8613741266302
287610	60.8392
60326	60.8376
316096	60.7531
307500	60.7444
295443	60.679
499361	60.6114542848
83785	60.6013697089
313557	60.3707710672
25330	60.263034928511
60447	60.2205816039164
60447	60.2205816039164
83785	60.11179332
83785	60.11179332
83785	60.11179332
83785	60.11179332
83785	60.11179332
83785	60.11179332
83785	60.11179332
83785	60.11179332
83785	60.11179332
83785	60.11179332
83785	60.11179332
83785	60.11179332
288562	60.0799
24942	60.0524
65133	59.8476306807641
85250	59.7119802992809
619558	59.634050376
117544	59.3592
366203	59.314140288
299002	59.064910595
282832	58.9873
303456	58.8347
306860	58.6942
290741	58.6223029459
303888	58.59719462
502902	58.1871595760984
497954	58.1457404226421
303915	58.0509
291948	57.9951778245039
680229	57.8964
296954	57.7517573840168
310745	57.7429281171289
300047	57.7141
29364	57.6585531006145
294693	57.4437088342
691149	57.3693
306013	57.1083945881773
295426	57.0885
312952	56.9283
310540	56.8666447366
309361	56.5499
171355	56.5254394843389
316640	56.4227
365367	56.3904669519626
308266	56.3163466048
306549	56.2258350968865
378467	56.0248
100912536	55.793
310909	55.6191
24800	55.555
312903	55.3704755294547
315689	55.3647
691231	55.3532350751018
361554	55.2878
432358	55.276543784
313594	55.2596
363445	55.1406276618
58840	55.0074731705
315023	54.893
294790	54.7911422789097
79123	54.6091
290326	54.5889
361512	54.4802236052
29665	54.2799788041181
361601	54.2166
290823	54.2008149508
84026	54.1159
306400	53.3183
363412	53.18666588
361791	53.0947783315332
192272	53.093
29335	53.0240361976
619561	52.971103372322
691429	52.8925615921
64060	52.75691621
29335	52.705776718
362844	52.6890239592507
65129	52.635544831
117559	52.4191741302
302920	52.1892
297865	52.1875
363445	52.1541100389
57027	52.0941607534
287871	51.517936455194
116477	51.2772
116477	51.2772
116477	51.2772
207122	51.1369831737
294027	51.053
362969	51.0017
24954	50.998
287931	50.8076
303351	50.2488514483
25648	50.2149378725
29517	50.0
360797	50.0
24418	50.0
303208	50.0
29517	50.0
29517	50.0
