313913	96.94907
307820	92.2410229617989
29635	92.13467
307270	91.05662
286954	90.29571
64709	90.20967
305792	90.14444
303547	89.458041741907
360915	89.0482
291078	88.549510076
315891	88.021
367242	87.7803
286901	87.6543
302864	87.4611368864
303831	87.4099487449
25416	87.1116
310218	86.7203
114520	85.6078
116723	84.048
361400	83.9727087750187
306998	83.7459
306998	83.7459
64469	83.7416654054
64020	82.8128
310533	81.85397752
297523	81.5355
313594	81.3002
312965	81.0745
295344	81.0008
315957	80.7433
313594	79.9172
360764	79.5253909544
304037	78.3025
292172	78.1966
116633	78.0517503460663
102548228	77.7623
292843	76.5396626617
303592	76.510934167
305479	75.7668379338205
114592	75.4877
84510	74.3835
360983	74.2835524312
79121	74.1014
29735	73.8728
117522	73.5203
305317	73.3763530109713
361523	73.0921
24300	73.061
81515	72.9464
81515	72.9464
312603	72.9249061483
308523	72.8805028004
316265	72.4493
362403	72.3820295455
114495	71.9847
100909408	71.8586
304947	71.8355
364033	71.8297
246116	71.6920223686429
308265	71.62621183
297911	71.485700343
613226	71.4842324692
294975	71.4528
64045	71.323
84409	71.0483265866093
83685	70.6383
114901	70.5243
361907	70.468
100137086	69.84
311968	69.248
291796	68.5598
305482	68.4678
361096	68.2581
64442	68.2358
313155	68.0232393637
295176	67.7073
498140	67.344514735
24170	67.1265
362368	67.0469
305583	66.9346
54265	66.5863
307821	66.569
689890	66.5402
84396	66.217911249174
293967	66.1153
309373	65.584831135748
83765	64.7135140458
24499	64.3293
499529	63.9613
311840	63.8787
85241	63.7960706752
171133	63.2865
94199	63.247165039
29673	63.102
303037	63.0564
309031	62.8381
304786	62.717495304406
314824	62.6707968979
116690	62.4346657334228
116690	62.4346657334228
116690	62.4346657334228
116690	62.4346657334228
314964	62.4305
295457	62.0627
317271	62.037
94202	61.8047
94202	61.8047
85430	61.6865
29144	61.6098997414003
362265	61.3667
305477	61.1196
171147	61.0383
298280	60.8025
287954	60.5517
303586	60.4880785618
304555	60.4287689411881
84424	60.3223767371801
296257	59.8529
312694	59.8523
25696	59.6171
301010	59.4689
24176	59.2748
313978	59.1345
362962	58.9624836505
266760	58.9307
65984	58.8736
29146	58.8097
361060	58.6652
29295	57.9613587926
302697	57.9182
292130	57.8773980743
317630	57.7866987424816
681337	57.7735
25124	57.2073
64440	57.08
304733	57.0731
306600	56.8908
316273	56.5543
362591	56.5160833216
60447	56.4642020732787
60447	56.4642020732787
313131	56.345
303382	56.2962
113965	56.1121
303287	55.6869
289400	55.6753
310745	55.271
497078	55.0939
293526	55.0779626701
291019	55.0409
309147	54.4571069208
292406	54.069357404
309774	53.3821897568
24511	53.2062
25700	53.1579
29642	52.9188318808
64012	52.52110896
305935	52.4875108465
313242	52.3929
303564	52.3084
59317	52.3023
29477	51.9921979964379
140448	51.6252
85269	51.5436
100910616	51.2514
304741	51.2013893221702
681284	51.1948
362912	51.1029782776
289724	51.0493
313609	50.8356351834
499779	50.8179
689043	50.2666563085
100036765	50.1863935347
302328	50.0
170845	50.0
