314647	97.3079784901404
311129	97.287832828
310969	97.25813106096
311236	96.73089
373066	96.2525
308478	96.207512873
29354	95.15259
266609	94.55464
266609	94.0267
84352	93.7651283908618
296050	93.0327
310352	92.7632033723842
313242	92.70775814934
292044	91.7564131584
307774	91.40065
307382	91.0988973963693
58961	90.94987
58961	90.94987
25086	90.6113
24338	90.29071
291130	89.7340806504
291259	89.7269
291259	89.7269
291259	89.7269
291259	89.7269
288626	89.229349328
363091	88.897
353307	88.8924
679841	88.7829
140931	88.5104
64530	88.2072
24520	87.516278158
315509	87.2568
296654	87.2117
315904	87.057
306619	87.0311118717099
296708	86.623082122
362049	86.4241368022829
308602	86.1173
299909	85.7998
309544	85.7722
50669	85.5944
306322	85.4333
171121	84.8463
307029	84.7497
302495	84.5718
293103	84.4962
291015	84.1125
362295	84.0241509174
304884	83.801828647
311171	83.5429
25246	83.4486
25246	83.4486
84496	83.1753
84496	83.1753
310506	83.0650313650051
25501	82.966
299127	82.5142
288707	82.3274
140694	81.9124
287532	81.1697153045536
266760	80.9105597212
117087	80.8802
361096	80.7078
361388	80.4717
79121	80.1051
305391	79.7122
117052	79.6567
56725	79.2056
25700	79.1396183249
252922	78.876
365946	78.8679
245959	78.8363
245959	78.8363
316327	78.795
309002	78.6757
297597	78.4653
366463	78.3837
171086	77.6119846754347
361920	77.5089
685332	77.3703
306129	77.2311
502603	77.09
679869	76.9697559808
25628	76.3082
65202	76.2806773144
25284	76.1977
365592	76.074
303991	76.0338
307288	75.9949
311337	75.8955
54227	75.8427
308632	75.2803
24237	75.2012
362859	74.714
500409	73.9027
317418	73.6431
310677	73.3715
246042	73.25
310097	73.1671
295284	72.9617
83507	72.576
59107	72.4939
102549710	71.7586
307474	71.6588
65026	71.3056
24877	71.2546
296358	71.163
288731	70.8962
314214	70.5988
29279	70.5495
307050	70.4268
362107	70.3752
500077	69.743
683788	69.3025
317425	69.1010410025
553106	68.9549
65205	68.8737
81809	68.7646
310749	68.6442
25054	68.5573838830915
29516	68.4558
29464	68.4253
294862	68.2797107117
114506	68.0353
25327	67.8774
303016	67.3084
314850	67.0776
114499	66.9161
25096	66.7356
680309	66.012
363516	65.5793
298068	65.4736
298483	65.4602
116665	65.3845
302489	65.3572
192178	65.0865545782038
83532	64.9712
304410	64.907255996097
25235	64.6798
313507	64.6491
362456	64.5782
117556	64.2591
84588	64.2162
56766	64.0978
79220	63.9418576824
317614	63.8776
307348	63.8562717866513
117140	63.6587
315167	63.6212
679668	63.3805
295678	63.3233
361005	63.0762
117035	62.9938
315524	62.9457374642827
294515	62.6649
24917	62.5112
297176	62.2825
688999	62.1994588903
24161	62.1518979192
24161	62.1280417
81717	61.9061
306152	61.708005595
691431	61.7046
301121	61.5095
292264	61.4451
117107	61.4434
298032	61.3822
308537	61.3392
300341	61.2950425302
65162	61.0991679407909
363425	61.0185
297415	60.8076961332
300889	60.7076
116723	60.5803985509987
287796	60.4664
302378	60.2102
680102	60.2046
56042	60.0045
25147	59.9211
56011	59.8009
499361	59.708
83726	59.5552
360866	59.3784
266780	59.196097040768
445268	59.0139
315833	58.8213
60416	58.777
683077	58.7107
289175	58.5070360792
307199	58.451
314423	58.428205912
314423	58.428205912
25619	58.2609
688717	57.7918354105
100362678	57.7585
362666	57.621
288105	57.579
114096	57.4608868673526
360912	57.2425
100233213	57.1567
311412	57.1488
301261	57.0477
290999	57.0457
365468	57.0108
300862	56.9519
84600	56.8969845865676
305149	56.8721
297514	56.6183
156873	56.532657868
306792	56.4943
295663	56.4638
294235	56.4369
317413	56.2774
309858	55.7869
299159	55.7424
303206	55.7361112582
310071	55.6337
78956	55.4877
300129	55.4233
100192313	55.3067
362792	55.2172
116563	54.479
81746	54.4648
365355	54.3562
306357	54.1094
307893	54.0336
444986	53.8899
296635	53.7922
304785	53.7618
306819	53.7207589369655
288057	53.4145
84398	53.3680647332
25253	53.3547156421178
308717	53.3101
309376	53.136268298
307855	52.9734
306055	52.968973474
362304	52.6455510064
306375	52.4187811
81664	52.3451
85238	52.2322313437
29344	52.0457421954
366227	51.9406
24255	51.7832
316424	51.6954645426
287199	51.6761
308113	51.574766562
365367	51.4644
89787	51.2207
83842	50.6616
117257	50.6107350784
360697	50.0
298017	50.0
306977	50.0
296115	50.0
291733	50.0
25014	50.0
84595	50.0
25757	50.0
29260	50.0
290907	50.0
294228	50.0
