360722	95.01555
680486	94.27649
362279	93.88199
501203	92.31362
292583	91.65418
298992	91.1569785168
25336	90.82733
25611	89.4387
308384	89.4227
307271	88.6274
24392	87.256823029
29157	87.2259
361765	87.1644
360563	86.8388
64472	86.6567
64824	86.5643
29163	86.4525
289546	86.290167304
654496	85.9147
498486	85.3325
498486	85.3325
58961	84.6391
58961	84.6391
681062	84.3063
64827	84.0774
79559	83.8645
64369	83.6288
362013	83.5344019215
314721	83.2725
366894	82.2142477768679
80849	81.836
362383	81.8127
641452	81.7693
362275	81.4893
361970	80.7086729173181
65033	80.6100165256
298867	80.0505
315911	79.5296
304763	79.0734
301574	78.6124
117243	76.3047
288599	75.7791
192242	75.5558
25187	74.7281050912
114514	74.4304
306261	74.39854944
360511	73.497744022489
116647	73.1043
100188944	72.8232
100188944	72.8232
303602	72.60993361
315833	72.5692328362
25615	72.3922
366261	71.9144
306630	71.5005
24390	71.4194
114510	71.3751
307050	70.8485
317312	70.5242
293112	70.4306502643
360993	70.3867307599
85434	70.3551
303206	69.505
290823	69.2193
58820	68.6162
58840	68.1923
291464	68.1733
24657	67.7277
25533	67.1679
364785	67.0487
116556	65.7231
294043	65.5751599972
25281	65.46
83588	65.0090832704
293067	64.916
363096	64.1682
114104	64.126463573
314824	64.047894088
89803	63.7179323196951
25392	63.2779
94196	63.2454
295607	63.1218
289777	62.7498
59265	62.6140174669
59303	62.1099911634
360920	62.0707249504
312828	61.9498084024
170911	61.6161930301683
689064	61.6051
246116	61.5761464217858
24654	61.2978
316384	61.2373
302640	60.7363470568
64158	60.6583
288321	60.5169
29480	59.5359
297419	59.4132
287776	58.7269
688785	58.3830058581
290447	57.9178
81734	57.8781208708
192179	57.845
684097	57.66
289754	57.0904
64076	56.6929
303584	56.3048
84016	56.2247
309858	56.2033884696
24771	56.0694
501550	55.2381
309888	55.1677038958629
289754	55.0126
294962	54.397
295457	54.3431
114521	53.7324
360917	53.1035
29326	52.9655
29631	52.8023
294395	52.7860254274
302328	52.5565975192313
24248	52.383
25301	51.955
64845	51.9236
309871	51.6792
59303	51.4558
292485	51.419454994
29670	51.3564541282
304833	51.2916
404280	51.2616
65162	51.2327962059
500244	51.0024
84600	50.8817697613
29705	50.6836205884
286965	50.5832
171547	50.0
362590	50.0
24918	50.0
