29588	88.0899190476
294207	87.860545318
246074	87.5507219398
287109	87.0951
293016	86.1058
293016	86.0517
498003	85.5153821824
303630	85.0789
317181	84.9986
501061	84.131758717
117043	84.0759
296461	84.0029
60671	83.777
289395	83.7037
302993	82.6560756761573
310638	81.4924
287638	81.2797106132
300235	80.7168
25743	80.0809223896952
366203	79.4358
305812	79.1454
306748	78.3460031587
310348	78.0911
317608	77.7471
307579	77.1041
681059	77.0803
85267	76.6862123761765
308417	75.6258397201678
311405	75.5017511891067
116560	75.4001633259
50622	75.17070488
312504	74.9097557087575
307833	74.536
297872	74.3262
316005	74.1889
64023	74.1359
304784	73.8153
361522	72.9761
100365935	72.9229
25700	72.8946011338
613226	72.6829851095701
297989	72.614
688777	71.979303912
308873	71.8071
292090	71.8008268464714
302516	71.1248
408234	70.9403
682507	70.7849
29424	70.220924619
25362	69.9287
25362	69.9287
25065	69.2883
25065	69.2883
366518	69.0027
114592	68.8407294828
312709	68.721
171010	68.7034131877
287715	68.2148
289026	68.2080867478
287716	66.9665
300813	66.896
689414	66.8712648983815
54281	66.6851
298521	66.1928
362325	65.8165
171390	65.7296
313038	65.693973973
365972	65.6325
307296	65.521316206
654517	65.327
365755	64.8861
24215	64.7472
308326	64.7178994122
360702	64.5921
361859	63.2559
81649	63.0752535036
310506	62.8547812408
314180	62.8511
303824	62.8399
192253	62.7429740521
300474	61.7795308917
303604	61.6617
303607	61.5958
252963	61.4471
311860	61.1688006079567
171099	61.1202809995
303828	61.1174727514
312727	61.0485075068
192675	61.0352349474792
286973	60.8692050388
497886	60.6625639588
306657	60.4848
64226	59.603
50687	59.2218
293625	59.0042362625
25113	58.9351
311167	58.8553
116777	58.8071
298954	58.536412172
116469	58.4859704900012
299204	58.1955313576
24610	58.1687
116663	58.1011
288779	57.9242445523
307500	57.8593424551933
287469	57.8094313500147
24883	57.7573
595134	57.4169
497867	57.3659
309532	56.8549
305031	56.8051264448
24224	56.8037
25690	56.6981
25690	56.6981
304729	56.441152426
81819	56.047
301579	55.8849
25690	55.8662
365407	55.7865
25306	55.539
300980	55.5220125456813
364867	55.5173673172
362792	55.4006
246756	55.3168
63834	55.3042627261
312303	55.0095873844
102554884	54.9862050646
304603	54.8468
117560	54.8365665508
293135	54.4115
308624	54.0218
307526	53.7797467169895
309243	53.3505
290212	53.1695
59299	52.9959
25648	52.918539414993
81739	52.5875919575
81739	52.5875919575
293456	52.580243748
296578	52.477555989
303614	52.33136208
361069	52.2637
303586	52.1843351844
124451	52.1285
314397	51.8188
690853	51.7619488204
302975	51.7579
305438	51.7522754022
59322	51.6091
288772	51.6088110592
298201	51.4992
360803	51.4694
300341	51.3915
501925	51.147
54299	51.0688
364754	50.9882
113959	50.9416
360230	50.923485694
295325	50.4616879205042
24564	50.0749076608
289392	50.0
64157	50.0
313477	50.0
171072	50.0
