291981	93.9947
309901	92.57237
116597	92.332771069
499529	91.0813666726
304218	89.1995
304218	89.1995
305458	89.0861
295953	88.0570482826
64563	88.0469
84431	87.4358
297961	87.3176
114247	86.5366
59318	86.1433
299611	85.4081815438891
298584	83.4729
25027	83.3467
116589	82.4986
25477	81.2206
310344	81.1712
24260	80.1475
25187	79.3252869042
308537	77.906
361086	77.3623
291549	76.0573
24616	75.9946
406164	75.9458
686611	75.7208
686611	75.7208
312890	75.1471
362871	74.618
364814	73.952
24558	71.6043028884
310775	71.3645
309798	71.2525
316740	71.2279
298182	71.0501
24790	71.048336788
296461	70.7818
290467	70.3471
25202	70.0646
364039	69.5945
192257	69.3515473291
293863	68.6062
313668	67.2285
299027	67.1145
363122	66.184
314788	65.9204
300813	64.5176
307199	63.6230519401
287441	63.3606894064
25230	63.1974
25230	63.1974
293059	63.1766
362733	62.8762390404
362733	62.8762390404
65146	62.8215
303828	62.7446316595
298282	62.7135
65129	62.209392139
287367	62.0736
307092	61.9582
293016	61.7930433514
360230	61.7311
293016	61.5884425248
689890	60.9295
307206	60.8494
25560	60.8323223855682
84356	60.4731
83842	59.6839
305424	59.6299
25216	58.8941
311721	58.7996
498622	58.6673
310097	58.1998
296883	57.9599
316409	57.0905
316333	57.043
502674	57.0294
259241	57.0283
140928	56.9051603358
140928	56.9051603358
140928	56.9051603358
298012	56.4924
64157	56.193
319110	56.0563
66018	55.7333
25318	55.4763
291352	55.4558
362170	54.5182
29387	54.0679
85428	53.0800098364
500086	52.8454
81676	52.6295
690961	52.4277
311487	52.3420646205
311328	52.1986
360204	51.7707
363445	51.6538
29516	51.1515
293410	51.1044584695983
361319	50.9751
315689	50.1732228605
289950	50.0
25645	50.0
