65208	98.58926516218
65209	93.88862
298309	93.26503
64525	92.93166
299052	92.68889
306129	92.0545
25203	90.59182
301337	90.49043
64525	90.45253
64525	90.45253
64525	90.45253
363445	90.13999
84007	89.9205
294804	89.489391964
361442	88.0697
81744	87.6335
155268	87.3521
293426	87.0458
83633	85.2936406513
289635	84.3991
310392	83.425560064
246074	83.3203
314850	81.9430267581
291553	81.6038
289178	80.7445
83580	80.5366
288151	80.3672
114635	80.2374
363445	80.1718
295928	79.727
305203	78.6715
306722	78.0531
432358	77.2927
361822	77.0053708418
502901	76.2631
29512	76.0578
361838	75.8800374949
117560	75.4298
364430	74.6921
315689	74.2575192613
25404	73.6274
25404	73.6274
65272	73.4885
300860	73.2329
302697	71.5574319994
50690	71.5451611456
501099	71.532
361272	71.4119
117096	71.1358
83581	71.0116222
311911	70.8291
304935	70.4363
56826	70.3367
246297	69.2596
308890	68.2718
311327	67.9396
64630	67.6840321074
294375	66.7952
288774	65.9411
363084	65.7362
309871	63.7412
29645	63.7175
299511	63.2589
498999	62.5058
301261	62.1863593944623
65162	61.8823
24212	61.172748595
260323	61.1674
679712	61.0832
366889	60.942
362993	60.3026
363227	58.7151
64631	58.6421
300284	57.6975782712
308864	57.5501
192262	57.4884
114247	56.6107
58954	56.284
315160	56.2834
314405	56.2502
83808	55.9115
363045	55.7923
81758	55.655
85255	55.5841
690516	54.5485
497942	54.3063
314273	54.302
307810	54.2067002536
25187	54.0446186688
305464	53.6166831126309
29683	53.3094
83529	52.8826
360983	52.6104
365668	52.5902
64443	52.14443185
691947	51.9971
83506	51.5456
314855	50.643496072
116506	50.0
116506	50.0
300088	50.0
311299	50.0
25401	50.0
