50555	94.68980766118
678769	94.4263031070617
313876	91.92223
361554	90.33528
25197	90.00278
25197	90.00278
306261	88.4601
54284	88.4314
54284	88.3691
360230	87.8557
266681	87.3549
690654	86.6066518079559
363071	85.7143
652956	85.1181
303836	84.3189
29693	83.6258
313436	83.3885
295333	82.28
361303	81.5066879322
59113	81.0531
498328	80.8642451553329
50672	80.7336
305373	80.6154
290989	80.5178
266780	80.497
290905	80.4466
309544	80.0059325479
287593	79.9851010411
293152	79.1808
100361269	78.7349
300756	78.3480031762
362960	77.5686
291671	77.4553
84394	76.1778664380585
114591	74.715
294862	74.354262644
50558	73.7649063775
29591	73.7526746524
287009	73.653
679532	73.6335
25721	73.2483919120027
300173	73.1016
690528	72.8529
66019	72.6293394857
65205	72.4792
24778	72.2494
315305	72.1252
314157	71.3229
65165	71.2935
117280	70.7199
24500	70.6746
140590	70.2648
291819	70.2191
310946	70.1680851619
304290	69.7012889315
313242	69.493390657
360993	68.988
79032	68.4506
362515	67.7092
297508	66.9128
680717	66.8265
81740	66.8202
289264	66.7498989079
64028	66.6483
304809	66.5375
191574	66.0687
316312	66.0293
291967	65.5998
114122	65.2313
114122	65.2313
114122	65.2313
114122	65.2313
84386	65.1676
266680	65.1277
117044	64.9942
689055	64.9492296616
246153	64.4966
60430	64.3876
25054	63.9462909445
361452	63.9275
170818	63.8881
83526	63.4607121375
316256	63.3104
288108	63.292
501096	63.0173
83807	62.9656
289392	62.820092961636
192178	62.7672577696478
29628	62.5391
29628	62.5391
140923	62.3880212674
64624	62.0975
309175	61.9768
689890	61.836
25420	61.7248
363578	61.7184
312562	61.5096
500132	61.0297286192638
310261	60.9742
29521	60.711741408
25147	60.6592872415
300177	60.495787404
362665	60.376570992
266732	60.3653613319
314694	59.9927
305164	59.8129
252962	59.2593
290842	59.2053
300989	58.9787
25022	58.8722
25022	58.8722
25022	58.8722
25022	58.8722
25022	58.8722
25022	58.8722
360468	58.76252897
498309	58.427474312
288482	58.2528
299811	58.0088366686607
619558	56.8514
311591	56.8472
301081	56.8296907543
311607	56.70279088
308845	56.4289
362866	56.1391
683927	56.0391
60331	55.7108
291259	55.4421
291259	55.4421
291259	55.4421
291259	55.4421
306009	55.2142
25083	54.9667
25467	54.3148
291105	54.2573
301173	54.0583285644
679028	53.8335
303238	53.5463
316326	53.502
114104	53.481
81737	53.0013
81737	53.0013
81737	53.0013
81737	53.0013
117259	52.9761
24239	52.8893333432
310760	52.582575304
307820	52.4789744778529
84550	52.4139296094373
296182	52.0231
302495	52.0179
300723	52.0104
64824	51.9756
310378	51.9090977136
691947	51.498
500418	51.4869057393
299907	51.4677
286979	51.4416
500131	51.248
309338	51.1217
306274	51.0288
81668	50.9191789055845
313308	50.8468012185
307740	50.7153
315427	50.7067
314196	50.555
315949	50.5341
287656	50.4401358256
79245	50.0
305482	50.0
