678769	97.89870897293
312478	95.4547830264723
287633	94.42794462215
690728	93.90209
100360066	92.84781
102554884	91.7805153335717
300756	91.7771040091
314462	89.9761
311968	88.2395
83764	87.162
83764	87.162
83764	87.162
302495	86.7384
306261	86.1062
288923	84.0225
498309	83.28975260547
288772	82.2552
691534	81.0951
303511	80.5783
361419	79.4299
24408	78.998
24408	78.998
24408	78.998
24408	78.998
313477	78.8984
362013	77.659
246153	77.6306
310772	77.5661
65152	77.5161
64456	77.5054199482
288669	77.0947
303088	75.6461
56817	75.5415028191
56817	75.5415028191
56817	75.5415028191
310760	74.8154158012
295647	74.7691
307643	74.4544
313876	74.4362
24766	74.154
288353	74.0215
362788	73.7314377724
306322	73.728466009
287595	73.7223
304591	73.5225
361531	72.9326
25684	72.294
680537	72.1616
290669	71.371779561
362665	70.8541
246280	70.7728
266732	70.6635221
306071	70.44
54282	70.3126
311462	70.1261
89843	70.0733
114032	69.5962
116740	69.3717
315949	69.1617
303599	68.9706
29463	68.7948
89817	68.5089
360820	68.3833511521
362264	68.1203
314751	67.5368695024
287042	66.9532
303206	66.5289
361634	66.4258
361676	66.3137
294331	66.2205
289264	66.1861750564
315564	65.9613
305438	65.9435
688996	65.8691
89817	65.8182
679532	65.3929
25585	65.2038
81668	65.1659
300320	65.0226495745
289217	64.6443453906
309804	63.6601
316326	63.5329
29643	63.0683
293481	63.0477
500956	62.7867
140590	62.5445
25505	62.1174
25505	62.1174
25505	62.1174
362734	61.9507
56819	61.6397
297867	61.5145
116721	61.4649
360681	61.3788
25647	61.2927
361554	60.6561
291974	60.5442
65984	60.4553
24415	60.2643
309338	59.3936
314399	59.0915
171080	59.0327
140943	58.862
64678	58.8618403396
298744	58.7403
64474	58.7186905
293152	58.64519791
317435	57.8921
29591	57.7354467599156
287656	57.4940388771
100910806	56.9525870752
171103	56.8628
360768	56.5895
304813	56.4382741964111
298576	56.0872364102
25205	55.9849635989874
192178	55.84215685
26759	55.533
26759	55.533
24679	55.4181
287357	55.128022518
303293	54.9994
498332	54.7267
300173	54.6177
313242	54.6124223035
311984	54.56
25263	54.5181887316
315427	54.2505
293684	54.1329
308739	54.0869948812696
304522	53.8917480749471
292751	53.8185
363249	53.3831
301121	52.8201
191574	52.7255
29693	52.6433
25675	52.4827
296708	52.4779
362403	52.4647
362960	52.3344
313436	52.2545
296372	52.0215
192154	51.7832630566
25743	51.777739400884
315996	51.5048
300989	51.3443
29521	51.1642488752007
25741	50.8748
54265	50.2170645978
64509	50.0
290995	50.0
94272	50.0
