25486	98.1131556227918
25486	98.1131556227918
25486	98.1131556227918
309164	96.76559730156
500318	96.4773946722943
117030	95.72152844978
361838	93.77315
59319	91.9098340583
282826	91.77862
287099	91.55717
81717	91.43912
266611	91.1536
362665	91.0771912941
301121	90.5307272272
362912	90.40705
316611	88.9226
84401	88.4936
292696	88.2961
313027	88.1889168393604
29562	87.8311
290257	86.9366
314633	86.0775766427
686189	85.0519
301442	84.4925
293660	84.4115851964
24175	84.048717133
313038	83.6678455895183
83720	83.5873460885
317297	83.2724
64018	83.1316
83615	82.3993
116693	82.3705
301574	82.2176
287927	81.4446
311187	80.8576
287380	80.4543
296281	80.1260261040693
293587	80.1191753528
25656	80.0498
360533	79.7335
314399	79.5484
313876	79.2422
315665	79.1854
60562	78.9938548548143
316219	78.1248
298201	78.1172
295252	77.8791
290614	77.6622
619580	77.3784
140868	77.3203
55939	77.235
25331	76.9717082084261
362280	76.4655
304315	76.4016
313387	76.3988
311861	75.997519212
500244	75.285
287367	74.9109
619374	74.8692
360677	74.6528
287828	74.1426
50622	74.1152639692251
305438	74.0686
117106	73.9359045125
313373	73.3585
64041	73.3064985545464
310688	73.0724
313914	72.9824
313228	72.9728
307351	72.5776
29758	72.3930616592
292750	72.1607216499
298521	72.012
314553	71.9369
83527	71.9237
83527	71.9237
83527	71.9237
83527	71.9237
365900	71.827
140694	71.7048811271
298521	71.638
171086	71.4519280255
304784	71.2817
80850	71.147
80850	71.147
315523	71.0764
288454	70.288
117096	70.1595780417
362258	70.127
299923	69.6662
361755	69.65007467
362199	69.0397628089
29665	68.8746484798
24215	68.2356
60355	68.0544
305827	67.9959
79423	67.9634
79423	67.9634
79423	67.9634
296956	67.9380019362625
690745	67.8434
56266	67.842898842
192178	67.4120874316
362164	67.3098627616
79423	67.0739
79423	67.0739
79423	67.0739
500037	67.0114222609
287545	67.00715
310250	66.8692
260327	66.8016898913
266730	66.4725
686117	66.4621
362235	66.2995537394
365872	66.2495140261
58953	66.2089
83782	66.1112
287534	66.0228
306183	65.9933920696
291100	65.9101800266778
314304	65.8785
308339	65.8411
292483	65.6597
117026	65.2323
81740	64.9526
497987	64.7606
310780	64.6132830262
25555	64.4005
501099	64.2901
299027	63.964
287873	63.8445288367
54264	63.4063785224
100910806	63.252159651
362530	63.2309
24768	63.2137263264
114105	62.9715
290989	62.5777
292879	62.517
361767	62.2192
680991	61.7547298341
308409	61.6474
100233176	61.4722
311865	61.464881917
81515	60.9902
81515	60.9902
246771	60.9177499498
29331	60.854
360514	60.7032
79426	60.6913
81513	60.6098
24949	60.2439
288916	60.2298
89815	60.2065
24949	59.933
305253	59.8161
300514	59.5981311976
304947	59.4446
25430	59.2225
100192313	59.0743
291439	58.8235
292964	58.8066
291824	58.5768524379332
304947	58.5704
361226	58.2802
25566	57.812
499878	57.3085
300095	57.0299
361262	56.6955
192107	56.6068
286758	56.5846
306353	56.4303
298682	56.3123
290669	56.2998
83526	56.1541
293456	56.0647
64544	55.5625
361771	55.3141
310399	55.2228
25356	54.9923488873143
192126	54.5719257154
289992	54.404
641316	54.3767642969
300142	54.2946
64665	54.1431
304301	54.1
364420	54.0193
294228	53.8833
288151	53.8378
25599	53.6468
83580	53.485561099
500598	53.1329
24245	53.0295219298671
252939	52.6972
293023	52.471
311637	52.3915
312504	52.2247
113960	52.145
114559	52.0214001619297
114559	52.0214001619297
314432	51.9902
299206	51.9495
296708	51.7859443604227
24674	51.6909
291921	51.4921157923551
289277	51.2631
361030	50.997861736
361258	50.9668
171091	50.9611
113975	50.6709963443801
362018	50.4832672894
499088	50.289292376
290645	50.205003518
497931	50.1042083867651
296290	50.0
306564	50.0
58977	50.0
308632	50.0
84403	50.0
100322884	50.0
362607	50.0
361618	50.0
