361338	99.9956965995978
60417	99.8282701826256
25037	99.8052340890124
25537	99.6123844700052
362609	96.59716
29693	94.06029
85250	93.73891442668
85254	93.508278646
307919	92.9796159461
170844	92.6984467145
365380	92.50952
298069	92.44821
499353	92.25776
310540	92.237642336
140581	92.034535375
362956	92.032648454
83514	91.9161658854
57300	91.63209
500006	91.39253
171159	91.137046936
288280	90.6831799394
246769	90.2513
308028	90.22497
246769	90.22382
25230	90.0534327098
25230	90.0534327098
363062	90.0276963162
310785	89.5154
498008	89.3821
685465	89.2566
25501	89.1184
362923	88.7236344611
304813	88.6476605834645
113958	88.3196769625
315036	87.8729
313783	87.5814
286984	87.4564350474162
300980	85.7765499958
29397	85.6925
306012	85.5177393256
24184	85.329
288010	85.1394
60628	85.0201
303233	84.7887
305719	84.5507
292172	84.0347
309280	83.7957
314401	83.5356
306404	83.3273669945812
83572	83.1672222248321
310745	82.8789
29670	82.5669
361916	82.2566803528
171068	82.0967
306805	81.9592
303926	81.6714248557248
84409	81.3166376052
297332	81.2727
361959	80.982
293960	80.8205
294948	80.4935
29637	80.2638186376
298555	79.8159
313974	79.7900187021048
114850	79.518975271
29648	79.4582
294043	79.3847
24392	78.7334104427
287473	78.6331196828
309995	77.868634268
93646	77.781
294643	77.597817052
314949	77.4462
306562	77.418439296
54355	77.2333
171402	76.2389088705064
171297	75.9856909956762
266808	75.9311
294408	75.8687240053804
100125373	75.7995
24694	75.689
293852	75.6627
25046	75.197
307642	75.1253
25579	75.0752
79208	74.8427580798
296137	74.7045124416
316256	74.4397
301489	74.43869332
314964	74.2659
29584	74.0145
24922	73.7595764172
366624	73.7005
312706	73.6219
100361133	73.4891
266612	73.2885
192178	73.2752467955
291327	73.2059
298653	73.0959065314695
313130	72.8262
497991	72.7684
361289	72.7364077402
83526	72.5933
59318	72.3364
24248	72.1814196312199
297804	71.9025
312113	71.511
252920	71.4600696877
363913	71.44047016
688717	71.3810654611204
171087	71.2889
314304	70.7810301536421
500132	70.2018
81503	70.1054
29599	70.0218891511565
58840	69.950154538
60427	69.5426
60427	69.5426
689116	69.1849
362332	68.8805
24895	68.7734
295457	68.5653
366962	68.3111
316539	68.3038
94196	68.2098
257648	68.1585
25262	67.9684
25262	67.9684
25262	67.9684
298914	67.9201
305131	67.907
363243	67.0449060679851
303132	66.7892
25505	66.694
25505	66.694
25505	66.694
25264	65.8712
81002	65.5663
29489	65.5654
362303	65.4905
292994	65.361785024
313589	65.083603983635
363045	64.3861
301737	64.3188
171092	64.2693
293500	64.1549
309456	64.1483052715
309456	64.1483052715
294790	64.0972
362325	64.0745
29150	63.8266
25035	63.80105653
25099	63.8007
81654	62.8962
293112	62.8570993696
81813	62.8427
100233213	62.7621240209452
362665	62.721704397
64461	62.4957
307667	62.2966
307296	61.7669
289810	61.7061
363096	61.4862
25517	60.9939
29681	60.5828
29216	60.3686
306152	60.3015
25342	60.0759836160273
314548	59.9759
66025	59.8446
25534	59.3558
83477	58.947
680014	58.835
690163	58.8071
24251	58.3232
310806	58.1569
294236	57.7126
296787	57.6461
316628	57.5988
246116	57.1724475836807
291549	56.8954614222721
317435	56.4511070176
304298	56.4433
313417	56.3887
24596	56.333521597
83834	55.9587
362675	55.956
295217	55.8140897843
295217	55.8140897843
25578	55.7958130561
373545	55.77134735
317608	55.3938
306009	54.7517980462146
81816	54.6194
306439	54.5224
365668	54.2837
304881	54.2503673477563
114592	53.9036
313125	53.4947
287521	53.390041625
25694	53.3047146465855
58954	53.2887640528
293488	53.2806
140656	53.2173
295445	52.9797
24398	52.9609
300838	52.6911
29671	52.447
304150	52.2159
303101	52.0035
24284	51.7036
305977	51.5572969392622
304741	51.4272
84030	51.2382334068
296461	51.180093199
310506	51.1552252144297
315447	51.1056
287526	50.9265
307724	50.7281642331474
308761	50.5265
25611	50.5183
360992	50.0
312781	50.0
289482	50.0
266775	50.0
