245966	97.18634
29642	96.9158300248
315723	96.39079
311764	95.92848
64631	95.86634
498331	95.65094
292263	94.37906546066
116551	94.06849
83501	93.62476
192361	93.36706
114505	93.161213903
289584	92.7464
308468	92.46854
25403	92.1913935328
25403	92.1913935328
25403	92.1913935328
83726	92.16477
310635	92.09095
312781	91.498252294
84050	91.06926
25157	90.8732119099
64017	90.41515
308795	90.26259
302396	90.2558194316556
24482	89.5741
24482	89.5741
24482	89.5179
24482	89.5179
301038	89.2533
289990	89.094378887
24551	88.9422
83498	88.7387
362557	88.6509
114202	88.2908
65165	87.8498
314399	87.7536752156
246152	86.8578
291212	86.6542856542
301363	84.871908768
499204	84.7804
25351	84.5634075364
305156	84.541
302378	84.42
245962	84.389457936397
114023	84.3235
24629	84.105
299521	83.8378
306404	83.6957
314751	82.6423006247
367714	82.6151
363135	82.5601
312154	82.5023
81636	82.4105
310806	82.061400148
363153	81.6488
29463	81.530082732
297554	81.356779425
29502	81.3541
362900	80.4349804312756
309135	80.295624132
294606	79.3740708982
60427	78.8981
60427	78.8981
309639	78.405
310399	78.3754
310250	78.1249
81801	77.9761
314180	77.9544
29629	77.4838
64470	75.8336
85254	74.1878
295378	73.9783
289443	73.9557
680172	73.8295
308511	73.333
362283	73.2775
29715	73.2381166276
29715	73.2381166276
29715	73.2381166276
29715	73.2381166276
29715	73.2381166276
29715	73.2381166276
29715	73.2381166276
29715	73.2381166276
29715	73.2381166276
29602	72.7359
308362	72.5284
295538	72.28195
287441	71.9854
311441	71.6885
679028	71.3434
293184	70.7302
360738	69.4006
266762	68.9297
309798	68.6654918447
304474	68.1896
641452	67.9035
360637	67.7018
361732	67.2222
308390	67.2164
310914	67.1161
302290	67.0468
100125373	66.9141
64547	66.8371
84575	66.6702
360602	66.6027
308939	66.4581
287871	66.3314
84410	66.2294529406
100233213	66.223
309659	66.1382
305104	65.813
290744	65.0756
307526	65.066830149
315806	65.0587
296121	64.9983
60328	64.694
314647	64.5784
78967	64.4199
78967	64.38
114119	64.1918
63866	64.0097
366061	63.824
305424	63.7334
303614	63.5696
24225	63.5028
24225	63.5028
24225	63.5028
24225	63.5028
24225	63.5028
24225	63.5028
24225	63.5028
24225	63.5028
24225	63.5028
24225	63.5028
29357	63.4925297266
29357	63.4925297266
25204	63.2692
81668	62.7825
65178	61.7759
64023	61.6386
309828	60.8164
306253	60.68655
360600	60.5262455955
315824	60.4473
308509	60.1572
361970	60.1332967412141
309126	60.1102
498351	60.032
315833	60.008234922
679668	59.7078
29644	59.5236
680445	59.5161
315769	59.4313
362265	59.2922
498301	59.06263648
303274	58.9064
306322	58.7167
25094	58.614918306
293852	58.599
500219	57.8655
309053	57.8319
301674	57.62674042
365583	57.283
302671	57.0515
117059	56.8649
362383	56.8448
293186	56.6744944726
297486	56.4534
311902	55.9222
85428	55.4053
81823	55.173
29592	54.697861824
313647	54.5681
295251	54.4516
84424	54.4346
102554884	54.4181973193
288010	54.4069
295686	54.237
296956	54.0576
81733	53.9544
362265	53.850305728
363165	53.8158
24896	53.5035
306014	53.4027
308015	52.9316824024
293453	52.8225787875679
305451	52.5926
363153	52.2137
363062	52.123192105
286759	52.0264
554172	52.0164
362264	51.9278
291022	51.685
246115	51.5534
307415	51.291
313929	50.5245
296284	50.5135
363442	50.273713543
361838	50.0
306748	50.0
362665	50.0
116741	50.0
309451	50.0
29331	50.0
100361818	50.0
116744	50.0
291211	50.0
24787	50.0
