314788	97.5311757357358
306459	95.0382299824
24503	94.86484864888
310506	93.1990434567232
293128	93.08019
29687	92.5302
58949	92.45398926437
24413	92.4326292055
308937	91.9661713816
498790	91.70171
117186	91.46643
29344	90.6630044323
313974	90.46214
314847	90.32115
29554	90.2568682748
25512	89.7499446382
170956	89.6271
25336	89.502776296
362782	89.3917
308820	89.1502
81920	89.1107
309031	89.0378
300682	88.7170482304
25523	88.6703
364786	88.5119782152
311902	86.8454
310218	86.5474
53372	86.4722
306455	86.467
363061	86.1612
292301	85.6453
29364	85.5456
304758	85.5283
498650	85.0643
498650	85.0643
24592	85.0235
299766	84.7219
301374	84.5124054523341
362931	84.4985
293154	84.2883
50993	84.0299
689995	83.9559199855
364678	83.1998511712
312132	83.193452398
363854	82.7859
24654	82.7622
312640	82.0482
306011	82.032713942605
298894	81.9526
25055	81.8402
362599	81.7869
362897	81.6084
171060	81.5728
311426	81.1446
361338	80.8203948411
290669	80.6129309788
294674	80.406
81743	80.3449025064
81743	80.3449025064
301674	80.3243
81743	80.2755177184
303214	79.6190357764
301121	79.426
64044	79.3587
25096	79.143
25743	79.0468197914633
311919	79.0373
304017	78.7794
291234	78.6447
170933	78.5821
297109	78.4053
58948	78.0661066336
54254	78.0222893910552
315134	77.8683008559
170667	77.6949
299802	77.6941550614
24256	77.453
24256	77.453
361555	77.4479
25611	77.3085
293186	77.299
499353	77.2863
362049	77.2728575966
302977	77.0872
81574	77.0115294814
362263	76.8757131725
24667	76.497
116552	76.4393
360956	76.4134
360956	76.4134
360956	76.4134
315311	76.2691
315311	76.2691
315311	76.2691
89814	76.2631
140941	76.1822
313228	75.4266271300548
84496	75.2717
84496	75.2717
498286	75.1672437721
286973	74.7330364601892
171126	74.5114
59113	74.4628
54300	74.4590100468023
25504	74.3833
295061	74.3383
117180	73.7926
25460	73.7417
311607	73.5581227095
116839	73.5458
116839	73.5458
317381	73.0318
304024	72.7277229185
684980	72.2580017412
114203	71.8749
64314	71.7335437583433
293017	71.5541
289456	71.5355
140581	71.3945742125
171455	71.2181505792
366142	70.6944778624
306454	70.4445
25203	70.1451
288289	69.7720469608
291709	69.728
301618	69.716
367328	69.6963
25429	69.6302
303517	69.4918
308807	69.4712
59295	69.3183
619580	68.9054
295645	68.7358
367242	68.7118
252963	68.705667507219
307848	68.3581
298184	68.3336439079784
363072	68.1606
117505	67.85
116469	67.7020365645
361554	67.5167192736
298992	67.4294788021
360992	67.089869794
84350	66.9588
289233	66.86940237
312030	66.7708
690163	66.7529031639
29600	66.7343
312052	66.5383
314399	66.5356
117556	66.4784799717047
312440	66.1629539619
24684	65.9286
299864	65.8144
246116	65.75245
502525	65.0896843498
619374	65.0205293866
362900	64.8189
287929	64.7434
313173	64.6025
316265	64.4151
302313	64.3166940007
308890	64.1306
81654	64.0149
266780	64.0006996439803
171075	63.9994295176
171075	63.9994295176
84383	63.9378
500036	63.8679463218
312603	63.7938
64552	63.6116
64552	63.6116
317256	63.192664738
290364	62.9396
362164	62.5759
29218	62.536
24244	62.5103
361920	62.4953
365842	62.3413
299928	62.3196
59268	62.2981
298765	62.2732
246146	62.2091
314862	62.0256749338
366894	61.9085529318
89804	61.7336
316005	61.3671236248
24772	61.2921786698
307865	60.9408442416
310749	60.8888173276
100328908	60.7595
306695	60.497350205
64189	60.3816
65161	60.152
361627	60.1245
81652	60.0557
304763	59.9014
308000	59.7147
140914	59.7113559882586
362264	59.7077509438
691533	59.6311
286938	59.3747
301086	59.1229628207189
302396	58.524465965763
83519	58.3997500256
24882	58.1361394868
317435	57.6431
290027	57.6007
83782	57.353
361239	57.3226
312678	57.2608
314196	57.1551
689890	57.0779939374
29735	57.0434
288482	57.0388
79223	56.9487
613226	56.7759
305896	56.5936
302941	56.5823
289754	56.1227092389362
25489	55.9267850124822
64667	55.7138
260326	55.6955
366203	55.2709
25151	55.2212
170509	55.2066
307487	55.1863
81708	54.977
287437	54.7745
156435	54.76015
293056	54.6214
498922	54.5422
305886	54.476
293645	54.3855
310552	54.3780269137
78975	54.1794
299194	54.1431
289736	54.0266
303918	53.8875
84404	53.8305
65033	53.7713
319110	53.5351
25544	53.3892
100360066	53.1070255579807
170902	53.011
313387	52.714
303245	52.6968
304813	52.642093906858
315327	52.4915807913
25136	52.4885533382
361831	52.3886
291211	51.9673
313409	51.9308
366518	51.7108
360584	51.5127
309774	51.4313265682678
65038	51.1724
25601	51.1635
25601	51.1635
25601	51.1635
25601	51.1635
25601	51.1635
25601	51.1635
25601	51.1635
25601	51.1635
59318	51.002
366227	50.9434
65038	50.673
360980	50.6637
25425	50.579
114028	50.5164
298655	50.4987514846
500244	50.2355223364
301365	50.0
361195	50.0
315675	50.0
305310	50.0
25371	50.0
291019	50.0
81748	50.0
501563	50.0
29219	50.0
