306844	96.70196
64033	94.4663344752
313388	94.45692
315891	93.89556
24933	89.6468
685425	88.626
25030	87.8364
170566	87.1834
361634	86.6648
316034	86.074
29184	85.267
302913	84.6644
171178	84.6142
501854	84.4762
366277	82.5295
362272	82.0888
191569	80.2566806506
312113	78.9925537234
29146	78.4263
296267	77.5709
79227	77.4494
307616	76.7856
315665	76.4133
25041	76.1823
307494	74.8699
29364	74.7056
303394	74.609
296532	74.3437
311030	73.386
311726	73.1317552931671
298982	72.7669332361
498934	72.6886
80850	71.1777558277
80850	71.1777558277
83626	70.2402
305164	70.1287
289276	69.7756
302562	69.6959
295461	69.383
361822	69.3240818668
498301	68.072951804
116504	67.8912
116504	67.8912
360540	67.8577
246314	67.8108371545
24399	67.1385
289185	66.3997
192242	66.137
298184	65.9793
113976	65.9777
24588	65.8523
500282	65.3772
64441	64.915533166
290214	64.5567
170909	64.3669
313067	63.9688
306589	63.3874
25263	63.375
315952	63.3131
500986	61.3794
302697	61.2029634535114
25293	61.196660478
64157	61.0544
25293	60.8355234625
25293	60.8355234625
25293	60.8355234625
25293	60.8355234625
24551	60.5954
501157	60.2661
24551	60.1853
117259	58.8832
500972	57.4594
306071	56.6342
288599	56.2882
25701	56.1898
296623	56.1716797312
309400	56.0248857325
308310	55.9717
365755	55.6894
290447	55.036
292764	54.3386
64679	54.3257
304721	54.1992
297093	54.1254007456
307271	53.8828
293149	53.7898
309126	53.7696
307740	53.3599
300733	53.1616
310463	53.1134
316539	53.0396
497902	52.96437252215
81819	52.8364944738
301416	52.7942
58940	52.72
361070	52.6915
679937	51.5672
84496	51.2511
84496	51.2511
305831	50.7046
64226	50.187868176
315352	50.0
