24356	94.62355891768
311658	91.8178
364834	91.66067
304763	91.37533
290652	91.10699
56611	90.36639
24596	88.5923
303244	87.425
313717	85.2139003568996
81801	84.5964
307842	84.1493
307821	84.0123
64203	83.7472
24239	83.3494
116470	83.1859998688
117242	82.7927
308572	80.3751423832
315139	79.64
65025	79.1905
58964	78.9658
301346	78.4132
315962	77.2302
24483	77.1005385172
24483	77.1005385172
24483	77.1005385172
310687	75.4745
290921	75.1716
296583	75.065
79431	75.0228
287796	74.6645
309060	74.6243
313512	74.5403
116490	74.0164
292228	73.8408
304410	72.7731772398235
25640	72.7663
25640	72.7663
25640	72.7663
293024	72.2092080442903
303135	71.9263430568226
84471	70.4197
192183	70.3091414527165
499174	70.283412814
311848	69.8844
295228	69.3455
81812	68.7532
291006	68.5823
246324	68.4066
297804	68.2264
246116	67.6379
64060	66.9809
363521	66.9654
117096	66.9068
363014	66.5149
306722	66.0125
301119	65.4248
114093	65.381170726
50671	65.1797359687
315158	65.0425498578
58961	64.9148
58961	64.9148
688540	64.5483
85254	64.485
367073	64.4821
361801	63.1723
309728	63.1537
100361647	63.1246
292640	63.1154
192154	62.865597383
29597	62.6373
353304	62.4764
192276	62.2223
114115	61.8672
296565	61.7597
84024	60.3407
302938	60.1919
399475	60.1317596368
303414	59.9112
117281	59.7542449516
313772	59.683041793632
24949	59.2587
311405	59.2463338692
156275	59.1477
24949	58.8849
293042	58.6708007168
296370	58.3326
303200	58.0415
688996	58.0186288815754
50560	57.9262
171096	57.2843
312727	57.1372694072
315691	57.0296100181
25263	56.9067
362599	56.8341
365872	56.4903545284556
315137	56.4532
24411	56.4428
24508	56.2648
308345	56.1763
171078	55.8181
303259	55.69357476
361831	55.1701
170819	55.0413
306400	54.6565472398
24518	54.6222693004
24518	54.6222693004
65179	54.4531343524
29495	54.4065569148
288038	54.394
24318	54.35
363516	54.275
288499	54.1520043882
300191	54.01260888
688673	53.9497
294154	53.8250923315
360605	53.531821144
81805	53.0474
84358	52.5852
116693	51.767056842
312563	51.7463
365352	51.3546
83788	50.7013604891
83788	50.7013604891
83788	50.7013604891
305889	50.6368
29714	50.0
361798	50.0
29362	50.0
683788	50.0
