25646	99.9650722839492
79428	99.0519751553516
289257	98.3798385244925
83572	98.1466928356674
291921	98.0019427966928
192178	97.960555877854
24694	97.56031
65153	97.41668
292188	97.40524
312192	97.1497378747898
362466	97.0619060664
296653	96.897807245131
314743	96.8535489433849
303016	96.5339488045446
58958	96.2182491557324
367252	96.2122038699658
315548	96.20932
313488	96.15275
309390	95.9906379255107
114850	95.7650420663
81516	95.74058
298652	95.68637
299188	95.63560492628
29610	95.59663
83785	95.32966
114029	94.9278559579036
362490	94.79962
362384	94.70223267328
290823	94.69173991582
367252	94.6642808449639
294846	94.54408
65142	94.425572354159
192183	94.4001290376584
293135	94.02432879133
170956	93.82842
310638	93.73153144568
311118	93.56645
308937	93.3746170345
306862	93.3390029175039
170851	93.12455
83785	93.07622
83785	92.99194
83785	92.99194
83785	92.99194
83785	92.99194
83785	92.99194
83785	92.99194
83785	92.99194
83785	92.99194
83785	92.99194
83785	92.99194
83785	92.99194
362196	92.989662517
83629	92.8084447234
140937	92.77273
315740	92.69919
83825	92.6877340012269
289419	92.624513704
311487	92.57698
288498	92.11211
25729	92.08467313
117526	92.014570686
310244	91.93559
29211	91.8104755006
288482	91.63568
303132	91.47521094172
689030	91.4325
29755	91.2083024002
300950	91.1073789420908
25497	90.70795
310250	90.6021
497902	90.2932679358
171050	90.17956
80843	90.1560037055
493810	90.0736600558
360272	89.9814
84360	89.8723
309157	89.8540250534529
365755	89.7802799390082
307200	89.7357
361400	89.635114118914
364681	89.5884
450224	89.494
81655	89.4235
307740	89.362
308939	89.3047
306600	89.2148501580422
293886	89.0989
50671	89.0102064033
310533	88.9777
311718	88.9428
306328	88.92
287773	88.8534
50993	88.7161145575
311384	88.6455
311024	88.5368
293046	88.5047
58812	88.469529785978
294993	88.2536367792
25576	88.2281937493
24399	88.1717078404
171440	88.1317
361070	88.0179
316096	87.9193
303181	87.7597897911
317335	87.6387
312372	87.603797509
363062	87.577118067
315997	87.4495
24716	87.4140248048
303602	87.4075339347532
83685	87.379132462
308021	87.1498
294207	87.0534
498140	86.8839
298410	86.8508
364298	86.7713038336
306630	86.6734050945595
307016	86.6169
171102	86.613375245
308265	86.4523947666319
297865	86.388
84010	86.3526569266
307271	86.0654
362246	85.8609696735039
289992	85.7685
114095	85.5685738062
303336	85.3575
116668	85.318
306695	85.1581
303259	85.1374
60447	85.0262729210717
60447	85.0262729210717
360917	84.8126
84396	84.7312818678
313520	84.6392
306873	84.4922
361765	84.1687
360678	84.141269646
64862	83.9945310464
64532	83.844
29134	83.3897
288057	83.2855469931596
81507	83.0584
313594	82.7586
171447	82.6462
361431	82.6017
304244	82.5835
297695	82.2702
365407	82.0525
25508	81.8179
85238	81.7282
259273	81.5757
312495	81.5539
307833	81.4132456567433
294809	81.4061
171044	81.4056225703869
114596	81.2629
310753	81.0476
304758	80.9444175215
308757	80.8733
113886	80.7922
362788	80.779064385772
300756	80.7650086208
310659	80.2477
306804	80.1956
116665	80.192915758
303614	79.9758917335
309420	79.7667
288914	79.611
25447	79.4847
690516	79.4209241379829
498650	79.365093113048
498650	79.365093113048
64060	79.245
302612	79.1641
29619	79.0246953133
304648	78.7473
311468	78.5719
364952	78.45634171
361258	78.4337
313262	78.354
311876	78.1029
360643	78.0979
84399	78.0219
29158	77.8329
81514	77.7878
299982	77.7298500501
313478	77.6904786197
360833	77.4392
29517	77.1819
29517	77.1819
29517	77.1819
113976	77.1389
304150	77.049596624
298182	76.9859804323
316211	76.8920730297712
287982	76.8769
64369	76.3539
312709	76.2913
192350	76.255
289392	76.1516183866587
103693419	76.0634
303547	75.9579
363165	75.8665
29263	75.8598131648
300339	75.6818
304092	75.429
25262	75.304
314157	75.2936
94202	75.2847
94202	75.2847
296284	75.26888070635
100233213	75.0739
363169	75.0297
287275	74.7679
310760	74.7446
315648	74.7338
81663	74.6721050032
289342	74.527689664
171142	74.5008281069668
311456	74.4452869824
298012	74.4447
312781	74.4406
499929	74.4207546929359
25620	74.1907712327603
25620	74.1907712327603
25620	74.1907712327603
25620	74.1907712327603
310749	74.1065120909958
362173	74.0129
84351	73.9892
312538	73.9602
25537	73.9169445884236
679921	73.3543213856
308739	72.9110089085443
300674	72.638
313860	72.4578588692465
360855	72.3060049423401
363448	72.04155
306587	71.8401
287155	71.7792678085791
293016	71.7285465509
293016	71.6847582283
497886	71.6556
25577	71.6453
192268	71.5138
192268	71.5138
192268	71.5138
363168	71.4302
293967	71.3582
117180	71.3170938904
306091	71.0348
312203	71.0243
366734	70.9898
296188	70.9357
308959	70.9225
297952	70.8789
362418	70.8089
360818	70.7942604807961
290280	70.7029706332
310855	70.6921
171088	70.61884414
499870	70.528233551716
309969	70.511
29424	70.4595571413197
117515	70.3641
100192314	70.2739
361677	70.2733
361213	70.1136017154442
311842	70.1058
299197	70.0259813015172
299762	70.0136
294289	69.90738187
305679	69.7590169432
60326	69.7319
296624	69.6878248084
308212	69.6873
315617	69.3493223095
306562	69.1342639384176
85267	69.0552
315327	68.9241137194
311559	68.8544
362778	68.6759503704
297942	68.5377
114482	68.4312651406
24706	68.4004
312828	68.387110641551
24703	68.3106
246771	68.2979203688
306128	68.1593397244
302396	67.922467711
362866	67.866329098
117036	67.6891
94267	67.66785
296580	67.2434726778
301345	67.2034
313131	67.1913942910168
361069	67.1738539175
303336	67.1589
114636	67.1098074393812
362897	67.0773
311575	67.0597
288710	67.0365490632
29502	66.8886
296076	66.8716
298534	66.8587
287521	66.8474
24254	66.8132
116741	66.6704
305581	66.5817
293455	66.4927903056
25544	66.4223
25694	66.3439
308468	66.299
497954	66.2299
25151	66.2237
59303	66.148559087
24941	66.0849
297695	66.0465
29705	65.9172
140941	65.6252
25604	65.6111859097443
252920	65.4799
310399	65.4690369425
25620	65.3969597281
25620	65.3767173003
25620	65.3767173003
25620	65.3767173003
64846	65.2991179528
304601	65.2218
289388	65.1997
309429	65.1383
64394	65.061843468
309665	65.0285
499561	65.0211
29564	64.7474
286906	64.4722
171097	64.3750443343
305835	64.2357
288079	64.2299
56725	64.1813
84026	64.1
302495	63.8461
293024	63.7729869307222
303292	63.5862573987825
309111	63.5296722747996
500156	63.5231
24592	63.4236
50677	63.3992
362963	63.377
58919	63.1975285819851
360887	63.1893023602304
83522	63.0468
287543	62.9279783586182
314641	62.9019
314641	62.9019
300664	62.8988166172
83834	62.8543
303749	62.8426
24482	62.7988
24482	62.7988
296390	62.7802316184
289175	62.6679029644
65206	62.65861528
315173	62.62171984
85239	62.6163878440878
294012	62.5083
140583	62.377000816
306459	62.2813
113975	62.1917
308097	62.0461
24176	62.0432
498411	62.032710783136
363412	61.9974804716
171121	61.8307
116554	61.7188288569562
317235	61.6971
24439	61.6395
24482	61.6163
24482	61.6163
363153	61.5758
287585	61.5669
116466	61.5587
29645	61.5037
293410	61.4906234681
311872	61.471944005
116469	61.3867
298655	61.2074295308651
303059	61.104028575
25247	61.0061
311187	60.9689829182
501923	60.9314
301009	60.8563052389944
309175	60.8263154624
24680	60.8023
302424	60.7439333831091
309611	60.4619117066648
25565	60.3664
65206	59.9193133066
65206	59.8863593574
65206	59.8863593574
308457	59.8716646948
686611	59.858596594
686611	59.858596594
65162	59.8295646741328
311607	59.8141354126
65023	59.6917465972
65023	59.6917465972
65023	59.6917465972
65023	59.6917465972
361472	59.6087
293098	59.6048
500000	59.47165
311903	59.4246998270348
680531	59.40435
64574	59.294
25558	58.9191988276
315670	58.8123
300682	58.6035
94188	58.6028
363735	58.6024
303690	58.5896
303690	58.5896
116700	58.5464
361430	58.4334
25367	58.312961324
25367	58.312961324
25367	58.312961324
25367	58.312961324
25744	58.283202436
25743	58.2464346953453
312381	58.2234
688777	58.049
362489	58.0333
170837	58.0285
292148	58.0108
29699	57.858469718
360466	57.8465
302913	57.7646
294018	57.6632
360668	57.6563
305103	57.6530534904835
292206	57.565
296394	57.561445384
301130	57.54935
367786	57.2305
311450	57.1676
312703	57.1566
83518	57.1476
363603	57.053264626022
113938	56.9879206643
309391	56.986
690853	56.9175
317576	56.8494
308864	56.7503
361442	56.679
60434	56.594165372105
113938	56.3839570876
361615	56.2121
117279	55.882
64088	55.8021
84379	55.6835224528446
688622	55.6057
24718	55.5621
363913	55.5617512693
304091	55.4812
117243	55.3621
303604	54.9781139125
291824	54.960811262
310756	54.8704
24215	54.8268
300813	54.8023
80900	54.5577
307956	54.422560495
25501	54.4076
290669	54.3812
499745	54.2698
360661	54.2569715913
361991	54.1859
314751	54.0479167372
64023	53.9981878262898
301076	53.9313042754
304816	53.8474068334326
364675	53.768368357
500954	53.7202
89827	53.6293
116690	53.4522143263357
116690	53.4522143263357
116690	53.4522143263357
116690	53.4522143263357
117536	53.2972
117536	53.2972
117536	53.2972
117536	53.2972
369016	53.2232555492
171447	53.101
171447	53.101
171447	53.101
171447	53.101
171447	53.101
171447	53.101
94196	52.8614
25054	52.8599629978
94193	52.8045
171159	52.7027
288518	52.594740784673
54355	52.5767
64042	52.547
312806	52.4862899880966
353218	52.3590304073
25288	52.3389502131
310506	52.2384297636432
83469	52.0941
313020	52.0766756681632
25262	52.0634
25262	52.0634
360658	52.0399608389
301038	51.9436049961
65190	51.8501500435077
362049	51.8450598065
305253	51.6748
171123	51.666
362960	51.6502
304813	51.5450561116485
291610	51.4747961112
54283	51.459373981
287593	51.4005235375
299204	51.3986
305831	51.39
691589	51.3623269396
288626	51.3129389116
246153	51.3121
140945	51.2525833994188
140945	51.2525833994188
366624	51.2281097615
317296	51.1171
25549	51.0500278192
294518	51.0494
29440	50.9514037978
297332	50.9061
299356	50.8928
171152	50.8872
64561	50.8844756355
498003	50.7343671508
307491	50.7298
300253	50.6488641998
25445	50.6423
306817	50.5554689388
246116	50.49539947
303100	50.4856672973911
25482	50.3837609938
301121	50.1287266105
306765	50.0
29364	50.0
29647	50.0
360445	50.0
681024	50.0
309373	50.0
368044	50.0
315136	50.0
25553	50.0
316737	50.0
261736	50.0
314405	50.0
363006	50.0
