292916	95.99536
29332	94.94959
54297	93.77463674
308937	93.50321
286958	93.40251
364754	93.39635
498659	92.8302
297173	92.82883
295327	92.6313281206
316482	90.23127
306147	89.5431
316273	88.3019
302671	87.7728
266804	87.7196
83834	87.609
360983	87.3949313384
266735	87.3868
266735	87.3868
266735	87.3868
56759	87.1226
680445	87.0511088014
293627	84.454
499330	83.7243
294431	83.619653828
24522	83.3588
311494	82.9308
313125	82.5999
171120	82.44
305104	80.4318
102548228	79.455
289311	78.577
293710	78.0212624622
306571	77.1421525747
29440	76.7024
364678	76.1517
305012	75.6071
116720	75.4578
365751	75.3699
497892	75.1233
497892	75.1233
297498	75.0594
313131	74.9541
63836	74.9267
294601	74.5371
360896	74.3136
316013	73.7389
362051	73.6565
245981	73.3079111194
497078	72.809
25031	72.7058
687147	72.6583
687147	72.6583
140923	72.5605
306129	72.4076
313427	72.0875
315523	72.027
310533	71.8847
89820	71.7569
25136	71.668174087
293566	70.5264
25669	70.0473
311384	69.9989
24437	69.5554
296580	68.6792
315134	68.6731
314824	68.5111
303470	67.9612
290303	67.8444
171028	67.2029
171028	67.2029
64119	66.6791
65162	66.1507
114090	66.003
308624	65.9159
291450	65.7879
94338	64.9978
84394	64.9438166033
309611	64.7226
361018	64.5899
29345	64.4359
113970	64.0082
171447	63.9731
171447	63.9731
171447	63.9731
171447	63.9731
171447	63.9731
171447	63.9731
171447	63.9731
25613	63.343579485
301674	63.0394
63868	61.4705
298084	60.3472
25600	60.3381
25617	60.2183
314157	60.0808
29624	59.0982
291772	59.0688
689560	58.892802051
317470	58.7477
304794	58.524
64558	57.5075422576
309009	57.4151
58850	57.091
85428	56.7443
298370	56.5665
291314	56.4106
362186	56.4069
307479	56.3588
113959	56.2927
305270	56.2716
25341	56.1091
362733	55.7245628689
362733	55.7245628689
25509	55.6487
310960	54.5494
116597	53.5088
309153	52.9766
303212	52.86810556
114906	52.8337602574
24946	52.6902
366872	52.3497
25447	51.8532
307724	51.3014361535
64440	50.7212
313529	50.595
84511	50.5451
85238	50.5229275306012
287607	50.0
