288105	99.9533580487721
305083	99.7862390477921
302920	98.3259950760929
296884	97.92618181609
311374	96.00878
65180	95.5796599804028
114100	95.55206
299907	95.2752318954974
24591	94.79297
364712	94.6324440075718
314212	94.5307172855243
309969	94.46167738665
314647	94.1344559259822
309957	94.1280785873506
116643	94.074929239
84487	93.9952295971
309126	93.9364214737
360637	93.352171127
362665	93.010986703851
83840	92.8695515788754
501563	92.7461600370779
25236	92.7394499419881
303828	92.73487895238
29344	92.6110635275381
311236	92.5906294824942
25230	92.54127366978
25230	92.54127366978
24356	92.47461
301363	92.2362078619804
25509	92.19861
316638	92.19694
313593	91.67211
296467	91.3614587505
298573	91.27736
100322884	91.13828
246311	90.7764304186604
432358	90.698776975708
432361	90.1076599382
117520	90.05393
117520	90.05393
117520	90.05393
83633	89.925972107475
312154	89.4508390923153
116543	89.2635751549684
300719	89.207118208
192110	88.9707393466345
315891	88.8309728096415
299766	88.7422
498642	88.3117926315
50993	88.0344112656
114764	88.0061904232
25560	87.2375238268
298744	87.2339485015758
50659	87.1432
289057	87.0792
313838	87.0160679218
301384	86.9587
29463	86.9541
685425	86.6377
25136	86.5985
309227	86.3747
83626	85.6685014921
102549710	85.5905
50662	85.5826
81529	85.4326
113907	85.1346
290447	84.9841
60374	84.6434
25721	84.0172
298584	83.7349953418741
116839	83.5834
116482	83.1271
313152	83.0736067252867
317183	83.071748176
24936	82.7907
310352	82.6296796042947
362733	82.5961386276129
362733	82.5961386276129
100158232	82.48676255
288353	82.3263
117560	82.1647137045
60391	82.0137498385
361700	81.9856993834308
362962	81.974454245
103691034	81.9377546623825
25343	81.9204
289623	81.3338861093809
63995	81.2577
25154	80.8434
56011	80.7049957955584
299127	80.6991
313471	80.6466
83467	80.4693534919
246323	80.392
83783	80.2399
78956	80.2258355891005
362859	80.055392527413
25050	79.9213
80338	79.6978
50558	79.4403277398
298652	79.2769
303088	79.2678097205
288291	79.2554
314322	79.246293709742
260327	78.9906
296281	78.8796206101424
192178	78.8331603821172
295401	78.7201018759444
81663	78.6157
300870	78.5777724786
64522	78.498153316
307526	78.4584
499929	78.2215
314384	78.1757
301076	78.1464570957985
681062	78.0844
246279	77.9814
246279	77.9814
24323	77.8045
362844	77.7826907893239
303567	77.7057
294043	77.7003887533267
311783	77.6853
304208	77.6404
304758	77.502
116839	77.3588
64530	77.0656
301285	76.9793506251412
499593	76.874512361
314273	76.7822
499882	76.6907179744
304786	76.5479251494862
308971	76.5044598228
25603	76.4166
311450	76.2978
313861	76.2515712856
290923	76.215
84357	76.1035353368
29364	76.0894452668
444984	76.043543815
444984	76.043543815
308283	75.9760153307
690163	75.8348
29146	75.6428
303836	75.5764562636468
295325	75.4205458972
116699	75.3699
54278	75.3398
113976	75.0696472784179
83501	74.5598136927
363684	74.5001037136
310508	74.4682
29629	74.43305
84416	74.3995
113961	74.3283
114561	74.2555
641521	74.0799625006
363219	73.8512
362871	73.6060554366
24333	73.5612
24333	73.5612
287441	73.4171
63996	73.346
140941	73.3013
310674	73.2372
366872	73.1573
308061	72.9815
500037	72.8291364434764
362827	72.8045641672
24948	72.4089
363455	72.3399376745441
24225	72.2549298735927
24225	72.2549298735927
24225	72.2549298735927
24225	72.2549298735927
24225	72.2549298735927
24225	72.2549298735927
24225	72.2549298735927
24225	72.2549298735927
24225	72.2549298735927
24225	72.2549298735927
50687	72.1850484523
24596	72.0361
313339	72.0103493307316
83824	71.378542468
295327	71.2822
114507	71.2305
679944	71.0432
63994	70.8993
63994	70.8993
303803	70.8836
84426	70.7324
260323	70.7037
64043	70.4693809157
84347	70.4425306536147
25248	70.232520419
310306	70.1268
300341	69.9665
316415	69.8417
63994	69.6413
63994	69.6413
25608	69.4789
287541	69.226609872
294400	69.1593334112
291793	69.0785
116686	68.9646
295649	68.9632
313843	68.6369
308890	68.359
315159	68.183
365755	68.1102666891684
116600	67.8665695613
681178	67.7811
24482	67.7226395877
24482	67.7226395877
257648	67.45751444
24482	67.4457563079
24482	67.4457563079
292295	67.2767638435
308831	67.2032
310086	66.2273
29395	66.1834
689560	65.9727
25613	65.8013977798
50669	65.7599660813051
317398	65.690547125197
363412	65.5296
308126	65.2778626154
360514	65.1578
315740	65.1387
313089	64.9608
317163	64.5871667284
295027	64.4749
362809	64.1512
316328	64.0298
25459	63.9683
114555	63.8886139808
361632	63.8053
84356	63.5981600565
25743	63.5378391329392
290501	63.518
308509	63.4189671534
117056	63.2856
680102	63.1776289982188
362591	63.0108721649381
367218	62.9460333972
364634	62.8951
29331	62.884545806
64317	62.581
306459	62.5406657492
94267	62.4597
170911	62.41905
291772	62.3805
305103	62.3252
315338	62.2978
25648	62.218589771295
363122	62.1088
286939	61.7389
363058	61.7201
65157	61.5945582505
687031	61.4617
287199	61.0653994509
365601	61.0196
25586	60.9258
306147	60.8322953682
360230	60.8244941965
171139	60.4886
171139	60.4886
171139	60.4886
29500	60.3503
245924	60.13
500430	59.9836
362383	59.801
311346	59.7022
192359	59.6999
315958	59.5412267164
315870	59.4162
361239	59.3924
304071	59.244
171068	59.1451
303059	59.1033096787
29483	59.0677
29483	59.0677
29483	59.0677
29483	59.0677
24796	58.9839745502
117050	58.8903
497886	58.7201757341431
50566	58.6578
362481	58.6348
84394	58.4666737930006
292808	58.4428
288057	58.2229
252918	58.1551
170842	58.0685
362609	57.98417566
300129	57.9511578242
303016	57.9422043456
58942	57.8730113832
366265	57.8367827163
81717	57.6215
287534	57.5591
307745	57.5465
308918	57.4808
64443	57.4131
302363	57.3842873120824
60443	57.2007
60443	57.2007
60443	57.2007
29546	57.1502
311137	57.0476063186
366975	56.9988
301709	56.5857709062176
100302465	56.3213
296408	56.2458
286973	56.2053
360406	56.12068777
81640	55.9136
84027	55.3911
362466	55.3714
64525	55.1458
64525	55.1458
64525	55.1458
64525	55.1458
60447	54.7369
60447	54.7369
29482	54.6902
117538	54.5511371378
140590	54.5218
81520	54.4755
303274	54.3156
192154	54.2729441028
303196	54.2446
303196	54.2446
29376	54.2024852536
361810	54.1959
25671	54.135
362152	54.1241
300652	54.0977
314721	53.9425624438
362788	53.8240546338
679958	53.6959
363465	53.5817
286759	53.5406
85384	53.4616
361745	53.4294
313770	53.0938
266705	52.7399
361103	52.6993782895
306862	52.214
289144	52.1861
170845	52.0607
360747	51.9011
362474	51.8465150626
117282	51.8310883606
282825	51.7908619408
192126	51.725
116721	51.6855
83505	51.6199
114499	51.4718973848
171563	51.4044
290864	51.3015
290864	51.3015
79237	51.1892
306328	51.1377
25576	50.9931
297784	50.9566
288239	50.7678
306886	50.7629
24459	50.6974115227
310638	50.690454489
303403	50.6646
63845	50.6508
498309	50.4013474465585
498407	50.3073955925534
116641	50.0
362092	50.0
362443	50.0
311311	50.0
680229	50.0
687694	50.0
363854	50.0
