301489	96.07221
500037	95.36164
64832	93.3917596438
286897	92.3259276754
286897	92.3259276754
58980	91.31609
89803	89.0871
498728	88.871199694
29755	88.0212
290638	87.7503971059
499933	86.8438
307503	86.4849801712
311182	86.0171218324
78975	85.3678
304601	83.7221866752
360643	83.4564
315348	83.3248
361677	82.407008584
81749	82.3304920306005
296284	80.8367
24953	80.6935
24953	80.6935
288108	80.2304905896
117514	79.215199496
24212	79.1244
66030	78.8562
117180	78.761
25454	78.4452
690195	78.4213
287885	77.7576
29271	77.1793
85238	76.4785
301229	76.2593
300075	76.0647
680445	75.734
362156	75.6047
363249	75.573984826
58954	75.4566
24283	75.1226
501195	74.6877
307821	74.4062
287562	74.151
24832	73.4709
305458	73.1526
308899	73.0209131688625
308899	73.0209131688625
25245	72.5439
25245	72.5439
501046	72.4013
500244	72.3092
304071	72.1954
29436	71.9255
499751	71.7617
29629	71.6683
29629	71.6683
316021	71.5938285466
24701	71.5203
311437	71.3178
363118	71.3005
315597	71.2325
362418	70.9618
25019	70.8191
308118	70.3723
64474	70.3575
293743	70.3442
295645	70.3307
301118	70.3244
117280	69.8588
260321	69.7895
317399	69.6671
25621	69.2195
311325	69.1953879292
83685	68.6684
315073	68.3515
313512	67.9848
688869	66.9186
309256	65.7864
57302	65.4709379407599
57302	65.4709379407599
309596	65.4694
80846	65.4458
80846	65.4458
498030	65.2853582784
291921	64.9253
29528	64.7729
313929	64.5425
287564	64.5366
64364	64.4638
116690	64.4132702676
116690	64.4132702676
116690	64.4132702676
116690	64.4132702676
65025	64.3846
140448	64.3097
80897	63.5951881498
85241	63.5273
303991	63.3787
29510	62.5956731946
317396	62.5522
306439	62.3217
29510	62.1536695
84405	61.7775
310306	61.7093
498299	61.2818
290291	61.1184
291653	61.0762
296474	60.954634225
140866	60.9340213358
117039	60.7016
117039	60.7016
63888	60.6668
305443	60.6456
308134	60.5312114837
499991	59.7997
364867	59.6666100361
300089	59.1971
317374	59.1457
296179	58.9128
297486	58.8957
314465	58.8944
304474	58.8454
304495	58.7276
360906	58.712
619558	58.6239
292584	58.291342919
307715	58.079266075
313131	57.9031
171571	57.5848
24718	57.4845
290300	56.9051
116596	56.8553
313596	56.811375892
312711	56.2729
298874	56.2085
315524	56.0675
306630	55.9888909368
63840	55.8624696227
54241	55.5609
114504	55.3405
246266	54.8221
289482	54.775866409
360801	54.7129
170520	54.609
314785	54.4656
25037	54.3376
307907	54.134
171352	53.9225
24948	53.724
266803	53.7189295408
302553	53.6395
29469	53.5488
307997	53.4311
304825	53.2598
300062	53.0937
314245	52.9046
246326	52.6515
24416	52.5565
305956	52.4129243896
494445	52.1465
361688	51.8484007953
246097	51.792332756
25480	51.6744
303088	51.5208
84398	51.5012097033
297387	51.4208
363278	50.8497
366894	50.5729
680172	50.5228
84550	50.416753617
498256	50.0
362776	50.0
291352	50.0
