25645	99.0415282811312
299602	98.7334517082
311721	98.1470098668299
300474	97.88733403008
81660	97.86875936758
313782	96.3995
304947	96.38853529546
308028	96.32199462469
500562	96.3137378108
690693	96.039516794
58949	95.8241367604293
303824	95.61235300036
314265	95.44790130688
289733	94.94754450415
245921	94.59041
311876	94.2545708956
171142	93.98601
100361294	93.96397
25694	93.92375
24176	93.92248
24323	93.64864
64023	93.60681248296
25385	93.55729
362048	93.50778
307016	93.19878
156435	93.08678
50998	92.99087
294508	92.6132819218
303337	92.56142272
287940	92.4804346290103
290905	92.3006
294809	92.2305219481
79218	92.17936
554172	92.1390175795
58964	91.71191
292022	91.4264
295649	91.1681708806
300173	91.1656418172
29140	91.02978
301118	90.8870254478
310753	90.85985
58840	90.77723
685679	90.72356
500874	90.52951
360886	90.48776
287357	90.16252
291948	90.159
313033	90.15491
29434	89.9359
117026	89.8096
306274	89.7896
313668	89.4393
304591	89.3564702626
316583	89.2374
360646	89.1946
500000	89.0968652286
114002	88.9031
363126	88.7902
315655	88.5842
310674	88.3933
303824	88.3763409024
64558	88.2381677724
81826	88.1298
313593	88.0917
291567	87.9917717784
304653	87.9214
29591	87.699391268
171079	87.6106
362092	87.4688
308995	87.1885
286910	87.1867
24498	86.9821
500132	86.9188
360230	86.8122
170920	86.7554
361594	86.6116
298609	86.5009
296616	86.4724
309514	86.3228
312398	85.6983483804
300317	85.599
79146	85.5637
293061	85.5262
313308	85.5243
298894	85.5024
314480	85.3575
287624	85.2999
79212	85.2432
303730	84.9936
288484	84.799
266770	84.5098
140934	84.2302
315806	84.0061
360589	83.8832037508
171152	83.6742
89868	83.6457
311331	83.5229
362182	83.0232
140914	82.8258
360526	82.7578
310738	82.751
63886	82.6272
303586	82.5392
266764	82.4227
306586	82.3851
100361133	82.3763
303070	82.2784
360917	82.0762
360866	81.8659
289486	81.7599
85246	81.7503276682
64088	81.6572
312440	81.1975
116554	81.0878
292267	80.8914
316242	80.80221698
501097	80.7615
24283	80.7317
294395	80.5738
192154	80.5246
114514	80.52
100362347	80.4673
171443	80.4484
406164	80.3262437464
156767	80.2703
29376	80.2619
313061	80.2045
307526	80.1791
307075	79.7800875733
363783	79.7169
287974	79.5383
246074	79.503854006
301363	79.4828
307848	79.4114
288587	79.371490202
305472	79.1279
85262	78.8493
308896	78.7971
29683	78.7768602465
79107	78.5187
363232	78.4561759232
64025	77.7701
29693	77.73
29524	77.7093565732
64559	77.6562787249823
360658	77.6036
171129	77.591066728
303604	77.5814719996
305164	77.5406
309331	77.4064
29437	77.3904
683626	77.2578
293667	77.1018
288091	76.8852
307302	76.6415
498185	76.4496
314596	75.8776764201
361274	75.8375
361628	75.6782
54398	75.3252
362979	75.1738
300142	75.0858
192263	74.9694
295378	74.7943
24877	74.6859
25325	74.5843
83633	74.5401
298091	74.2529
295251	74.1615
309871	74.1213
114860	73.8271
313510	73.7235
316539	73.6675
29138	73.5123
308337	73.4072
360668	73.2655
360904	73.148
360785	72.8793
313418	72.7015
171092	72.4417106304361
309400	72.4093
29701	72.4084
288079	72.3728
688276	72.3480807538
301346	72.0444
293494	71.9341
64469	71.5637
360673	71.5458
353256	71.4852
310791	71.4209
83535	71.2502
291182	71.158
301285	70.896
79146	70.8483
29745	70.7659
301255	70.6711
362950	70.4785
50658	70.449
300649	70.3938
83823	70.3283
85250	70.004
313978	69.8851
81708	69.54
304799	69.384
24605	69.1917
361601	69.1804
309139	68.9807
311166	68.9674
364785	68.6391
312947	68.4338
309207	68.4104
499174	68.3298
24651	67.8455
300032	67.7209
307288	67.6867
25031	67.1305
315833	67.0412
494338	67.0042
361293	66.4972
315996	66.4168
170917	66.2197
361065	65.5996
64553	65.1377
688705	65.0679
293847	64.8326
289201	64.727164736
362828	64.6121
25716	64.4782
289595	64.3769
313427	64.0898
298084	63.9702
308457	63.861
312451	63.8479
303292	63.8048
24875	63.6345462208
315760	63.5446
407784	63.5309
116721	63.4956
361920	63.4703
307919	62.9914
288657	62.5175
315434	62.5036
79223	62.4793
361503	62.22
311311	62.1676
24588	62.0217
29619	61.8836
298943	61.8274
25066	61.6516529700052
364952	61.5868
360800	61.4603
308810	61.45
292814	61.4342
114591	61.3877
300339	61.2291
302920	61.1962
302488	60.9408
114638	60.7741
288772	60.3161
315795	60.297
361272	60.2269242764
309596	60.1808
294429	59.9223
316640	59.5487
498309	59.4402214715
300980	59.2436
24493	59.1025
688721	58.9955
363984	58.968
316211	58.8392
306012	58.6282
85264	58.3988
498287	58.1281
298533	57.4217
298500	57.1766
299201	56.8571
300120	56.7676
303306	56.5549
298452	56.5493
360720	56.3564
29510	56.3428
309082	56.2146
29510	56.2077
313370	56.1856
688466	55.9335
361285	55.821
29430	55.614534742
304721	55.5245714081
499801	55.4357
64185	55.1216
54297	55.0959
309227	55.0016
304758	54.9557
366998	54.7414
25402	54.6876
24805	54.6357
304277	54.6302
24708	54.5796
293673	54.5683392411521
289101	54.5217
25505	54.3626
25505	54.3626
25505	54.3626
58838	54.2361
367252	53.4186
303476	53.2127
292090	52.9309
259275	52.8049
315611	52.371
64533	52.345
300944	52.3356
287418	52.3095
361321	51.6751
140722	51.6718
171102	51.6598
83626	51.432
292409	50.949
363256	50.8431
290843	50.8011
362258	50.6075750356
316101	50.0
363135	50.0
289323	50.0
310392	50.0
