432358	94.8242909281074
116543	92.1132423387
364754	90.8198532928
117104	88.8218
362495	88.1241115326577
25578	86.6355
313510	85.9698473013933
29737	85.800216492
292999	85.7691797488
287275	85.6491112179
309456	85.2764
309456	85.2764
317256	84.871
304881	84.6405460794035
78961	84.0155
84556	83.6128877077
302378	81.7656
497009	80.8989
360600	80.7784422926
361450	80.4374
64845	80.2334700365
309680	79.3488
29300	78.3393
361585	78.2401
688717	77.8891828243
310086	77.0259
288152	76.2528
497961	75.6615
310677	74.7843508737
24407	74.676
316539	74.6660172424
84511	74.5769
305827	74.0813
294375	73.9746
303394	72.7566774012
25757	72.0151
310392	71.872328402131
25033	71.710713624
29525	71.5487
59324	70.8526
311137	69.3308658272
171447	69.3278
171447	69.3278
171447	69.3278
171447	69.3278
171447	69.3278
171447	69.3278
171447	69.3278
114505	68.8558
58942	68.6482
302553	68.4875
500616	68.4585
25701	67.8020910136
311224	66.7817
289720	66.7539
64455	66.2652
295319	66.1494
315000	66.0055
287610	65.6986
24534	65.6589
114517	64.8705
315352	64.54
314265	64.4146
309729	64.1104616602
362018	63.6919
679937	63.4804
81815	63.2948814298
85431	62.516
116699	62.33
311024	62.1469
298765	61.5500019328
310375	61.5483
304920	61.3501
64053	60.8135
310250	60.5026760016
364867	60.0226
192213	59.6949056705
312937	59.4809
314046	59.4241
289324	59.1448
312563	58.5146
286973	58.4628020992
304786	58.4595714812
246116	58.45146728
84410	58.4353
312927	58.4060813436
303605	58.3372
300772	57.9759
307067	57.4359
319110	57.4249
293098	57.3685
361258	57.0265
25509	56.8451
192274	55.3551
296787	55.2872
295428	54.3315
313845	53.6611215295
310773	52.6749
287930	52.4858
362078	52.4845
114024	51.7523
294809	51.44543412
29423	51.3966
81002	51.1353
289264	50.9841
298576	50.5605813992
25690	50.0
683927	50.0
