500988	95.78644
117284	93.58667
360569	93.30591
25124	88.2442
362629	87.7934
689161	87.6333
116506	86.7787
116506	86.7787
312562	85.7847
315405	85.3076776412
114489	85.2952
294643	83.7294043435
287479	83.3008
361289	83.1416
314855	82.5698172233
691947	82.3486575848
305835	81.8022
364052	81.6229
54241	81.0848
116550	80.7678
365042	80.3581
313242	79.6907
81649	78.8780435716
288305	77.7944
79435	77.0051
286988	76.9588
60447	76.761550357
60447	76.761550357
301446	76.6494
308794	76.63053889
364419	75.6045
295293	75.3875
361944	75.3112388748
361944	75.3112388748
246280	74.594
294408	74.36737571
499653	74.3422
310958	73.868768483
25639	73.5436
294018	73.3989
29279	73.1526
312703	72.9981
295347	72.9874
297486	72.2465
302328	71.9078
305268	71.6108858333
361959	71.6075
289752	71.1296
500131	71.1229835479
171396	70.9399
301374	70.6996
24950	69.9413202104
60427	69.6275
60427	69.6275
306013	69.5477
362301	69.2548
362301	69.2548
287447	69.1797
309126	68.839983224
116663	68.7365
84402	68.701204464
117048	68.5948
171386	68.5051
364241	68.3928
287273	68.3103
362418	68.2998
497988	67.7104
50659	67.706
29618	67.6599
289754	67.5468313597
688845	67.0657
192109	66.2421
291923	66.0215
291793	65.6697
304741	65.4736
259241	65.39675
81507	65.3816
59329	64.9227
309638	64.7387
303902	64.6491
117522	64.062
287159	63.9049
291019	63.5488636784
310806	63.5186
304053	63.4386
292696	63.3798
79212	63.2001037722
360602	63.0421
316211	62.9985546737
65180	62.9574
307724	62.8998
297942	62.8818
295322	62.8424
301555	62.6584
310250	62.4828
498301	62.3055890844
361191	62.0676
25284	60.8122
619374	60.7209155996
310533	60.6383
29645	60.6125212456
293561	60.3481366738
315548	60.1762
303836	60.031
54323	59.9842432456
116665	59.8742
316164	59.7742
317183	59.654325946755
363135	58.6591
360853	58.6447
29454	58.6239
288593	58.5193
29528	58.4193
114203	58.4152
29270	58.1588
314633	57.6070252136
361598	57.47865
83497	57.4305
313861	57.4275
312656	56.8159768618
54348	56.7957
361732	56.795
362591	56.7086672185926
192178	56.6285792911
295455	56.6046825505
114114	56.5505
361422	56.5385414752
307524	56.4701
295596	55.9034
300206	55.8525
83580	55.8188008198
29657	55.36
315962	55.0943
309665	55.0628
293960	54.8388
116693	54.585
291610	54.4013
29138	54.3786959743
117180	54.2999
260323	54.002432451
29524	53.9758
84422	53.7996
245962	53.1627
260323	52.886156178
314386	52.8808
29686	52.7601232954
29686	52.7601232954
117045	52.7022
312203	52.4137
304794	52.0492954547
85257	51.9917
362956	51.8915
29686	51.8577799504
315272	51.8355209536
305156	51.7767
288233	51.743
287608	51.7146
301009	51.6839
310864	51.608
360993	51.5546
316640	51.383
304278	51.2897
282587	51.0145
362316	50.5707
299043	50.0
58819	50.0
29588	50.0
140720	50.0
29682	50.0
286931	50.0
291312	50.0
170670	50.0
