309331	97.61985
25577	95.8016512884
287109	92.3721
307067	92.01668
84409	90.74265
303831	90.28088
290648	88.5404
116596	87.1505288198
58942	83.9286
116647	83.6534
117043	83.2829
306941	83.2473
302369	82.976576907
116839	82.7916220192
116839	82.7916220192
689256	82.5627
294862	82.3939
680133	82.0201
116548	81.9612
362510	81.4804
362418	81.3162
296564	81.1466
84586	81.0894198279
288916	81.0615
29434	80.7022
315174	80.4804
316085	79.9683
25685	79.2309
24609	78.9554
24609	78.9554
117538	78.636859116
690139	78.3288
114485	77.811
24334	76.8521
298992	76.1416
314894	75.712
310399	75.6191155252
64088	75.0550314476
58980	74.7226
311311	74.5024
29366	74.4685
292129	73.692
289230	73.4563
304005	72.9445011016
292401	72.624
366697	72.3334
361632	72.312212013
114514	71.8855
59113	71.2680593848
79208	70.6652858022214
100360427	70.3855
84402	70.2351585182
78975	70.1904
498206	70.1733
301013	70.1069
309407	69.7313362954
29279	69.1663
29456	68.9617
24611	68.6121
313308	68.5791080027357
312301	68.1137
317235	67.8241
290046	67.2401
290046	67.2401
290046	67.2401
308126	67.1119
314205	66.4324
64028	66.0916931494
294679	65.3636
25342	64.6316
362665	63.6729119572
685232	62.8258
295568	62.6878
315870	62.5462
50685	62.476
304244	62.1992
289546	62.0708707558
286954	61.6622
361920	61.6232
368042	61.4183
360511	61.1793698323271
361030	60.2001878148
100361133	59.8033984369
290975	59.1533
362809	58.7369
288280	58.3045
64026	57.7303271406628
309400	57.5918
50677	57.5665
114496	57.5368
291023	57.481
84356	56.75
114839	56.6599
309081	56.6224
679944	56.5553
309227	56.4657
66015	56.4493
29436	56.295232636
306285	56.2048
306081	56.1500793153547
85420	56.1421
29525	55.8601
316711	55.8285
296580	55.58809366
432358	55.5837
83466	55.48059343
362733	55.1694332884832
362733	55.1694332884832
25415	54.9055135501
171120	54.7671
311881	54.7453
315740	54.6921
302822	54.394
310097	54.2219538603
314196	54.1444886776
81574	53.9844
361970	53.983023815383
171516	53.86
116721	53.809
29641	53.717
25204	53.5067
25293	53.1194
116546	52.7056
25293	52.6355
25293	52.6355
25293	52.6355
25293	52.6355
307169	52.5963
24224	51.9078
81744	51.6491
500036	51.5503
310769	51.4759
502317	51.0196
500132	50.8265024188246
89808	50.5925
498666	50.0
361517	50.0
299356	50.0
306055	50.0
