85420	96.3975074561
500564	94.9083313707725
501099	94.230145162
116596	94.21563
363412	94.011196690156
301574	93.88326
79115	93.54044
192183	93.1863520124519
116693	92.31949
24949	91.9320755294691
25521	91.8426
287607	91.8208781416
289736	91.6796035263966
24949	91.4738713030596
688785	91.43828
63996	91.39156
24334	91.12825
308409	90.8312642896
362235	90.5468997355
140922	90.32736
497987	90.01828
260327	89.7683932032237
309207	89.7155615588794
688717	89.3955
50622	88.5911158185193
25181	88.5319436489
295252	87.2984
499328	87.221475688
25589	87.050761375
306764	86.9609
362394	86.7027080630544
307491	86.0612
29367	85.7872
57302	85.6711214768
57302	85.6711214768
361258	85.5432
117100	85.3112
362600	85.1219
289407	84.9175
89811	84.6595
362199	84.4598
290257	84.1737
295347	84.1263
362912	83.7924
311419	83.6821
362530	83.3490685036
296603	83.0337223198288
260416	82.960694693072
192178	82.8789583237975
83721	82.6177756312
305853	82.1001
304799	82.0523
25454	81.7535
287545	81.5521843788313
306274	81.5095
84588	81.5006
302666	81.3975
192107	81.3135
25263	80.9650462639
300888	80.9152
25216	80.6678851243
94267	80.6202
309430	80.4728
300129	80.4435
309621	80.3796
116544	80.0391540268
170897	79.4793
170897	79.4793
170897	79.4793
170897	79.4793
170897	79.4793
170897	79.4793
287873	79.3634120020041
79240	79.1431
297504	79.035616534
192280	78.935798160454
298091	78.6896
29619	78.4424532912097
311861	78.301
286918	78.1861
361615	77.8234465034434
362164	77.3549837824
83510	76.9256
25391	76.8885
64312	76.3808
64312	76.3808
155812	76.3453295616
301442	76.3318
171075	76.2746377212
171075	76.2746377212
292696	76.1867901692
246074	76.1615793348455
311903	76.1055028497391
192258	75.585
361838	75.5576
83764	75.4522
83764	75.4522
83764	75.4522
361400	75.4
300222	74.8893
29278	74.686830221659
311505	74.6393480338
290527	74.4659
24174	74.375549661726
171444	74.299093988635
312372	73.8651
287537	73.7522058543318
288702	73.2914674432
292680	73.1603
50664	73.0635
297902	72.9468
293736	72.7455574969854
25058	72.3771
64394	71.8170704669051
297607	71.7665
311326	71.667856923
78958	71.4181
94189	71.396635807
299923	71.0947527209861
140941	71.0886
287656	69.9896995149
361711	69.7835826892
94270	69.7202
94270	69.7202
94270	69.7202
298748	69.6735
299811	69.5776710939
311130	69.314
314894	69.0231
304900	68.9835
29682	68.6031340207662
58853	68.5023
171091	68.1960440882385
293449	68.1153
287637	68.0588168042
287638	67.9037
313575	67.7695856392
156767	67.1277851263
79428	66.869599247476
292087	66.7404519142
361676	66.5668
361577	66.4682645821391
314399	66.4201510009891
304913	66.3259673399
290409	66.2408785376
301126	65.9163
171434	65.8923353947289
316516	65.8043
316640	65.7830867643
293023	65.7730619536
313270	65.6493
361767	65.6332
360677	65.4856047352
114499	65.4771
81516	65.4626
360640	65.4618294988827
294930	65.4262
312690	64.9889646215
289623	64.861
688394	64.8012
299625	64.7485388089
192275	64.5535
84399	64.5155
501854	64.4666
54265	64.437182336
288774	64.3597
29884	64.3453
304488	63.8064
293489	63.6791890704
83505	63.6396
308961	63.5598
29138	63.4924
296474	63.4533006823
25715	63.3831064943669
314273	63.282677203
291100	63.272406018553
24415	62.698
292894	62.5568
171044	62.469174351
54282	62.395128255
25496	62.3243842065699
24307	62.2528
312154	62.0273
302488	61.8897
301067	61.7052
310633	61.6379
83833	61.5796
25187	61.2761
363856	61.0095
317425	60.8757
54276	60.7536
309164	60.6726
306253	60.6332
25232	60.5417468046874
315795	60.5203434298
85385	60.397262603
85385	60.397262603
362704	60.363
315696	60.2788
360838	60.2007789744
64370	60.0981
299694	59.9868
29689	59.7531
24483	59.6230727730344
24483	59.6230727730344
24483	59.6230727730344
171113	59.5404
289315	59.5064
313101	59.4882
498910	59.4296046172519
266606	59.3632
362246	59.3356438302
64030	59.31
25124	59.2867
500485	59.2485
100910202	59.2014
266807	59.1398
688811	58.9544
361261	58.9408
292757	58.9092
306451	58.899
266764	58.7712976543196
641316	58.7101919738587
313860	58.635
312936	58.603148327
317382	58.4777816614195
60417	58.424928904
290947	58.3252
292686	58.2764
290648	58.2553
293660	58.1767535515
363545	58.1537
310207	58.0949711121856
311872	58.0756535152484
171569	58.0314
93646	58.0249
316395	58.0081
303554	57.9055
287828	57.8189
290551	57.8167467025
55939	57.5454
307745	57.4758
305317	57.3932
304474	57.2156292096554
24552	57.1798463328
100158233	57.0971
360972	56.73
500244	56.6734593166
298933	56.567
298933	56.567
303493	56.3758
303493	56.3758
116690	56.186080720959
116690	56.186080720959
116690	56.186080720959
116690	56.186080720959
316098	56.1615
316583	56.1037692687618
365024	55.9672347635424
59108	55.7891282488
298705	55.7074780995
114635	55.5452
84686	55.4832
311721	55.4812723471786
65208	55.3970436592
289400	55.1839214886
298370	55.0717
365755	55.0169
307348	55.0029367458
306332	54.8563514344
306353	54.8411
363796	54.8131
309060	54.6855182045037
311864	54.6788616182
361384	54.6685
114205	54.661529452
304813	54.5677552605086
316326	54.4618
296161	54.4398737416137
24938	54.3617
298655	54.2638987264
362788	54.1223644506488
361992	54.0009
295678	53.9678
361920	53.9503
313742	53.8353017037517
56082	53.8325
79426	53.8282717999
360993	53.5972
302931	53.5859
25679	53.4961
289046	53.4097
289046	53.4097
81869	53.3909
312828	53.3751455368
311713	53.3381
497931	53.3131
296315	53.0169
292077	53.0139
313216	52.8422
317673	52.7738
24767	52.5498
79463	52.4468
304322	52.3387247384
171102	52.254
25444	52.1807
360534	52.1279
299197	52.05491683
362110	52.013
81519	52.0085742036
304543	51.9708
363243	51.9303
116673	51.8575372832179
311783	51.8185649287
294010	51.6921
117519	51.5546776832
314751	51.3578297026507
300186	51.3455
296350	51.2302
25638	51.2231
301518	51.1933414625
114593	51.1289
29663	51.0159872704
295251	50.8706254732038
308717	50.8214
25481	50.7636550496
24414	50.6806
501195	50.5566245872
360389	50.5369763278
307482	50.5103
315496	50.0750831510312
314304	50.0002882102
312373	50.0
306809	50.0
312563	50.0
498898	50.0
24175	50.0
309262	50.0
