84420	93.9285410703214
293660	92.20835
311835	91.8431
361474	91.74206
84496	89.7613
295531	87.2364
116720	85.8137
305935	85.2665
116506	84.9625
116506	84.9625
295538	84.9212
302328	82.6016
286953	82.3056
499431	81.7174
363136	80.9708
192181	80.6637384963
81916	80.2556326828
24908	80.0922
84496	79.8447
116996	78.8851
24533	78.8838
64525	77.6413121781
64525	77.6413121781
64525	77.6413121781
64525	77.6413121781
309855	77.4675
192350	77.2394
289481	76.9358
292583	76.3132
65168	76.2247
304809	76.0173
94201	75.9902
364298	75.7507
312132	75.6783
25557	74.1184
309008	73.7244
59317	73.5168840183746
311118	73.3199
297453	72.2766
24420	71.0949
84029	70.2321
303212	70.1075922061
81667	69.5701101592
497930	69.0371
56768	68.7512
29144	68.084716052
361745	67.8574
307997	66.4242
310399	66.2343
362700	65.8068568692012
683077	65.4953
25152	65.4211
59317	65.3019
246046	65.253
24482	64.4104
24482	64.4104
308709	64.3515332096049
290562	64.3086
24482	64.2875
24482	64.2875
59300	63.9571
306439	63.8805
25187	63.7253
259241	63.2305902985686
312560	62.6082
140941	62.3684985952
54260	61.9552
360468	61.1657
290843	61.1261
304592	60.8886
306886	60.65483018
297758	60.6391
25112	60.5928
171084	60.45
170908	59.9225
308995	59.213
308650	58.862
360559	58.7273
294324	58.4052340033
60577	57.952233184
361315	57.5556
25587	57.0741
310855	55.9051
294075	55.5693
89783	55.5645427849
116469	54.575679958
89817	54.5756
290783	54.4998
60371	54.1464
501550	53.8639
365797	53.6992
24406	53.5827
313825	53.3123
292485	53.049
305795	52.9518
288264	52.8993
288264	52.8993
498749	52.8986
293551	52.7727
362018	52.3619
362733	52.2208848268
362733	52.2208848268
114090	52.2173190003
360555	51.6964
362606	51.4270770992
170842	50.9875
81716	50.7836858912
305000	50.0377498877
89817	50.0
171102	50.0
81732	50.0
