246074	98.1602958295
287464	98.005625497
25696	97.3207
156275	96.853820264
170673	96.61382548988
287545	95.9492405646
60586	95.39675
25567	95.27768
691429	94.6397134522075
298577	94.59528
114507	94.57281
192154	94.2650851501617
295500	94.21902
24565	92.90612
311427	92.854562128
306504	92.67107
29546	91.99166
361532	91.92759
84351	91.45322
360611	91.28227
81804	91.2619
314436	91.1863887845
679668	90.93011
316415	90.91482
306619	90.84823
315346	90.8216229088
25276	90.38138
311621	90.31685
308212	90.10608
58982	89.798242797075
79431	89.6041
363578	89.5233267148197
102554884	89.4505470081516
59317	89.2408571649
298655	88.64148344
116590	88.5840703491705
301076	88.3895801293
25312	88.3267
294948	88.198
171044	87.9053
312787	87.8627
25129	87.5629
361846	87.2361
315795	86.8204886242
361370	86.0012855069068
293135	86.0001179145547
313494	85.9666
363412	85.9361095763
59317	85.7629001447
691380	85.5118
25155	85.3975298969323
308739	85.3350614480112
116493	85.324
303586	85.2954263549333
29276	85.1983
116500	85.062906368
553106	84.9981534172155
56083	84.8069
306759	84.5429
363278	84.2390920698
192183	84.1295764313369
316400	83.4691
360761	83.3516895618
361103	83.3221063301152
361822	83.2246373144414
366473	82.9545
24784	82.9280950448
290628	82.9135
24596	82.8579
313706	82.7785776856158
171410	82.7512
25674	82.6853
29364	82.6773
60666	82.561686858
365583	82.323
293990	82.3117
304666	82.091
362891	82.0329
24356	81.9104045306
305451	81.8760485116724
363153	81.8441
296654	81.6375
24591	81.3879
171129	81.3861
304741	81.3250572176
114489	81.1821416438
292804	81.1368306448
315579	81.1053
404781	80.7983081708063
361843	80.749921834
292843	80.7007
308473	80.2509
24848	79.6474318438
497961	79.6245
246254	79.5529931225
246254	79.5529931225
54398	79.5369
613226	79.2884376904891
361674	79.244
29633	79.088129166
116543	78.9632
365592	78.816577936
363135	78.7497
304962	78.7386675432
315463	78.6935
307997	78.2659964316984
25735	78.2605598450629
25735	78.2605598450629
25735	78.2605598450629
171571	78.2502323252722
690366	78.220872172
25259	78.1413
295586	77.9791
114246	77.9374
29182	77.3769
290315	76.73587552
360967	76.6276
311860	76.576564846177
259237	76.5573447690163
56725	76.5351
287940	76.5347463352
50688	76.2423262712
314619	75.946
501854	75.9300900464782
366988	75.8142
314647	75.6720316223
24408	75.6638
24408	75.6638
24408	75.6638
24408	75.6638
313131	75.6087
304900	75.5116223688766
294065	75.364118290438
317259	74.8562
266600	74.765
58945	74.6756
58921	74.507108192
306860	74.4492899040051
310791	74.2233
315548	74.1234
29642	74.02309237
299204	73.8457898884
641316	73.8221021032
293710	73.7948526966334
54299	73.2876
360709	73.1277
64626	72.7983583111
287989	72.7690008847
289229	72.61836207355
83799	72.6124
25373	72.5261
114845	72.4914589772893
192172	72.3354
25267	72.29855344
116642	72.1879355338
24888	72.1374587552829
24888	72.1374587552829
296267	71.8275
311842	71.8249533838
312675	71.8139
24408	71.7279
24408	71.7279
24408	71.7279
24408	71.7279
690575	71.6518107044
64204	71.5192
64204	71.5192
64204	71.5192
64204	71.5192
64204	71.5192
64204	71.5192
64204	71.5192
64204	71.5192
64204	71.5192
64204	71.5192
64204	71.5192
362199	71.4867
361798	71.4599
316242	71.2548920825623
25243	71.0123079464751
680945	70.7391
360665	70.3375
500132	70.2766
306324	70.1016
64530	69.9295
303882	69.9002
25055	69.817025815
360904	69.805
360468	69.5475943141
306091	69.4263
310698	69.3246
311419	69.2725
24546	69.262187923
311854	69.18464125
365407	69.0609
83825	69.0585866427133
288259	69.032538868
309729	68.9526391248
171434	68.8646608192585
494343	68.7845
171356	68.603823256
290356	68.5971184920343
64394	68.5617
310698	68.3644
29415	68.348612188
24414	67.8811027267
291327	67.8091
24817	67.2208379423124
291824	67.2105
289178	66.6906464521
24318	66.3208
314310	66.3047
366274	66.2387167627551
689116	66.1587
309858	66.1542
501096	66.0384070318
25715	66.0123601862172
64559	65.9686642693
303730	65.793879576
287009	65.7267
316737	65.6213861836
297455	65.5895
29497	65.4562719538
29497	65.4562719538
361245	65.2172
301085	65.0936
116506	65.0324
116506	65.0324
29632	65.0297
63836	64.932953775
399475	64.6393
301737	64.441109854
295455	64.3306301959
687266	64.246742656508
287115	64.2439
116690	64.189720493262
116690	64.189720493262
116690	64.189720493262
116690	64.189720493262
310764	64.1567642177347
303181	64.0684717203448
117520	63.7841
117520	63.7841
117520	63.7841
315686	63.7664
246314	63.7543
314910	63.4939
363140	63.3241
24805	62.872280595
65202	62.4935076904
304486	62.4708079621815
309060	62.15102851
24215	62.006
60434	61.991764441
303888	61.9819
117101	61.9151613213044
24680	61.775
266764	61.7354989879658
305234	61.6506
29520	61.5340296544736
116478	61.4925923868
312563	61.4000549370282
360389	61.3936
317494	61.3083
266735	61.2992
266735	61.2992
266735	61.2992
64001	61.2708
308594	61.1877
294499	61.1715010993
81530	60.9106
317498	60.90855
444985	60.8399691092
365380	60.8301527538563
303073	60.7758175237777
306809	60.6359578804
310633	60.6086
50664	60.5864
25156	60.5132
24217	60.5075665888
361711	60.365
64457	60.2233549875
64457	60.2233549875
64457	60.2233549875
64457	60.2233549875
64457	60.2233549875
64457	60.2233549875
25743	59.9240503445399
84575	59.8461655823009
25007	59.805223730987
54282	59.6867391905266
54260	59.5303
315218	59.5167
305889	59.4563
266711	59.42936872
313717	59.3283822976
296271	59.249595048
314746	59.1701
297334	59.0739
685072	59.0345742274
685072	59.0345742274
497010	58.810530357
26955	58.803
313772	58.7809
64203	58.7479
313243	58.7429
140943	58.7101
65208	58.6195911312878
25096	58.59725
311405	58.5647837832
498171	58.4899909438
499951	58.3213546952
304218	58.264
304218	58.264
360658	58.182631056
497815	58.0385
368002	58.025
303101	58.0011500690548
313348	57.8051
360534	57.7731
300649	57.7706
313786	57.5741
301009	57.4692022764
310086	57.3776991866
314321	57.3548
288906	57.328964272
314405	57.297544776
315160	57.152262059
306571	57.1517
314288	57.1486
64547	57.0741598481
100192313	56.9275
117556	56.9235536164
361749	56.8429
311562	56.819623385
25116	56.7715
140666	56.7208
306141	56.6896
360820	56.5695015276
288239	56.5625
25744	56.530071774378
64846	56.4693
365468	56.4424013258
56817	56.3284
56817	56.3284
56817	56.3284
309400	56.2555
140607	56.1959
296318	55.9784321526
64042	55.9761
171072	55.847
29397	55.6395
309544	55.6343297183038
299356	55.441986562
689388	55.4116
58959	55.3738
58959	55.3738
29436	55.3123
252919	55.2883747768
83466	55.2325844425
308870	55.1905
140595	55.1451041525155
171101	55.0874
25480	55.0868
116557	55.0153
300228	54.9571239394
291314	54.8402494459369
500863	54.746
287478	54.5303432549
29145	54.233
366061	54.0733
64462	54.0333680284
315478	53.9741
308345	53.828
680931	53.6505
303311	53.6162889808
365755	53.5243835229957
64566	53.4216
311839	53.3534826499
64356	52.9482
312113	52.8925296355
85243	52.7125
83726	52.704
114501	52.5614302331101
25261	52.5099691324
680549	52.407
680549	52.407
500709	52.3193
360491	52.3191
289745	52.1635
81819	52.0753
296578	51.9369
81523	51.7959496594
100294508	51.6864
24157	51.6312
406164	51.4108
117240	51.4027
316064	51.3606
304325	51.3372
25739	51.2470530304
25291	51.1064384977
100360880	51.0684119311
85489	51.061090744
25542	51.0256
366518	50.9578787068
317435	50.9028962536
293024	50.8783257744
311617	50.7862466489527
171056	50.5745
294335	50.3982224736
309456	50.317518632
309456	50.317518632
289399	50.1605589673
361784	50.0
81771	50.0
24214	50.0
117185	50.0
361784	50.0
50621	50.0
