83466	99.9975618980096
308971	99.7163707886434
315265	99.6264026148282
362700	99.5031901466322
116723	99.5018925747656
25279	99.4444055749653
293104	99.24365367113
81744	99.00801399213
685072	98.95233696878
117087	98.8016425987327
304920	98.76597104881
313155	98.70009922
299811	98.6950561011902
367218	98.1626932235291
367218	98.1626932235291
54297	98.13406164136
306260	97.8768610928
685465	97.8591140104206
64157	97.84338726601
294395	97.7158725148
25450	97.62210879823
29602	97.5520848552561
685072	97.4946014048
365963	97.47234224916
361920	97.41040393966
366061	97.364032168
54348	97.16922
498331	97.1590938298
304729	97.1177704195801
292130	97.05726092044
140586	96.63793
310086	96.5838266721082
306459	96.5593062934
690262	96.41213770553
497770	96.33546
303059	96.28096
310463	96.23597
24766	96.1397716301
299714	96.1106054936
301388	96.02503
266780	95.8522506124131
680229	95.710675633623
289277	95.4571623644
500069	95.34784
100529260	95.34448
310803	95.22137
289521	95.07648903763
309871	95.053665602388
313861	95.02304
29748	95.0173
295217	95.01398
295217	95.01398
362485	94.8143651008
81813	94.81247
24370	94.7487291315878
64455	94.74553
304758	94.649370917
140923	94.6043092088
81660	94.57755
286973	94.5299386471227
306055	94.50755
691209	94.50375
679906	94.34651
58961	94.19245
315804	94.121550472
84609	94.05769
302492	93.84952
362687	93.74866
361967	93.6612
117020	93.6531239941
308215	93.5118310754
64366	93.5065496316918
64366	93.5065496316918
100188944	93.48239
100188944	93.48239
171495	93.41262
294790	93.28055
294010	92.85552
81574	92.85512
499431	92.78733
81531	92.73314
304763	92.7276
29707	92.54493
252971	92.37977
114518	92.36838
297514	92.268914804
307820	92.2225816293802
293939	92.19425
84356	92.12356
24645	92.09705
295401	92.07857
303068	92.02927
296884	91.96389
315696	91.95559
309312	91.79342
29398	91.7888
366508	91.67775
60577	91.63829
444984	91.60847
444984	91.60847
315210	91.58896
50556	91.57882
305826	91.50325
192178	91.4791209307
83521	91.34971
81664	91.3011055724
64088	91.30106
310900	91.20114
308977	91.17121
359959	91.02383
302290	90.91523
64513	90.90466
365042	90.8969
24416	90.8801
309887	90.88006
690911	90.8674540287
363219	90.79085
24962	90.75702
25083	90.6561358576
29275	90.53513
299138	90.4201667464
25247	90.36838
295241	90.3496
314205	90.29996
314824	90.2216763776
304488	90.2019961381
117520	90.18488
117520	90.18488
117520	90.18488
310533	90.17874
365299	90.11981
29194	90.0388
25486	90.00001
500715	89.9459
24373	89.9246
311332	89.9105
303601	89.8902
306451	89.8862
291760	89.7978
362049	89.7621
84431	89.6851
305974	89.6451674551
311860	89.6279
293886	89.484
25573	89.4737
307585	89.4642
25467	89.457
296762	89.4245
24479	89.3849369622
78956	89.3725092154
311468	89.2386
297867	89.1565
171136	89.1418
25671	89.1068841334
303101	89.0935
252916	89.0918
63840	89.071145258
294071	89.0616
24552	89.0582
367106	88.98194838
24246	88.9744
294400	88.9469
298012	88.9295450174
297961	88.8866
298890	88.8056
691149	88.7155
116724	88.5548
79120	88.5350278366
116740	88.2983959903
303135	88.2805
361400	88.2546075907
294236	88.1788
450224	88.1661
500562	88.1660264017
299971	88.1611
114558	88.1491
114558	88.1491
289608	88.1383836862
29463	88.0833
116506	88.0816920193
116506	88.0816920193
25489	88.06722544
140593	87.9928572535
294862	87.9591340274042
361391	87.9499532151
170910	87.9378
291969	87.9239
311204	87.9127
307296	87.8796
305882	87.8383
116490	87.8145
288322	87.7687
291100	87.7602
294804	87.6744
117538	87.6495
306655	87.6168815649
365755	87.588627256
302975	87.5182
294390	87.502
78963	87.4732
310097	87.259544371
498299	87.1381
308790	87.0448536874
315496	87.008813652
399684	86.9855
29693	86.8895
310946	86.8035
58813	86.6711
308509	86.6548
312694	86.5774
64670	86.4762
361258	86.4631
29627	86.4254
29627	86.4254
24675	86.3986
24215	86.3627128976
303439	86.3119
116670	86.3036
313563	86.2589
494345	86.1602
299104	86.0642
295319	85.9596
170845	85.6943
296624	85.6285772748
29279	85.5425496812
312440	85.4435
29309	85.3263
497198	85.2744609925
292199	85.26286
313098	85.2030113853
365793	84.9733
29710	84.8362
299156	84.8233
294375	84.7411860339
316205	84.721
63845	84.6964
117269	84.6860844139336
304037	84.6613942199926
295327	84.3722
313388	84.3324
83613	84.2855
315259	84.2275
681178	84.2028
690693	84.1688247936
117064	84.1074
25743	84.0476701084784
361060	84.0189
65196	84.0029
25711	83.8855
296408	83.847619989
114521	83.8253
25686	83.7937
171299	83.7847
315824	83.6124213607689
24326	83.4574197055
360518	83.3797759853
293638	83.3778
65165	83.362
303132	83.3576827738
686295	83.3027
313304	83.1078
312566	83.1037
361178	83.0527
308717	83.0169232938
24392	82.9294
295382	82.9242967394
315134	82.9191237196
305131	82.9184
295649	82.8865
313845	82.7206
362876	82.6294
366214	82.6166
29384	82.5282
305623	82.4918
360526	82.308
314814	82.269
140942	82.2403
295934	82.1594
298184	82.068799630775
29458	81.9955
688394	81.8398
301513	81.4070382984
293967	81.3984939729924
297096	81.3936
291553	81.3273
29625	81.3125
302935	81.3031
360637	81.0751
360511	81.04015
361245	81.0048
298792	80.9813
66025	80.8762
292090	80.8279
24895	80.7799
29642	80.7313
24582	80.6572
308896	80.5838
114628	80.5187
114517	80.4518
690419	80.3829
24674	80.330262626
64547	80.1664
192179	80.0939
116509	79.9519
24413	79.9394
362778	79.8992
100362555	79.801
100362555	79.801
294520	79.7318
294806	79.5186
311508	79.3542160311
25579	79.2631
365652	79.1390956518
81613	78.9292
688777	78.9148
117063	78.7607
364786	78.627195678
362665	78.613
24588	78.5231
292814	78.4934
58961	78.4012
170956	78.268
287927	78.2649
312678	78.2317842602
81818	77.959
317346	77.7601
302920	77.7521
170917	77.6905
683570	77.4568
295333	77.4091
245981	77.3519
246152	77.1498
24316	77.1119
294043	77.0887
287721	77.0461
312248	76.9096
362751	76.8722081461
289278	76.564
305332	76.4488
114028	76.3472958634
295325	76.3165
100360066	76.2889
245924	76.2731
361321	75.9885
302400	75.9462
313593	75.9341
293628	75.916
100125370	75.9065
310261	75.7057
317274	75.6491862946
360959	75.5946
499669	75.1458
293960	74.8559
102554884	74.4893
305935	74.298853914104
29260	74.2587
309678	74.0662227536
297942	73.9369409875
287115	73.4758
316344	73.3896
315305	73.3884
360821	73.381932748
29413	73.3562
553106	73.3223
308796	73.2283
287109	73.1627
116600	73.1536
64551	73.0262
64551	73.0262
680549	72.9732
680549	72.9732
64469	72.641
680445	72.5811
309995	72.5578
25486	72.3144
25486	72.3144
81746	72.0455
298757	71.9599
296344	71.8905
308845	71.7707
50555	71.6619
316575	71.646
294679	71.614500169
83515	70.7632
171485	70.6356
363603	70.5231
59318	70.4594
100361138	70.0562
60447	69.8318
296969	69.713631715
290946	69.7073
81821	69.6694
315634	69.6587
252963	69.5180596212
313594	69.459
25283	69.4327
171458	69.4009
65157	69.3993
295378	69.3718
117103	69.3299
309812	69.3084690274
64669	69.2963
313594	69.2478
79209	69.098814135
684112	68.9395
304474	68.8165
116554	68.7821739416
314587	68.6672
114119	68.6635
297952	68.6056
360476	68.604
296851	68.4743
24172	68.433
500538	68.4066
64013	68.3468932588
302495	68.32795
245960	68.3245
365355	68.1309
259242	68.1095
295953	68.077
83584	67.9555
83584	67.9555
362275	67.7549127991
304157	67.320372145
24174	67.2483
291567	66.9572
303836	66.8608
24324	66.6565
307821	66.6445
83807	66.6136
306261	66.4422
294421	66.1315
60670	65.9782
312474	65.967
257646	65.9064633574
312303	65.8906
25416	65.81835
292724	65.7432
306081	65.7424
60417	65.5007
114764	65.4605
25151	65.377
363599	65.069
309399	65.0484
315648	65.0148
360673	64.8957
685284	64.8668
29588	64.7056593076308
114634	64.5479491
497978	64.453575418
309457	64.4396
29521	64.3527
316211	64.3238614366
304092	64.1467
117052	64.1425
305549	64.0372
64188	63.977
288545	63.932333022
501088	63.9254
81801	63.8868
362962	63.8472
300147	63.7985
24629	63.6537
100125373	63.6469
360768	63.57725
100360334	63.5099
314993	63.3353
307579	63.172
50672	63.1511
310843	62.8484
302424	62.7673
306375	62.7176
116562	62.6897
365601	62.6634
29741	62.6346
64475	62.4128
171092	62.2037
25469	62.1881
296787	62.0202
29464	61.9007
171070	61.8655
313323	61.7334
304900	61.6798035092
100363095	61.6611
314004	61.5763
288182	61.4664
301476	61.4557
288651	61.2041
361338	61.1663
309069	61.143379183
308051	61.0621
25055	61.0611903552
24517	60.6175
64520	60.5226
287942	60.2894
364154	60.1649
303730	60.1474
432358	59.9988
305922	59.934
171010	59.857
293059	59.7451763784
289392	59.7414
309456	59.4544
309419	59.3851
296284	59.2762
501925	59.148
294809	59.0828
298765	58.89806945
29150	58.8407
311327	58.7020492696
81002	58.5994
25571	58.5317
65162	58.4935
311478	58.275
171433	58.2658
360820	58.2081
84599	58.1885
64824	58.0853659627
113961	57.9941
315880	57.9368
298518	57.8148
25721	57.7914
313876	57.6962
366265	57.1602436594162
307745	57.1553
314746	57.1460522282
25356	56.9355
293888	56.9333
365395	56.8612
25096	56.6830321393
25403	56.6676809536
25403	56.6676809536
25403	56.6676809536
59300	56.6329
363445	56.6148710875
308632	56.6047
84394	56.5097638364
311783	56.4712
315806	56.4279
305253	56.3609
498650	56.2588
498650	56.2588
81613	56.2508
81613	56.2508
286993	56.1925
308709	56.1905
81613	56.0686
171126	55.9137
114485	55.9013739192
406164	55.7386
29227	55.7237
24399	55.6997
297865	55.4366
83519	55.4041
302470	55.3999
63885	55.2666
362002	55.2632
84474	55.1328
25162	55.0589
313742	55.0441
688540	55.0225
50993	54.8559
305055	54.6935950072
192251	54.6165
24706	54.5705329324
312132	54.5581
100362678	54.5441
314818	54.5285
307271	54.0359
360557	53.9461
25738	53.7478
81830	53.6267
89843	53.3023
362741	53.2732
81515	53.2573
81515	53.2573
317232	53.0764
79433	52.9555
308669	52.8525
291534	52.6823
494344	52.6559
307200	52.4155
117264	52.2567
361651	52.0653
314788	52.0260062344
500137	51.8642
25570	51.8491
307540	51.5328
65031	51.4682
361368	51.3755
680531	51.2924725888
29144	51.2645
313234	51.1559
50559	51.14
500709	51.1382
103693419	50.8961
500244	50.84728744
313725	50.5529
305977	50.0
294508	50.0
116486	50.0
309207	50.0
25359	50.0
360726	50.0
297872	50.0
245903	50.0
83833	50.0
116718	50.0
