362835	98.4339030450186
116552	95.69996
293058	95.63514
29358	92.601
360579	92.13947
294018	91.1226
295327	91.0800321438995
299940	90.93705
294431	90.1920940495
24493	90.07135
63868	89.8207
114591	89.1943
24245	87.942
308016	85.2721
24245	83.8023
24245	83.8023
314993	83.7804
365900	83.0226
298012	81.6254301952
114517	80.9971
304037	79.7929326848
679221	79.5284
298653	79.4961
89784	79.251205153695
312727	79.2257
25735	78.9631565536
25735	78.9631565536
25735	78.9631565536
361940	78.7082
303008	77.0695
360619	75.6890891384163
24782	75.687
297514	74.4556
29200	73.8259
304074	73.6913
500054	73.5064
689954	73.2187
363136	72.7751
291130	72.6420407496
24166	72.4903
113961	71.8654
690163	71.605
24766	71.1781365189891
64152	70.7736
65180	70.7325
297113	70.5274
24680	68.8107
25584	68.6306
309449	68.3875
497961	67.0735
288447	66.4895
83788	66.1734
83788	66.1734
83788	66.1734
313421	65.6311
315891	64.9855522702
313231	64.9492
287418	64.754786625
680668	64.4562027860139
312203	64.3900739263
500921	63.3448
368042	63.2638
290989	61.1698
81830	60.9092
25701	60.6641
314587	60.6383
79220	60.1454
362050	59.7032
24952	58.9884
316242	58.9224
686189	58.4998
311840	58.4102
685909	58.1294
293614	57.9792
65196	57.8044793489
103691034	57.3205780585568
291912	56.7106
25352	55.8658
302975	55.4375
303764	55.2300803706
360990	54.9746
681178	54.7531
498089	54.524840507
360854	54.521
313409	53.6251
304965	53.3144
155012	53.237
300027	52.7311
309544	52.7047
361368	52.4913
312316	52.3974
686295	52.3712
499328	51.694
81819	51.6133262009
312634	51.5497
315297	50.598
301513	50.0
