316064	99.3047059468519
292622	97.0302914676
293820	95.79246
498951	94.84446
361632	93.5442689164
64015	93.52023
305571	93.49691
309722	93.37535
679975	90.40973
293897	90.14208
493574	90.07456
360983	90.07273
300173	89.6782214741338
287876	89.2855
362013	88.2778486194386
362093	88.098756044
308831	87.6604
310749	87.3824922712582
311384	87.1822470716
300980	87.1591805157
310903	87.0475
300067	86.9553
365395	86.3223574699907
361565	85.4994
303926	85.101308962
688811	84.87903983
619558	84.3665
296972	84.1482
305475	84.1351852976
29344	83.9448
117538	83.4463
170896	83.2688
116544	83.1574548568
305922	82.4141
306873	82.4087
287622	81.1336
64678	80.9743
286964	80.9296
309888	80.7865
302864	80.7542884016
116477	80.4379
116477	80.4379
116477	80.4379
295325	80.4262
306007	80.2308085681
312102	79.898
24906	79.741267006
299204	79.6257
295217	79.5485
295217	79.5485
171086	79.4185
309338	78.8975
25104	78.6513
65196	78.4477822419957
690303	78.4168
297525	78.1124
24842	78.042
309429	77.7908
25437	77.7177
306562	77.7075662014477
362383	77.1891
314711	76.8120525489
303469	76.7739
293166	76.7702
309758	76.702
314259	76.5382
116600	76.162
366275	75.206
84686	75.0628378432
100192313	74.9625115890498
360230	74.708363374
681062	74.4117
24714	74.3692
290831	73.8267800854
64468	73.7617
304055	73.7016
29753	73.6263
364419	73.4443
114514	73.0921
312703	72.7
363854	72.5379
502902	71.9439119155
29464	71.9359
289181	71.8125
64630	71.7696
309684	71.6759
64665	71.5184
309434	71.1906
314224	71.0729
25744	70.9461
362483	70.777
24252	70.6577
24252	70.6577
24252	70.6577
24252	70.6577
116635	70.333
117104	70.1919356869
360725	69.7467
361991	69.7287
315461	69.6799
25139	69.6107
685258	69.266
24816	69.0679
314855	68.8861489803079
306257	68.7504357359
310399	68.3879
296467	68.3860979757046
292734	66.2041
307212	66.0019
689917	65.778
288905	65.5528
60447	64.9262227832
60447	64.9262227832
25576	64.5731
361055	64.4148
315880	64.2346509366
192363	64.0977
289014	63.8211
302935	63.4012114461571
315675	63.2701
363002	63.0822
260327	63.0209
299256	62.9750583624
360868	62.697627305
361086	62.6094
308983	62.5575
310638	62.4055
315341	62.2339164771417
114845	62.1968455831
64473	62.1527
292728	61.8446
308473	61.8135
25281	61.8102
288444	61.6677
65033	61.6346
360498	61.4959
295378	61.4355
83518	61.2951
309871	60.9453
361628	60.8517
171335	60.6701
300472	60.4176
170914	60.235
680021	60.2014880117
361659	60.1543236416
114595	59.9814
291610	59.7594109142
364681	59.2447
24212	58.8509
288108	58.8425
363460	58.5295
305103	58.4068
294207	58.3671
306204	58.3105033093365
304495	58.2928
305577	58.1602
312135	58.138
79224	58.1374
362325	57.8936
60586	57.8112
287101	57.6207
302619	57.3536
289392	56.5354635574
116650	56.5294718536
84379	56.4552
311607	56.3706
297783	56.2229
317409	56.1016
499947	55.5424598528
83615	55.3972
619385	55.3952
619385	55.3952
289324	54.9648
25037	54.9279006707392
29546	54.7997
79113	54.686
25275	54.6134
24772	54.5313830335
312728	54.3280541155
362912	54.0041993358
315655	53.4918
24716	53.329
681996	53.2332
297867	52.8359
64519	52.8121889704
114711	52.5495
300036	52.4896
300036	52.4896
300036	52.4896
289623	52.3342
171500	52.3119
171500	52.3119
314647	52.0722
317382	52.0053316419142
25521	51.9595
365380	51.7983
59317	51.4921906368
303605	51.4881
293743	51.4114
60331	50.9626
497974	50.9469
292887	50.8994
553106	50.8495336376
305450	50.5418
681337	50.0598753544
315497	50.0
287532	50.0
363836	50.0
305177	50.0
