259241	98.223052352
303518	96.18478
360602	95.574970582
114505	94.74634427825
117041	92.70735
295327	91.52051507506
294559	91.11078
296137	90.7235079248
301388	89.9619734508
84360	89.2291
289276	88.9389
171152	88.7848
296635	88.1885
287102	87.7362
29497	87.2233362034
29497	87.2233362034
499529	85.7285
303602	85.6206695403
315330	84.9641
25406	84.7828
84380	84.6182
58961	84.5742
252961	83.9677
252961	83.9677
304807	83.8619
303514	83.7577
361401	83.4773557253206
85253	83.4116
289521	83.028171631
24849	82.9642
116459	82.8325
363227	82.562
287821	82.2784
29131	82.1417
313498	82.0763
311547	79.3443
291705	78.9787
25113	78.7478058508
29150	78.52
297337	78.4357
25272	78.1203
316351	78.0602
299938	77.9452
25272	77.935
25272	77.935
360969	77.7973
24705	77.7946
289264	77.3539
290744	77.1649
171563	77.143012627
246331	77.0742
362495	77.0391
305471	76.9653703528
292130	75.4853
500300	75.4019759114
192154	75.1574
360702	75.1149581248
25159	75.0689
64534	73.748196622
497770	73.5827
298992	73.2973
50622	72.3922
361400	72.3789116165
299643	71.9326
685465	71.8770926977785
291085	71.7638
300445	71.7592
301291	71.6994
192245	71.2642
288499	70.7192
300950	70.4665
315136	70.3788
64394	70.2965802422013
170843	70.2482
290823	70.196704093
306804	70.0033
361057	69.9908
25614	69.8806
289230	69.6362056363
691380	69.4988230912
303888	69.3798238552
292847	69.364
306451	69.303362032
24414	69.1521
288108	68.8101594753
80278	68.7023
60666	68.1986
307343	68.0964329083607
25720	68.0345
171517	68.019
309029	68.018
117551	67.9333
266773	67.907
293491	67.1013
29629	66.8963
362283	66.8821
29647	66.8017
305685	65.9073
58961	65.8994
294012	65.6406776568
116596	65.614
315000	65.4726
29627	64.8186003101
29627	64.8186003101
306600	64.6318
685258	64.0117
311857	63.9277
679155	62.9436
302913	62.740946008
192178	62.7002436234
170917	62.2452
60329	62.1522
309888	62.111315336
29745	62.0858
500282	61.8913
100362347	61.8774
304244	61.6177
116590	61.1223718288
80850	60.9786029866
80850	60.9786029866
304579	60.9015863752521
304286	60.6359
24560	60.5972
296621	60.3714
303068	60.2899683361411
292760	60.2261189688
64362	60.1914
289623	59.9556
304935	59.6993
25405	59.6476407909
679890	59.5211
116506	59.4526
116506	59.4526
360868	59.1767128611392
364630	59.1008957998
292129	59.0291
25399	58.2798
63885	58.272
294804	58.1343230768
361700	57.9501
311785	57.6888241
29434	57.5529672459
304947	57.514
25367	57.4022165024958
25367	57.4022165024958
25367	57.4022165024958
25367	57.4022165024958
362850	57.2794
29222	57.0122
288108	56.9153
498587	56.3034
498587	56.3034
84016	56.1779
288353	56.1642
305910	56.1373
307398	55.9574
50566	55.9414
498728	55.7622616468
304947	55.7577
312248	55.7244
293561	55.5503
114489	55.5460005321
301229	55.3553
293059	55.2019
81676	54.6939
25639	54.56514642
292022	54.2229
315298	54.1566
25007	54.1116
361628	53.885
171010	53.8546408648
306261	53.8437
360583	53.629
100361818	53.5417
26295	53.1948
171124	52.9107
56064	52.7753
170808	52.6915
56266	52.5116
89803	52.2370698928
292264	52.2366
29360	52.1396
29360	52.1396
302495	52.0595
116673	51.8356
56820	51.7108
171525	51.4214196784
306460	51.3679
297483	51.3484
83807	51.2514
25567	51.2292
361698	51.1899
312516	51.1791
106146145	51.0644
301618	51.0591731486
502603	51.0312
246074	51.0076
117556	50.856
305812	50.34494141
313961	50.0
362776	50.0
315348	50.0
