306007	94.93742
171563	94.8073817205036
304581	92.2622407656
29213	92.0525240571
291352	91.2203
287931	88.5357
24197	88.372
56765	87.4385002459
246263	87.0716
89841	86.3832
294043	84.9303
361384	84.086
305888	82.8177449236488
85246	82.006090545203
117522	81.821
299618	81.7013973344
502020	81.6399
25238	81.101505734
364754	80.8896
266600	80.8800059412181
308995	80.3794
313811	79.4238633708683
114700	79.3829
308875	78.5916600341
60338	77.8431
60338	77.8431
60338	77.8431
300445	77.6524
58977	77.6225
192349	77.0836584473
192349	77.0836584473
64828	76.5502285307087
313477	76.3223983272
311426	76.2731
306587	76.0466
315716	76.0415382202
300458	75.6726
65208	74.3749190294
50658	74.270102176
50658	74.270102176
316062	74.2268
25482	74.1749555999846
306204	73.8747587725
50658	73.7984346796
291966	73.674
306110	73.107459194948
170911	72.8078
302935	72.7897
171360	72.5913
296578	72.3824
192226	72.2773
499529	71.817
192117	71.773364318
192117	71.773364318
311842	71.608
25485	70.5124603972
94272	69.5799858484565
362788	69.3458197186
303076	69.1601
300659	69.1078
293997	68.9493
303824	68.8490545117
303824	68.8490545117
300983	68.7828
302941	67.7006515552
362065	67.2168857582
294010	67.035149705
24483	66.8589
24483	66.8589
24483	66.8589
309650	66.7710721536
83470	66.1736
64317	66.1199180199198
308451	66.0853
309060	66.0629899008883
304763	65.164
25743	64.363491249356
363292	63.8231
89815	63.5831
58979	63.3913963234
29398	63.1035756380104
84021	62.734204006
313672	62.6530322046
307925	62.206
83427	62.05
64363	61.540293649
81739	61.3735465451357
81739	61.3735465451357
117101	61.1634104337827
313453	60.9124
171123	60.8321
305152	60.574
313644	60.5248619450083
498003	60.3204123381382
311861	60.1796179475677
24882	60.1412
305972	59.3137275442
682033	59.1872
257646	59.0437
306886	58.9122
314654	58.8994
360871	58.8976649091089
25279	58.593
308417	58.5855928
297109	58.5608
25682	58.4154
304410	58.3573116558249
24239	58.208047654
83788	57.9593673514
83788	57.9593673514
83788	57.9593673514
29316	57.7836
303731	57.3774
29344	57.3175
308346	56.9383653512
25277	56.4976
25277	56.4976
307907	56.3669837632
299196	56.2109
25352	56.195341375
298555	56.0619
65153	55.7514
287821	55.6663183936
85382	55.4079
290864	55.2436538629
290864	55.2436538629
309456	54.9083401804
309456	54.9083401804
84686	54.4188593422
54302	53.9051194222
54302	53.9051194222
691335	53.0525301637
24414	52.867839858
293692	52.858395247536
25631	52.801153082
300772	52.6758
304592	52.6491538495
292808	52.6008
116717	52.5778
300719	52.45708146441
315880	52.3923
362826	52.3162
84550	52.2051873289
297968	52.1868
117514	52.1763
29309	52.0739
308568	52.0131
315037	51.9986062254
64303	51.9299
315567	51.7579
309686	51.6646
85265	51.5817110416
363243	51.4312084168
113976	51.3683
363133	51.0032
24803	50.9088
304935	50.9022
685823	50.0
316034	50.0
360820	50.0
