171121	96.08828
85428	95.88253636792
314205	95.34809
362464	93.71923
83469	92.25214
311437	92.0540363589
288920	91.62563
83824	89.5232
65984	89.0237
85385	87.8633
85385	87.8633
306608	87.5202637328493
362242	87.4431
363445	87.3861
140940	86.8527176848
246152	86.5298037788
307199	86.4752439706
297508	85.7633
313742	84.4698819898263
306460	83.9266
302671	83.5506
65180	83.302
79212	82.4191
680611	82.2428
362316	82.003038094
25342	80.7438177711681
100361133	79.1557
314157	78.6681
65204	78.4133
300791	78.3366
363445	78.3338
29480	77.200944445
24954	76.8355
307500	76.518736859
304547	76.5073
25469	76.2783
494445	75.7355
313242	75.7138
299341	75.2008
613267	74.6264
29616	74.5412
291130	73.9856
307820	73.1488
361842	73.1220474872777
192178	73.0244789289828
315973	72.6597
311338	72.5686838225
689030	72.3371
81919	71.6548
155430	71.4586
29439	71.2285
58918	71.0519101195
288108	71.0185
294154	70.9602095631084
310399	70.8345
309041	70.7479
291877	70.5735
64030	70.3468
24605	70.3034
315644	70.2207
25517	70.094944608
24242	70.0876274779
81640	70.0813
246215	69.9819653728
500282	69.7971
360463	69.7048
291772	69.3649
24817	69.1378
363013	68.8184
24400	68.6792
116500	68.5849
362700	68.2775
290905	67.9565
296182	67.4645
312372	67.2419
309630	66.6977
500986	66.5174
83689	66.2912
365984	66.193
690188	66.0508483872
315608	66.0301
24183	65.8855
24590	65.4592745674
302938	65.1118
246237	65.062345972
288108	64.7733
311902	64.4003
300724	64.3335
298384	63.9562
298757	63.7679
311658	63.1821
50658	63.0379616191518
114028	62.801
310533	62.5834
83727	62.3579
84379	62.3079
100126191	62.1768
63938	62.0735171614
363067	61.9461
295333	61.8038583256
310958	61.4493837294
315689	61.4355981296
681989	60.8535
192211	60.6099807105
362304	60.5085
304807	60.3805
298689	60.2986
140670	60.0475
295690	59.9028
25743	59.7649828931594
313429	59.6571
311791	59.2122
94202	59.037
680229	58.701
313121	58.6801543505161
304850	58.6608534208
171402	58.5664
294208	58.3988
298598	58.0761
25666	57.9005
287155	57.5612
360576	57.4510204997
306600	57.2845
306459	57.1921
171432	56.6594
171432	56.6594
362265	56.178
84416	56.1761
292139	56.1745873963
500077	55.8822
29517	55.5769
29517	55.5769
29517	55.5769
25747	55.37
360511	55.2658
302415	55.2596
296259	54.876
301552	54.7369
25033	54.638
294515	54.2114
314028	53.8341
116635	53.6686
363577	53.5551
499174	53.4151
171097	53.1591
294809	53.066099679377
24223	52.8496
289168	52.7157
25037	52.5847752516
363854	52.5187
286896	52.3662
309456	52.2864477794344
309456	52.2864477794344
362960	52.2042
24825	52.1582
291737	52.0889
59076	51.8161441326
59076	51.635857242
117061	51.6353
114592	51.6255
361365	51.5908
502902	51.464111641
500036	51.3105
292139	50.9730326608
303101	50.6033696136
306009	50.3964812536
289277	50.0
307579	50.0
474348	50.0
300236	50.0
