25187	99.5689466925399
290046	99.38688978475
29616	98.98837553368
304074	98.91341522805
290046	98.90861559175
290046	98.90861559175
315958	98.71573053968
363266	98.68613462434
288308	98.4379541393335
296500	97.964377245814
291464	97.86577605644
84487	97.8591961684826
24316	97.85542
309758	97.5690537105
29618	97.49883
309804	97.4885748039774
317589	97.30397
299138	97.1831819932846
302396	97.0729162232692
289357	97.0659654983944
100910616	97.0284885384
681284	97.0187616476
305171	96.9935206318
688466	96.95303
84597	96.9397419641202
85238	96.72335
84391	96.39651
84026	95.90759
83842	95.86462
25283	95.73193
286938	95.58403
303607	95.51773349554
688394	95.5119015213
29748	95.4687348022
679869	95.46563
308766	95.29501
289595	95.09206
259241	94.9483309220022
306998	94.88216149432
306998	94.88216149432
291078	94.8253166276
114122	94.79533
64020	94.7728768636
300514	94.71864
307016	94.6149528978
63840	94.5152777256
64475	94.35294
365963	94.3243910878
306141	94.31702
295635	94.04782
295105	93.86249
25613	93.80039
102554884	93.78517
81682	93.738845196898
314634	93.66996
24907	93.53782
171010	93.47269
170910	93.39722
314743	93.3433
317183	93.1755627595
308971	93.05715
680066	93.02481
366975	93.02358
114514	92.97884
300726	92.87071
294800	92.57872
367252	92.5263674707
367252	92.5263674707
171577	92.47782
100360100	92.2315384
116506	92.185679809
116506	92.185679809
245922	92.14573
286895	92.03291
29504	91.928362027
294410	91.809628954
306862	91.7364251134
84592	91.67141
116636	91.51246
316211	91.5096711055
366697	91.4995592326
288599	91.28443
313974	91.14609
81737	91.07523
117282	90.7746194812
313339	90.4285715096
295500	90.39124
309678	90.33861
50552	90.2308779844
79208	90.0703520261041
302920	89.994056114103
293112	89.7969122909893
362960	89.7829
292793	89.758
24768	89.6929161304
192178	89.6351640819041
301674	89.5419
58850	89.3967489487
680717	89.3714
308937	89.2132925549597
171402	89.0988
171152	89.0889
304714	88.8111051829
365842	88.5982
360461	88.5876
306782	88.2701
245962	88.0661
83624	87.948407084
689030	87.8554
81742	87.7242
314949	87.6048
171050	87.5225
290999	87.42949588
298451	87.4119
65053	87.191
294449	87.18
114122	87.175
114122	87.175
114122	87.175
313304	87.1143
81636	87.1098
25122	87.0351
29344	87.0136153516
29726	86.9212
113976	86.918439364
29219	86.7827
362051	86.759112974
307905	86.7536
290946	86.6683
304244	86.6499
310958	86.6229956891
294103	86.3725
312701	86.1244441854
64200	86.0817
313436	85.6308
29256	85.5505
314388	85.5426100132
291670	85.4516
29256	85.422
29256	85.422
117087	85.1592
246325	85.1565
314388	84.9504971743
84476	84.9399
63845	84.8552
100125373	84.7505
304271	84.5679
312154	84.1407
314221	83.96166263
307524	83.9474
312052	83.9223
315891	83.8915
301365	83.8519
363498	83.828900619
299117	83.6583
303403	83.5840489254
83580	83.5562
306879	83.5254
81737	83.2738
81737	83.2738
81737	83.2738
298189	83.2427
360860	83.1651
360827	83.1367
294674	83.1149489984581
360704	83.066230252
266601	83.0447
295428	83.0059
310250	82.8452256508
24923	82.8175357516
305826	82.7653
294408	82.5735188044
312952	82.5061
305544	82.4613
295445	82.3071
293453	82.1801
317376	82.0387952164
292263	82.0321
310207	82.0164523252636
114090	81.8522
315806	81.8521901908
29578	81.7837
362463	81.7266874170974
83471	81.7207
298874	81.6903
117515	81.4333079928
100125370	81.3906
363062	81.3498777354602
689388	81.218462014
289810	81.0219567915439
313453	80.8768
295686	80.8612240052
314721	80.6383266172
309060	80.6287
292793	80.3289
292793	80.3289
314126	80.2288
360967	80.144772229
29146	80.0883
65248	80.050200309
298959	79.8894
361295	79.6088
171518	79.6011
362510	79.4725
26295	79.3956125814
306809	79.3377909339
100188984	79.3341
313228	79.2036
25301	79.1759
315427	79.0934
24551	79.0543446175
303200	79.0206
307767	78.8145
170925	78.2534
363735	78.0497141358
29335	77.9556200215
64200	77.9191
64200	77.9191
64200	77.9191
312132	77.8938
65152	77.8926
315648	77.742
29335	77.671128734
24551	77.6334382592
306814	77.3097436798171
312495	76.9062
100322884	76.7824
317418	76.7659
619558	76.7054527375
64015	76.5736
24667	76.4821
85246	76.3182469450189
25578	76.2144
24225	76.2042
24225	76.2042
24225	76.2042
24225	76.2042
24225	76.2042
24225	76.2042
24225	76.2042
24225	76.2042
24225	76.2042
24225	76.2042
315962	76.1137018779615
315309	75.7751
298012	75.4873
114488	75.4181
288353	75.37559284
140433	75.3259
245956	75.2292
246232	75.0908
304150	74.9667
287643	74.7425
309419	74.7395
29717	74.4672
29717	74.4672
300652	74.44413379
291793	74.0808
307479	73.9141
170837	73.8985344288285
29434	73.8725
282825	73.7924987944
362912	73.6176
83809	73.5629
297768	73.5262
100158232	73.4947
83824	73.4941
293152	73.3781
494445	73.3512
309774	73.3506746086
291921	73.2957977016
302864	73.2282246948439
260323	73.1832
24667	73.0206
306873	73.018803592262
315352	72.9563426608
83720	72.899
85250	72.8268
81659	72.7658
362152	72.7232512057039
361096	72.7203
65180	72.6606
362609	72.6382
312199	72.5609
170907	72.527849649254
307039	72.454
260323	72.3217
297893	72.3183
29707	72.1589
311437	72.0442
361013	71.816
313861	71.3653
362404	71.2527
289693	71.0794
25342	71.059025835
64823	71.0319395618
24499	71.0084
140544	70.8288
360905	70.7775
295446	70.6676216592829
298757	70.6233
361401	70.5813
298943	70.5179
315500	70.3711
291610	70.0992
29611	70.0738534432
81781	70.0672
29416	70.0202
81640	69.8971
362665	69.8467888172
305586	69.8055
689560	69.7861
65031	69.7445
171120	69.6327
305910	69.5730623505
83765	69.5544640438
50622	69.5062796658
313647	69.5
25479	69.445
680445	69.1393
310801	69.1207
25113	69.1185
312251	69.09
365984	68.9628
362876	68.7791
307724	68.6278
291105	68.6263296743075
300367	68.5172
291659	68.4328
301337	68.4200597037
25617	68.2426
84010	68.2272
314196	68.1865953601
296259	68.0605867468
305502	67.8318
83615	67.7876
83614	67.7092
54705	67.6965
54705	67.6965
289419	67.2395
29562	67.2303945375
306066	67.1945
306197	67.0804
361866	67.001
313409	66.9041
298533	66.897
25652	66.8471595912
362479	66.7504
314245	66.5938
171381	66.5282
140639	66.5231
29525	66.2597332504
362612	66.2301
83800	66.1507
498575	66.1132
314205	66.0212629465
309858	65.9872881612644
500616	65.9599
308965	65.9576
192350	65.7686
362170	65.6404649731
315405	65.5945132681
171458	65.571360045703
24948	65.5533
317252	65.4314
78958	65.3753
170509	64.893
116464	64.7862
306147	64.7168
24434	64.6586
26955	64.6531692992
25012	64.3779
25012	64.3779
25012	64.3779
362160	64.3709778472
59318	64.3589
89786	64.1953
294075	64.0606
117540	63.9835
314800	63.8923097281
361159	63.8538
313929	63.7671
25235	63.6746415445
84424	63.5463
65178	63.5396
308537	63.4094690776
314264	63.3344
306129	63.2276
301119	63.2074
84488	62.9626
100310874	62.8006526579
362037	62.5993862508
310341	62.5883
287451	62.5142
84394	62.0558653153498
315994	61.9659
288108	61.9068
290834	61.8331
25094	61.5543
308890	61.5392
292994	61.4753
682507	61.4275
300719	61.3809709734
362065	61.3522
305035	61.2425
114561	61.1348
300679	61.0476912316
303803	61.0375169419624
29382	61.0336
315833	61.0330346935
305438	61.0003
83531	60.9393
58965	60.7846
25567	60.7841710237
315598	60.7441
64305	60.6401416601916
25267	60.1768
312603	59.9604446112
312675	59.8835
309798	59.8807080144
29154	59.6944
246152	59.6661
289752	59.6617
314964	59.6038
361103	59.5129
306809	59.4311761077
309593	59.3676
364738	59.3001
58948	59.2818361812
100362678	58.8774
306261	58.8752324608
498328	58.808087767
54241	58.7753
83474	58.6852
366474	58.6313
298875	58.607
64547	58.6005
116470	58.5609
170699	58.4937
311622	58.3131
311187	58.2862
25444	58.2604
681031	58.1948
294900	57.9622
24803	57.9197
24849	57.9024
192256	57.8173
192256	57.8173
500651	57.705104074
360569	57.6552
288091	57.5426
117558	57.325788936
24179	57.2611
29263	57.11
170578	56.9946
302313	56.9766678178
360768	56.9084287225973
317335	56.8900125661
171086	56.8098608674
171148	56.6604
288108	56.5681
406160	56.2436
493865	56.0381469616
58853	56.0304
64469	56.0215944162
291314	55.7307
116469	55.669890616
287979	55.6554
361796	55.5982
301431	55.5301
29183	55.5068
312563	55.1494
298992	55.0864
289521	55.0736
314785	54.8289132265
308322	54.8274480014
63995	54.8176
298765	54.8124
290556	54.7993
117548	54.6208
25204	54.5724
116740	54.5338
64824	54.4340749550218
361990	54.3597
306439	54.346068841
29632	54.2779
361842	54.1006
297486	53.99340966
246153	53.9587641562
29358	53.8648
315804	53.6458
361992	53.6383
295051	53.6004
291019	53.484229283
691947	53.4441
292739	53.438
287554	53.3637
307309	53.3457
686999	53.2175
24783	53.1827
24783	53.1827
298850	53.1403
81649	53.0716
117064	52.9645
117272	52.9205
103691034	52.9059426218
25532	52.8126364605
685425	52.801
307855	52.7746
65157	52.7271
308068	52.6722
54281	52.6657
64440	52.6370305575
64536	52.6264
25665	52.5663
25665	52.5663
50555	52.5383468203
25743	52.4507200841233
299256	52.431480136
266705	52.3121
170927	52.220144772
315523	52.1509
305104	51.9036
362385	51.849691589485
25415	51.8383
192181	51.8328
296182	51.7650392832
25565	51.723
689364	51.6632
29144	51.576
314543	51.572960768
502902	51.489
25493	51.4051
282834	51.3186
100362554	51.1196
59322	51.0621
304733	51.0338
305540	50.9109
60331	50.9081517043
25398	50.8769
300359	50.7212639375
309400	50.6565366502
313706	50.639
302499	50.5639
24796	50.3744629001626
364814	50.3064563464
311118	50.2656696494207
296349	50.2643573259
313588	50.0203432081
317218	50.0
246046	50.0
432358	50.0
24680	50.0
362409	50.0
293587	50.0
29596	50.0
