29140	99.8278245350703
309523	99.36320992476
360992	99.33881182474
362741	98.9394493714074
494021	98.3023393856
81920	98.27538805605
25654	98.2068691754613
361945	97.96579266507
81513	97.94839
25267	97.85909203468
308896	97.4864854048
291539	97.47758847541
680407	97.39604540969
364754	97.0213982894
289693	96.82744033776
298074	96.8147
29150	96.75525968152
367218	96.6796656547
367218	96.6796656547
287881	96.4945
360926	96.40737
24251	96.366402256
310960	96.36382
287554	96.30986
303332	96.25604
288154	96.1318899181
311137	96.06239
84475	96.04574
289881	95.9959166428
313365	95.7975
297486	95.7442182892209
24654	95.74394
314855	95.4619923400417
84396	95.33200026584
29501	95.30919946714
29173	95.27256112717
299209	95.03182
80754	95.01076
309095	94.99369
302470	94.9797
317673	94.85631
25425	94.76433
84356	94.74292861
64531	94.6880169979424
501099	94.62138
363760	94.50061
687008	94.41041
171126	94.3698221794
373542	94.10845
24854	94.09727
25055	94.09195
308789	94.06081
311332	94.04893
306102	94.04201
25405	93.99261683514
309275	93.99183
29642	93.9816268795135
65023	93.96985
65023	93.96985
65023	93.96985
65023	93.96985
24367	93.93956
291555	93.90073
293645	93.897301099
500219	93.8920813052
117268	93.888715896
494345	93.88718
308106	93.82868
311730	93.7987865792
65129	93.69038
444986	93.6693412592431
295953	93.5181817804893
312678	93.45067
501052	93.29638
25047	93.2915251772
171027	93.27709
362931	93.274
300228	93.26897
362264	93.2089936963069
252891	93.18387
303165	93.07986
245956	93.0442626571755
361771	93.01332
502875	92.96739
116589	92.9046889864
311913	92.86798
300111	92.70935
287765	92.67275448
171145	92.64413
294499	92.6051
360773	92.44156
29616	92.38058
29460	92.33824
298410	92.27871
116490	92.2207
100529260	92.17792
24482	92.1563151073184
24482	92.1563151073184
64636	92.13239
24383	92.07982
300733	92.07477
303601	92.06781
297995	92.06779
79242	92.05117
303926	92.03904
24482	91.9863683077139
24482	91.9863683077139
25151	91.98452
116483	91.97997
362697	91.89389
286901	91.857509461
24792	91.82425
81818	91.6926
171444	91.68616
25152	91.6623915228
81656	91.65235
298875	91.61522
297459	91.61088
312677	91.59741
308472	91.55636
289565	91.51549
300051	91.4326
303831	91.37511
498545	91.34639
85430	91.32394
294269	91.31596
363283	91.299
60417	91.241961907
64312	91.17196
309373	91.1531
300891	91.07431
297514	91.03397
100125370	91.03119
313449	91.00656
266732	90.9627
24248	90.91002
64029	90.89355
290614	90.893525559
84577	90.87866
65038	90.87219
117515	90.77448
65038	90.70365
310843	90.67931
293976	90.64953
313840	90.63843
117105	90.6028
114089	90.57268
288306	90.56996803
300920	90.519426475
299274	90.50896
310643	90.3489
305235	90.31624
310399	90.3055162580958
301544	90.2755
310785	90.25264
361969	90.17929
293886	90.14538
310640	90.14241
297720	90.13374
315795	90.09587
360626	90.08235
292849	90.0613
303753	90.0357768415
497198	89.898
364867	89.8365790063
25243	89.826
252899	89.7928
288333	89.7893
293937	89.731
313053	89.7098
59295	89.6687
114522	89.6312
293154	89.5314
288615	89.4837
29402	89.4794
65130	89.4779
315265	89.4166044524
297418	89.3601
304822	89.3391386948
305031	89.2969
83842	89.28
59074	89.2196
316064	89.2074434848
308449	89.1975
361549	89.1038
25289	89.0809
25289	89.0809
306066	89.0564
497958	89.0388
499749	88.9891
311193	88.9708
303604	88.9355
288700	88.8673
298019	88.849852012
302971	88.8097
24174	88.8057408921
54702	88.801
364241	88.7752
83807	88.7745
289264	88.7231
361673	88.7178
365227	88.6588
304881	88.5355
305910	88.4807
304407	88.4184
499420	88.403
64626	88.3862
313774	88.3195
500545	88.2692
360719	88.2593
309357	88.2466
690516	88.2444011488
114861	88.166
25386	88.1393
313609	88.1136740368
501502	88.1074
680409	88.101
305886	88.0901
445268	88.0092
304299	87.9524
59116	87.951
288937	87.94149904
29486	87.9254
289457	87.909
360602	87.8938521605
29711	87.728
500502	87.6431
680945	87.596
362599	87.5914
83684	87.5192
56823	87.4996
288919	87.4873
308584	87.4693
365382	87.4353
24792	87.4216
24792	87.4216
192178	87.351466438
113960	87.3357
300218	87.3198
300849	87.2493
29251	87.2467
298534	87.2423
500282	87.2133
315423	87.1487
83500	87.097
302415	87.0953310012
312516	87.0802
80846	87.0484
80846	87.0484
689909	86.9324
192235	86.9072
192235	86.9072
64312	86.8507
360887	86.8291
295357	86.8031
116550	86.8023
64536	86.7915
24184	86.7789
266735	86.7592
266735	86.7592
266735	86.7592
309100	86.7582
287418	86.71
311462	86.624
291352	86.6223
362479	86.5923
25216	86.4888
290567	86.4811
313061	86.433
301418	86.4234
291211	86.3825360894
316583	86.3168
114490	86.3167809244
499380	86.2759
295443	86.2708
155918	86.2677
192152	86.2585
192264	86.2332
81758	86.1078
690528	86.0538
498545	86.0488
362052	86.0392
29463	86.0329693114
298676	85.9444
293142	85.8669
304218	85.8145
304218	85.8145
302975	85.7424
361202	85.7045
311864	85.6848
84609	85.6786
294559	85.6538
311114	85.652
690195	85.6238
170843	85.5453
294672	85.3492
81737	85.3298
81737	85.3298
81737	85.3298
81737	85.3298
305719	85.3175
29276	85.3145
686189	85.2813
362078	85.2074
501925	85.2001
319110	85.1539
25203	85.1461
308944	85.0691
289144	85.0615
89843	85.0537
83535	85.0325383976
24826	85.0013
24826	85.0013
296049	84.8529
50686	84.8007
297900	84.7532
24158	84.7288
192204	84.6951
316376	84.6777
81655	84.5959
29483	84.5644
29483	84.5644
29483	84.5644
29483	84.5644
313539	84.5185
361688	84.5046533676
84403	84.4991
291556	84.4578
294809	84.3765219373
308434	84.3292
29237	84.2619
286910	84.2154
117549	84.1832
310486	84.162
304193	84.1573
171407	84.1455
302980	84.0256
301285	84.0127
29481	83.947
362979	83.9402
171406	83.9366
315461	83.6906
266609	83.6901
304125	83.6746
81829	83.575
307492	83.5575
294518	83.5034
681429	83.4461
296488	83.4454
494500	83.3908
494500	83.3908
494500	83.3908
683613	83.3797
294400	83.2827
360747	83.2808
311726	83.2641
288118	83.2376
305302	83.2065
690625	83.1282
302248	82.9909
58940	82.8983
171563	82.8447
294962	82.7667
362288	82.6974
282587	82.6914
311184	82.6494
266609	82.6077
25732	82.5761
25732	82.5761
298992	82.5677
361522	82.5423
257646	82.4765
310721	82.3812
84384	82.3625
305577	82.351416583
81778	82.3467
312563	82.3437517512
305367	82.323
304758	82.3195980436
83629	82.3194397051
302492	82.2749774185
306338	82.2411
362403	82.2172
293890	82.2061
306012	82.1739
24212	82.162
81657	82.0557
311355	81.9205
308404	81.894
300173	81.8372
361628	81.785
116740	81.7231
25627	81.6383
60430	81.5918020408
124461	81.573
24165	81.4852
83803	81.472
312947	81.4495
313436	81.4103
365793	81.3937
83514	81.1029
79248	81.0889
309430	81.0812
59300	81.0610878301053
25080	81.0024
25253	80.9659
259241	80.9577867858
287585	80.9577532108
361689	80.9324
29630	80.8909
59317	80.8888
29214	80.8619
293112	80.7877
305974	80.7596
89787	80.7469
24765	80.6459
24397	80.643
290046	80.5326
290046	80.5326
290046	80.5326
313974	80.4945
290467	80.2488
25490	80.2268
25337	80.1727
291981	80.1387806311
294103	80.1379
94202	80.108361464
25281	80.081
79131	80.0732
287526	79.9561
79433	79.9000434058
312652	79.712
286934	79.6766
292843	79.6549
24255	79.6406
171078	79.6404
114023	79.6348
25359	79.5698
292763	79.529
288583	79.525
286939	79.46988205
114638	79.468
362834	79.4543
300074	79.4523
690374	79.4424
24459	79.4225794195
366274	79.339
312890	79.2054
498335	79.134
25104	79.0757
499924	79.0642
316085	79.0339
287700	78.9738
299131	78.97
365668	78.9203
56781	78.9152
56781	78.9152
291921	78.8401304119
303101	78.8333
25429	78.771
298441	78.7559
302369	78.7083
58974	78.66244954
83824	78.5864353711031
363153	78.4209
171062	78.3851
445269	78.3786
83765	78.3667
81640	78.3115
679640	78.2846
361704	78.2842
303470	78.2739
64226	78.203
362923	78.1917
302864	78.1787143338456
361057	78.1399
84476	78.1256425464
29213	78.1091
294422	78.072
302935	78.0695
64822	78.0453
362483	78.0236
311406	77.9522
25575	77.9099
81819	77.8508
432358	77.8364
89791	77.7818
501454	77.7544
501454	77.7544
314228	77.7235
363136	77.6461
64119	77.6394
689933	77.5514
499362	77.4939
302363	77.4684111664
245918	77.4432
114598	77.2612
680465	77.2378
25503	77.2175
502317	77.1214
24167	77.0814
24167	77.0814
24167	77.0814
24167	77.0814
24167	77.0814
24167	77.0814
680229	77.0317
308875	76.9842
303206	76.9533
296966	76.898
29388	76.8852
60378	76.8755
25473	76.8658
60341	76.8005648902
297339	76.7739
100361733	76.6586
246255	76.6472
66026	76.6458
306630	76.5408375502
315617	76.5327
361056	76.4126
361798	76.4082
313370	76.3347
293448	76.3236
25153	76.3032
59296	76.2409
396551	76.1738
574523	76.1738
396552	76.1738
396527	76.1738
113992	76.1738
113992	76.1738
301595	76.1738
24861	76.1738
154516	76.1738
307169	76.1486
29469	76.1199
305310	76.1069
289400	76.0474
79128	76.03
499174	76.0109
498440	75.9796
361368	75.910547963
287424	75.9017
192245	75.8746
317578	75.8490746846
171158	75.7945
308543	75.7493
291534	75.7364
54322	75.7297
360886	75.723
308392	75.6707
308392	75.6707
81717	75.6309
114519	75.5048
363018	75.463
361698	75.4401
25085	75.4274
25022	75.4028
25022	75.4028
25022	75.4028
25022	75.4028
25022	75.4028
25022	75.4028
25649	75.3801
360772	75.3602
368044	75.3588
295929	75.3352
266761	75.3248
313786	75.2999
301634	75.2773
378467	74.9961
295293	74.9765
114709	74.9504
498922	74.9437
114496	74.934
117130	74.9164
308061	74.8417193426
65042	74.7955
297093	74.7127
64862	74.6924277376
297570	74.6859
502872	74.5659
298510	74.5059
307724	74.4985551808
302302	74.4435
291660	74.4364
287453	74.3146
29560	74.2383
24516	74.2299263744
296616	74.2184
289399	74.1281
683927	74.099584447
25561	74.0427
287670	74.0104
24153	73.9844
296655	73.9357
171069	73.9095
291955	73.8809
292876	73.7898
140722	73.7575
295690	73.7284
300445	73.6969
305604	73.671
170566	73.646
300757	73.5482
498355	73.5416
309201	73.5408
299104	73.5301
289623	73.4597623738
24172	73.40027078
29578	73.3797
293287	73.3174
113919	73.3164
290356	73.3139
83477	73.2567
315597	73.2483
298908	73.2469
304053	73.1968
304286	73.1581
171547	73.1283
171374	73.0414
170588	73.0281
288916	73.0258
294074	72.9917
116593	72.9576
246044	72.8816
292788	72.7989
315438	72.7243
309586	72.7234
287608	72.676
311182	72.6648
317346	72.6606
84431	72.606
312132	72.3991645935
680419	72.3516
289833	72.3454
310698	72.2427
296472	72.1844
24588	72.1409
304591	72.022
303188	72.014
114514	71.9738
293618	71.9097
309376	71.7652
312790	71.6969
680737	71.6355
613226	71.608795975
29326	71.6055
315084	71.4453
286888	71.4405
303245	71.408
297942	71.3698
291844	71.3587
246760	71.3346196976
116695	71.3064
25639	71.2174
309858	71.1538
65197	71.1516
296851	71.0568
291874	71.054
288269	71.0261
50566	70.99575748
498301	70.9628
246333	70.8495
94202	70.829695431
366219	70.8183
103693419	70.805
291772	70.7432
294079	70.7077
362275	70.6412885599
114766	70.531
291015	70.527
84497	70.5223
64152	70.4986
63886	70.4783
361508	70.3932
81668	70.3929372028
362930	70.3637
54259	70.3163
282581	70.1894
290995	70.134
309888	70.1155
317715	69.977
314323	69.96238492
29142	69.8851555207
297595	69.8754
294988	69.7583
29748	69.7182
116633	69.6426642552458
299638	69.6414
362860	69.5985
312927	69.508
681359	69.432
114851	69.428
170699	69.4059
315093	69.3602
85273	69.3366
25375	69.3318
24967	69.2959
297989	69.13677536
317219	69.1181929306
287168	69.1167
25656	69.0112
315170	68.9953
25705	68.8745
100362347	68.833288648
292721	68.7764305515
140607	68.7024808912
291966	68.6547
25344	68.547
295446	68.4884
360673	68.487
287610	68.4377
100188944	68.3442
100188944	68.3442
301068	68.3421
140923	68.3194205974
361585	68.2818
64394	68.2653
29309	68.2614
306103	68.0522
83722	68.0407
303414	68.0251
307288	67.872778336
302920	67.8224245376
25095	67.7187
315691	67.392239353
287382	67.1871
298944	67.1723712561
140592	67.060399438
304037	67.056576274
293669	67.0174
300668	67.0008
81738	66.9117
24583	66.7724
287522	66.7626
94188	66.7462
117263	66.7221
100360872	66.7073
304300	66.6807
304334	66.4754
113898	66.4462
171044	66.3843
311861	66.2744
171529	66.274
60376	66.2155
25617	66.1894
363662	66.1864
50669	66.178
24215	66.1134492984903
338401	66.0884
292918	66.0733
315639	66.0701
294230	66.0358
316304	65.9949
361882	65.9775
246245	65.9697
304005	65.9040885268
306941	65.8682
301226	65.8586
364729	65.8547
25497	65.8208
295378	65.796
306873	65.7959
25335	65.7881507739
245981	65.7788
100362121	65.7765
688502	65.7591
501661	65.6326
171142	65.592
297597	65.568
303024	65.539004284
94168	65.4184
298652	65.3757
171335	65.3258
83519	65.3218
307905	65.3044
25619	65.2767
306157	65.2625
64530	65.2098
81648	65.0398
25367	65.0236
25367	65.0236
25367	65.0236
25367	65.0236
497778	65.0193
497778	65.0193
29660	64.97
309031	64.957292352
297872	64.943
114115	64.8746
365895	64.7287
287722	64.7235
287721	64.6998
305332	64.6132
24413	64.5719441806
24259	64.4825
366872	64.4504
288480	64.4267
58839	64.3208
83720	64.2694
79239	64.2511
81817	64.2162
80881	64.1047
313873	64.0785
300759	64.0315
498112	63.9963
311849	63.8787
288562	63.8373
260324	63.8106
298514	63.8102
287275	63.8035
29448	63.7152
360702	63.6962
192277	63.6125
25464	63.5908
305581	63.59
286973	63.5615
302967	63.4875
296710	63.4688
291556	63.4541
79428	63.4334
294963	63.4209
25531	63.3444
685474	63.3286
291978	63.241
25269	63.2254
171087	63.1209
314212	63.0518
309816	62.9751
24839	62.8584
303692	62.7719
313387	62.7012
289757	62.6158
306091	62.5803
24948	62.5212
50690	62.4506
300944	62.3968
315346	62.3874917632
25360	62.3394
292657	62.2834
301555	62.2541
58978	62.2405
58978	62.2405
58978	62.2405
361700	62.1743
313050	62.1604
310218	62.1346
116557	62.0596
311123	62.0425
681211	62.0306
24679	62.0156
246266	61.8797
315833	61.8196915706399
25577	61.7933
302502	61.793
287715	61.7743
304815	61.7361
81813	61.5862
314028	61.5813
299923	61.5231
171440	61.5187
290212	61.4918
64035	61.4885
314386	61.3747491617
64315	61.2472
293705	61.1991
288025	61.1268
309004	61.1029
286997	61.0072
311642	60.9905
363143	60.9344
361044	60.9137
432393	60.8820949591
679572	60.8613
301513	60.8345
432360	60.8222
493574	60.7497
114216	60.749
85332	60.6749
498642	60.6321
59324	60.6231
81718	60.5419
312915	60.5316
305248	60.4585124046
25049	60.3816
313063	60.2793
116474	60.2057
363219	60.1957
81917	60.1788876375
81917	60.1788876375
83782	60.0787
315405	60.0295
171548	60.023851008
84496	60.0132403272
84496	60.0132403272
315798	59.8143
361638	59.7744
89824	59.7628
89824	59.7628
687208	59.7301
301535	59.7122
24504	59.5045
29533	59.4724
689055	59.4601
286983	59.4533
266600	59.4042
60421	59.3776
316018	59.377
362802	59.3012
302640	59.298
292534	59.2965
29884	59.0184
29644	58.9918
500598	58.9841
64529	58.8739
308346	58.7819
299113	58.7716
84354	58.7506
290986	58.686
292087	58.6656394744
116501	58.5955
303700	58.4806
293505	58.4556
315218	58.3384
266668	58.3084
79218	58.2988
25693	58.1224
24942	58.0652
25237	58.0572
315215	58.055
25544	58.0180915038354
315655	57.9673
301011	57.9524
300463	57.7934
25583	57.7128
155012	57.6681
294228	57.6079
293488	57.5079
305438	57.4824
170845	57.3998
293624	57.2943
288591	57.2809
83470	57.1283
293522	57.0544
293150	57.0395
81653	56.9742
24851	56.9657
24851	56.9657
301000	56.9504
29602	56.9081
311562	56.8784
116563	56.8714
29407	56.7658
89820	56.7452
25672	56.6941275226
305895	56.6582
245986	56.6256
308398	56.5835
291130	56.5762434736
300083	56.3364
29416	56.3334
361935	56.1031
29230	56.0925224945
29468	55.807
286908	55.7481
29694	55.7337701586
290553	55.7291
311146	55.6502
309135	55.6128
301674	55.5709
305120	55.5562
690441	55.5483
266780	55.395
29362	55.3827
313876	55.3121
293181	55.2567
305831	55.2547
114633	55.2254
290670	55.1865
300519	55.1487
300724	55.0027
301076	54.8606
361843	54.7958
83838	54.7626
308218	54.7471
313098	54.6880114819
84588	54.6759
305256	54.5966
24946	54.591
309380	54.4626
65033	54.3559
298490	54.3345
100233176	54.1806
300052	54.1704
60663	54.1371
360704	54.1247
29517	54.0873
29517	54.0873
29517	54.0873
294948	54.0532
306353	54.0044
361674	53.9814
362782	53.9762
681033	53.7112
360272	53.4516
25007	53.2323880408
25202	53.1829
303614	53.1658380185
64469	53.051
361655	53.004
287822	52.9169
317675	52.9018
315705	52.8837
140937	52.8515
474169	52.5666
58961	52.5606
58961	52.5606
25030	52.5597
81636	52.5103
25743	52.4260841302125
314621	52.4194
295455	52.3455
64507	52.3057
312656	52.2977
63995	52.2743
24392	52.2224
246334	52.1638
246334	52.1638
100362554	52.1477
292766	52.1091
64552	51.9997049474
64552	51.9997049474
192256	51.9416
192256	51.9416
291906	51.9373
360515	51.9329
25122	51.9114
310698	51.8627
654496	51.8406
246334	51.7693
246334	51.7693
64832	51.5766
24587	51.4211
360230	51.4078
299982	51.3712
25249	51.2183
286914	51.117
301574	51.0766
292964	51.0189
315463	50.8792
300732	50.8333
140922	50.8033
303754	50.7694
300989	50.6858
24551	50.6739
317470	50.6736179608
292658	50.6394
308820	50.6382
25485	50.615
309900	50.5835
305941	50.0
309036	50.0
301446	50.0
314964	50.0
362223	50.0
362267	50.0
362115	50.0
298579	50.0
292759	50.0
287532	50.0
64670	50.0
29705	50.0
24816	50.0
361401	50.0
303991	50.0
59108	50.0
24551	50.0
288364	50.0
303312	50.0
