362911	99.5227562171335
81531	96.7074087064
81751	95.80267
494445	95.4339
170899	95.40681
25359	94.7026
84360	94.1403863691
29218	93.97878
140923	93.6393679859
78961	93.11166
290270	92.83959
364634	92.32635
314212	91.79947
308509	91.7636249125
257646	91.75579
246116	91.57732
360866	91.53424
307178	91.41991
24851	91.25729
83529	91.2406
312965	90.69846
65272	90.61036
314824	90.53918
246237	90.25885
314352	89.7785
498328	89.72426089
309722	89.6059864666
500863	89.5709
306147	89.5636
293570	89.1104376135
308061	89.0372799932
112400	88.8926
112400	88.8926
112400	88.8926
112400	88.8926
112400	88.8926
112400	88.8926
112400	88.8926
112400	88.8926
501560	88.8586
314930	88.7698
308106	88.4503
366624	88.3583
299316	88.3141
24708	88.1062
24672	87.9295
24413	87.898
54268	87.8344
79218	87.0231
81640	86.3095
313876	86.2714
29564	86.1394
288152	85.9286
117104	85.886
25467	85.8525
309129	85.2888
301388	85.1651
306782	85.1561
316539	84.5403526025
361596	84.5202
298884	84.3878
497815	84.3084
50563	84.1984
24511	84.1744
306141	84.1261
316312	84.0449
117185	84.0311
94196	83.9484
289233	83.5886
366205	83.5147
64370	83.126
306873	83.0157
691429	82.2728577775512
305571	82.0745
289264	82.0504
63995	81.9852
80881	81.8929
295674	81.7495
252889	81.6556
25705	81.2859
291946	81.0947
295631	80.9992
81749	80.9024
54319	80.7653
286898	80.3283
29163	79.2044
171126	78.7119
50552	78.7003860743
497770	78.6699
365699	78.667
303831	78.2351
308173	78.106
499991	78.0970489516
116457	77.3908
29622	77.3732
291022	76.6454
287828	76.3424
24673	76.0878
362383	75.3894
361970	74.8534893375545
84029	74.5383
363249	74.3401
314850	74.2261868854529
360637	74.0357
24851	73.8831
24851	73.8831
24851	73.8831
24851	73.8831
292464	73.6694
112400	73.5402
112400	73.5402
112400	73.5402
112400	73.5402
299799	73.3759
298792	73.307
304495	73.0479
309429	72.6461
81527	72.5928
309514	72.2335702
312781	72.0837
308118	71.9307
64373	71.7969
171304	71.5508
94338	71.1133
24680	71.0858
85240	70.8089
29618	70.5846
687031	70.2768
687813	70.1658
304193	69.8657
266780	69.3931
64830	69.3374
64830	69.3374
170907	68.8383428219
266764	68.6412
170699	68.4575
313050	68.2776
361295	68.0413031465
314265	67.8992675656
58942	67.8747
81805	67.8437
84018	66.351
84018	66.351
313139	65.9378
81785	65.4841
303753	65.2103
266761	64.9155
311622	64.4079
58820	64.3273
298189	64.2055
117281	64.1201
64192	64.0211
64194	63.4697
25508	63.4088
64196	62.9174
80899	62.7669
683713	62.656
276720	62.6448
286916	62.6353
361159	62.2466
307547	62.1196
25031	62.005263839
681309	61.8882
170843	61.4817
684112	61.3778
84018	61.3684
298757	61.2733
302495	61.0422
368002	60.9226
25337	60.8333
307900	60.8047
25516	60.7552
685258	60.6272
100188937	59.9122
64520	59.3092
83526	59.2337
81708	59.2329
246074	58.8901
83685	58.7178
361771	58.6798
502894	58.555
89784	57.6396
299356	57.6079021814
498560	57.4123
305000	57.1381
679869	57.0098
89808	56.5272
29187	56.4067
64823	55.984
25639	55.762
300443	55.5020239756
309031	55.4796
85254	55.4658
294892	55.3106
304074	55.2483
288091	55.0730232573152
79247	54.9031
303803	54.7718
302913	54.653662551
304799	54.5993
81814	54.5454
293056	54.4849
83523	54.257
362404	54.1107
245966	54.0349
316369	53.8009
307833	53.721
84471	53.4946
363445	52.7086
311236	52.5559
291699	52.5544
65046	52.3893
84482	51.9678
315259	51.4045
306630	51.2695
298250	51.1339
314553	51.0629
291100	51.0597
308134	50.6357
290668	50.5714782020682
316088	50.0
310745	50.0
117035	50.0
