29650	93.76984
24678	92.862029702878
24678	92.862029702878
24678	92.862029702878
25106	92.63456
25709	87.5803
315953	87.4168
287709	86.6669014354
299811	85.8544
114120	85.6882
365699	83.0197
362665	82.6206
304766	81.226
302808	80.9127
291388	79.8033
81747	77.4209
25416	77.3564
64527	75.8346
81531	74.9267028992
295669	74.7122
362918	73.9378
83626	73.4705
362238	72.8655
362238	72.8655
100188984	71.3099602651037
363122	70.1762
362134	69.7956
494445	68.7068
312159	68.3972
683512	67.8278
308473	67.7913
94203	67.2583
313304	67.1384
64312	66.837
25539	65.0746
685465	64.7661554437
79428	64.34
311721	64.168847192
300668	63.8188
170520	63.522
54282	62.7613
252962	61.3698
361399	61.1995
307070	60.9854
24952	60.7111718032
362900	60.6987
25318	60.404
361103	60.3823
113947	59.2091
24416	58.1347
306994	57.1247097764
302697	56.7552
498301	56.3954871894
252924	55.886
361594	55.8103
83531	53.8711
140587	53.8396
313598	53.7603
84550	53.155586392
316626	53.0713
171018	53.0507
171018	53.0507
171018	53.0507
155205	53.0129
303563	52.3425
361688	51.772
306575	51.3131
306451	50.6555
65195	50.0
305679	50.0
