619374	97.7403935510259
311326	96.1915068480905
29344	95.61385
679712	93.96799
296390	93.91264
171112	93.45924
361295	93.34513
246215	93.3377424481493
360548	92.84565
306091	90.9041618698
365755	90.8863464979763
287962	90.82033
304914	90.71929
25496	90.43717
295293	89.5472
303179	89.5331
362721	88.7443
25692	88.4465
117087	88.1933
25620	87.8491714829072
25620	87.8293467044565
25620	87.8293467044565
25620	87.8293467044565
309429	87.3908
25620	87.3856412530027
25620	87.3856412530027
25620	87.3856412530027
25620	87.3856412530027
304342	87.187826912
363836	87.13725559675
113902	86.9702
24942	86.861
314633	86.6457301039
362048	86.2963066400751
85424	85.4406
309888	85.305868105
246046	85.0293
25522	84.7276
58966	83.1077
50622	82.9685770586942
310258	82.9591
297930	82.8934
297337	82.8072
362384	82.491848252535
83834	82.4269644072
306261	81.5796606750452
310721	81.4604327832
313308	81.3071659499
306960	80.9464
85262	80.5993
64563	78.984
316023	78.808
306459	78.6197
89824	78.3104
89824	78.3104
307838	77.9112492975
688394	77.7208
25012	77.6754
25012	77.6754
25012	77.6754
307124	77.3161488085134
294326	77.2529
298524	77.0331770956
29540	76.2852
287615	76.2236828504712
316021	76.2066
313929	76.0519
317259	76.0502838796
24693	75.9068
296532	75.8409
117544	75.7836
24257	75.7730354784
29415	75.7699671255
311862	75.207
362170	74.9145329584
64312	74.6359002934
64312	74.6359002934
362619	74.5547
84550	74.5092011364739
29279	74.099885416
295224	74.0372
307067	73.7408308768
298144	73.0742
25054	72.7034
313874	72.411163018
24158	72.3582909848
313027	71.9506
29231	71.5836
29524	71.5467791059
50687	71.4779
298400	71.1129
316209	71.06524135
304378	70.9773
50671	70.8384111856
246332	70.8285
309135	70.400112385
25744	70.3051897457613
29264	70.1839494285676
361537	70.0702
140448	69.9210578785803
316209	69.859900666
304410	69.8267283327847
25742	69.8152
58812	69.8059088349286
85435	69.7137
29383	69.6404135872
680229	69.5936
315804	69.1879
316327	69.068
29473	69.0114
311637	68.8933
313742	68.535289516
317218	67.9289
304286	67.9026722176
24399	67.7246766598
310760	67.3230017324371
360980	67.1725619884911
64300	67.1422
294456	66.7097
171113	66.651882604
83523	66.4913
84026	66.4825
114520	66.2018131995
64152	66.1721411032
310508	66.1049
24255	65.0646
312248	65.0006
361401	64.9286
291212	64.9102
305310	64.7846177914
362489	63.8315
25352	63.4684
312504	63.4191162799
312566	63.3631
24669	63.3049
297593	63.2969
300367	63.2651
307900	63.2587313845
286916	63.2017
84410	62.8777
363854	62.48
81659	62.4191
25558	62.3713220245
312806	62.2764526914537
50554	62.1584
309217	62.0858
292100	61.9519811352645
29256	61.8653753471084
29256	61.8653753471084
293743	61.3959418546
294643	61.3409823054233
299850	61.2738
171093	61.1130195598
171093	61.1130195598
305423	61.092
29138	61.0488258976
266608	60.5413
309684	60.4611750254
192178	60.3668420340001
117096	60.358
29135	60.2986
365299	60.1331916196
252963	60.0179
498309	59.9285
314004	59.7758
497967	59.5722
117538	59.5647
171134	59.4892
116839	59.4127
116839	59.4127
295692	59.2889
362246	59.2709
315686	59.2503486175
305923	59.0949
308523	58.9203560128
276720	58.9191588433
50686	58.8456
306687	58.8114
29719	58.5777
307956	58.2878
310683	58.089447814
360993	57.9990564616
306400	57.8383
304714	57.8178
361060	57.6397416618515
298579	57.5879
363519	57.1295
57302	57.1165285748
57302	57.1165285748
171563	56.6267
287543	56.6243431381
316583	56.5741553593
301007	56.5704058646
60663	56.5421
293947	55.9672
310375	55.8188
29256	55.5746965264
364208	55.3797
60666	55.2786
500133	55.2330870752124
85248	55.1383
361613	55.012
311622	54.9941
310399	54.8889
300129	54.8206
293060	54.79482052
311570	54.744
79115	54.6825863332
24669	54.3562
363445	54.3304
171495	53.9863
114709	53.9437
363135	53.72730797
362490	53.6184
64531	53.553
64367	53.4084
79246	53.3018
83577	53.2425
29476	53.2416
299923	53.2393
312200	52.9458
315716	52.7733
360406	52.706420296
310672	52.6295
293048	52.6112
24479	52.4331
363002	52.3575007599
85246	52.2582961165377
298384	51.9971
246760	51.8484
366265	51.6573942853644
29177	51.6179285575
192359	51.4482
498140	51.4274
293148	51.3181
302424	51.1399117373548
114850	51.1299995557424
29566	51.0914104284
116544	50.9904324786
499878	50.8605
170920	50.8153
295211	50.6312
300186	50.5943
24533	50.5441
691429	50.1913149695668
89803	50.031104901
29600	50.0
117559	50.0
245924	50.0
362912	50.0
24768	50.0
304109	50.0
500555	50.0
286984	50.0
60660	50.0
302492	50.0
25594	50.0
