29300	97.25133
497985	95.14238
311730	93.38926
291259	92.5028293225
24699	91.7467279132
24699	91.7467279132
24699	91.7467279132
24699	91.7467279132
24699	91.7467279132
114122	90.831
114122	90.831
114122	90.831
114122	90.831
100362347	90.8002633308
303606	90.00415
293152	89.9868
311607	87.6810583874
24218	87.2856
432358	86.046
24877	85.2362
315655	85.1802
367252	85.1265017542649
685679	84.7953
29737	83.255871496
306012	83.0818
301624	82.1193
25293	81.5779
25293	81.2617
25293	81.2617
25293	81.2617
25293	81.2617
64533	81.1374
24460	80.3461
64088	79.3604
363292	79.3388
291908	78.3857
306994	77.531
367252	77.5161244487699
310812	77.1824
316219	77.1743
29713	75.891
116664	74.9478
312678	74.9055
303353	74.416
24804	74.1944
303630	74.0058
29647	73.6488
499308	73.6351
287962	71.7267
64025	71.6369734288
83571	71.5487
289606	71.3867
311876	71.3088
291259	71.1839488024
291259	71.1839488024
291259	71.1839488024
502901	71.108854732
292022	69.9433
292087	69.887
294380	69.6259
304653	69.4521
25288	68.484
362751	68.4322
295647	67.9152
58921	67.0661
303343	66.5301439
83841	66.267
297783	65.8515
304947	65.7692
156435	65.7376
29434	65.1511531504
298184	64.7477
690693	64.5604
300679	63.4824
683927	63.4706
360834	62.7254332606
25267	62.6219
25109	62.4111
302898	60.7377
316583	60.1632
24605	60.0336
297498	59.6849
294508	58.603125075
63886	58.3574
303375	58.3444
304150	57.794
311137	57.4975
315216	56.9025
313874	56.2337
360272	55.6979
293294	55.5581
294283	55.2537
293113	55.2384
290396	54.8329
114511	54.66
361725	54.2559
79212	53.9929
84550	53.8802
83514	53.6121
84388	53.3007
307616	53.1129
304573	52.896
308765	52.6083589144
316085	51.9529
192154	51.6611623624
83469	51.4252
312952	51.2077965043825
308118	50.0
302913	50.0
