303439	99.1963276550787
296474	99.0622475735
85254	98.0770422137743
296884	97.8638325832
293476	97.3257979492
291464	97.14097
360833	96.5260373226254
362316	96.3238192085
289094	96.1464
315265	96.0238638240552
24392	95.946688246
361295	95.9165896255
295401	95.3961177745
304301	94.6329115681
364154	94.50768
300783	94.474257085
302396	94.4726926666019
314894	94.27005
24323	94.23973
293627	94.05232
25135	93.93071
502020	93.7929583396
293142	93.65583260199
310538	93.5978162458
140937	93.57519
314850	93.46303
25152	93.3969604378
362686	93.31074
314157	93.28875010264
117557	93.17983
361466	93.09783
64367	92.9522
25620	92.84488
361400	92.8320351215
85424	92.80576
315722	92.76959
361970	92.7083167552
24356	92.666473408
683667	92.41262
63868	92.22967
59268	92.19959
171396	91.44226
310806	91.38146
85265	91.25239
114502	91.21906
84360	91.21231
310760	91.08922
117045	91.08701
315798	90.86318
117259	90.78235
25578	90.68072
363164	90.55142
689890	90.4916
117280	90.47589
246771	90.1258204841
287212	90.02266
25577	89.8743
295241	89.8642
24225	89.8144477982174
24225	89.8144477982174
24225	89.8144477982174
24225	89.8144477982174
24225	89.8144477982174
24225	89.8144477982174
24225	89.8144477982174
24225	89.8144477982174
24225	89.8144477982174
24225	89.8144477982174
307212	89.678
291044	89.4492858592
362599	89.2138
314004	89.16704989
312030	89.164
315134	89.102
287765	89.0547
303915	89.0192
289608	89.0106
304670	89.0086
286917	88.5451
25661	88.2687
498549	88.2437
29150	88.2335
81814	88.187
313609	88.0257
310960	87.9564
58961	87.9162
367252	87.6644324073896
367252	87.6644324073896
303497	87.5515
315608	87.3057
292999	87.1541024817
361866	87.0194
114490	86.9412
291713	86.7746
313385	86.5031
170920	86.4156
24779	86.2806
80843	86.2749
300674	86.0843
25620	85.7741
25620	85.769
25620	85.769
25620	85.769
29278	85.7190447632
288057	85.7141052835
56611	85.6121
297419	85.5366
294091	85.4434261902
64185	85.4350785575904
296623	85.3929
252919	85.3545
25484	85.0045
298765	85.0017101402
29244	84.7791
29138	84.7639617203
315352	84.7635
361632	84.5623596349
302697	83.9147
80881	83.8585914622185
362911	83.8304
25283	83.6423233181
297486	83.5929
296956	83.3938
296318	83.151
308282	82.5621
494345	82.0699
84402	81.9578
306571	81.924606941
362751	81.8911
362862	81.7092
293497	81.4887
25264	81.2183994883
54321	81.1415
312936	81.0172
310710	81.0074
364298	80.8795
296708	80.8325042085
54348	80.4525
64524	80.4341
24560	80.4277661536
307271	80.3133
309858	80.2437
685232	80.1472
313581	79.9473
64026	79.5929565979
311384	79.5886647876
58961	79.5641
54241	79.5126056394
309456	79.2981
29647	79.0615
298655	78.9515
500409	78.9191
360704	78.6178
307820	78.3395316805321
294431	78.2791
307270	78.1638737221
24653	78.088
313929	77.5444797446
304203	77.499
361167	77.4558
81824	77.3749
308845	76.9844
25012	76.5379
25012	76.5379
25012	76.5379
287441	76.5139848064
289276	76.506415117
288701	76.4196
29721	76.138
301007	76.0599
25620	76.0188
25620	76.0188
25620	76.0188
293820	75.9256
287607	75.6474
363256	75.6282
362164	75.4314
313969	75.4215553054
308965	75.1314
307206	75.1066
246116	74.9920115766677
498486	74.8392
498486	74.8392
100910318	74.7996
100910318	74.7996
298544	74.7294316192
83841	74.6826
292594	74.0592
29663	73.6732
29474	73.5361
498392	73.34
24311	73.2464
24311	73.2464
24311	73.2464
310669	73.2257
313308	73.2154
313949	72.9179529939
24377	72.437654046
303604	71.9541
306460	71.8435
309586	71.8308
299923	71.8146627702
29279	71.7935
313304	71.6839
362170	71.4829627315
314212	71.4653
309828	71.3336
60447	71.1995848004
60447	71.1995848004
654496	71.04
309172	70.8647
24400	70.8059
307178	70.6297
362813	70.541
362813	70.541
56011	70.4599
300813	70.2826
282838	70.1974154966017
83709	70.1757
83567	70.1532
25338	70.0623
312754	69.9903
140940	69.9749812526375
293098	69.519
25478	69.43955
289693	68.9574
293056	68.934
291948	68.7984
29610	68.6492
313563	68.284
362918	68.2087
360785	68.1189
315158	68.0455
292041	67.9865
690188	67.9753929661
315023	67.9702
307526	67.9123957320297
246297	67.904671415
361825	67.7223
81659	67.6703
25434	67.66
50577	67.6469
310749	67.0005
94196	66.99
297607	66.9247
497991	66.6907
299626	66.5884
360993	66.495
366960	65.9411354396
29130	65.6546
302935	65.3779
84391	65.3555
83683	65.0691
361916	64.7174
292172	64.5557
288702	64.3998305212
306261	64.1792868886
100360880	64.0254
24882	64.018
301742	64.017
140671	63.6762
29495	63.618
363064	63.5115
117596	63.2884
59076	63.2205
59076	63.1055
307986	62.8617
313339	62.8193
25613	62.8152
65195	62.5004876042
84550	62.4380171348241
29628	62.2106
29628	62.2106
287457	62.0417
65195	61.9672939735
65195	61.9672939735
58853	61.8765
361503	61.8485
362152	61.5462058875088
24827	61.4671798830692
100125370	61.4146
311508	61.3387
313038	60.9447
309126	60.8579
394266	60.7239366436
287526	60.479
79426	60.4439
305831	60.3679
171142	60.2572
309774	60.2429
353307	60.2078
293694	60.0515214538
304822	59.9326645984
360551	59.477
290829	59.477
117526	59.2394
309456	59.0261936036
24564	58.9807
84510	58.7213
310533	58.6672
368042	58.5588
306071	57.9192
80878	57.8942
291444	57.849
79120	57.6996
29715	57.6641
29715	57.6641
29715	57.6641
29715	57.6641
29715	57.6641
29715	57.6641
29715	57.6641
29715	57.6641
29715	57.6641
312690	57.5311
117103	57.2848
287521	57.2249446
307348	57.2025027538704
287974	57.1768
310621	57.0522
306055	57.0329
691335	57.0311
302488	56.8344
79115	56.679
252963	56.647721362
64161	56.4649
84006	56.4589
302920	56.0283
64047	55.9310605801
171341	55.8603
689116	55.8572686705
315689	55.7516
25741	55.7051
313594	55.639344742
25266	55.53
313594	55.3925538607
29631	55.3257
114505	55.1952
299131	55.0904
363913	55.0646
305367	54.6411
295586	54.5502
361251	54.3783293038
294103	54.3369
117056	54.3226
24803	54.1976638607
363578	53.8756
29336	53.7551338817887
362466	53.7486
83425	53.3816
83425	53.3816
293024	53.3704881418
309729	53.2296
291352	53.2196
366265	53.1141
24831	53.0477
313647	52.737
29300	52.7074
288704	52.6522
315170	52.379922007
373544	52.3671
406165	52.3237
50682	52.221
114023	51.9508
287437	51.804320168
171138	51.6521573632
499929	51.6146
315920	51.5343
25096	51.5020333639
295344	51.3724
140924	51.3467
85483	51.1889
85483	51.1889
85483	51.1889
85246	51.1786
302934	51.1774
29344	51.0764
315744	50.9362
252941	50.9261
312728	50.856
317376	50.7163
691429	50.2607587795
298400	50.0
292657	50.0
252855	50.0
362900	50.0
303212	50.0
