29554	99.6105755030663
363285	98.1047528912699
310399	95.5480773306975
366518	93.88741
311902	93.8422191836
312890	93.7091866264
686611	91.96267
686611	91.96267
64441	91.59618
361659	91.260919363
287662	91.15496
296466	90.07664
287585	89.0897
24660	88.926946504
315259	87.5172
29395	86.9088
362269	86.5429
309774	86.3336
296925	85.4472
363442	85.2753
85424	83.7849
116641	83.7769
301419	83.5457
306809	83.5297453166
308337	83.181
304786	81.9834937326
306809	81.543357052
24171	81.3425
29476	80.9132
252920	80.6093684752
680066	80.4148
304850	79.7467
311604	79.0865
293294	79.067
302864	78.9734373028
499204	78.9047
363062	77.7595
170578	77.2064
65179	76.9863
310250	76.307
681578	76.0684
685258	75.9487
79121	75.8197
362612	75.4761
116718	75.2398492594
316400	74.8488
301119	73.987329007
25546	73.4689
291709	73.144
298648	72.1234
310694	71.9893
300754	71.894
24708	71.7219
171329	70.9909
79428	70.881080153
100362678	70.3996
306459	69.9385
100910806	69.7182
497991	69.5235
299714	69.3635
307745	69.3556886568
306687	69.3372
313375	69.2288019001
303024	68.6664
501925	68.3686
302697	68.3385172965
501560	68.3309
360600	67.805372429954
170843	67.7813
286959	66.6065
305450	66.2222162526
501052	65.9304750104
311730	65.5687
303059	65.4769
306540	65.3794
171494	64.9771
497198	64.6356
360855	64.6243187204
300666	64.583063677931
140448	64.4778252504
296306	64.2833
361945	63.7279
282819	63.5983
295264	63.3469971481
25570	63.10255
81531	62.9829
361167	61.851
291130	61.5551509585314
85243	60.8526
294862	60.6857
84420	60.6383
362013	60.4578
24948	60.0330692431
84016	59.4341
302935	59.3817
54244	58.8995
303073	58.2376508028
25403	58.0705
25403	58.0705
25403	58.0705
304469	57.7648
192229	57.7321326387
65261	57.4446
296121	56.9233
289623	56.8179767312
500562	56.5337
311349	56.3791774624
307343	56.2110609232
25402	56.2056
25706	55.3169
306261	54.9499963676
24654	54.9097
292199	54.7993203528
117558	54.7614
301388	54.7415446166
296571	54.6036
500037	54.5701
287607	54.5514464632082
303336	54.1912
303336	54.1912
316033	53.9194
287931	53.7415
313427	53.6816
297123	53.3699
363849	53.2512
293864	52.9249
316435	52.8817
24167	52.8708
24167	52.8708
24167	52.8708
24167	52.8708
24167	52.8708
24167	52.8708
292124	52.7937
310506	52.6172736272
366452	52.4691
252924	51.9733
313053	51.4871
54321	51.027
311405	50.5555034681
687147	50.0290004395157
687147	50.0290004395157
680931	50.0
289311	50.0
362810	50.0
305012	50.0
683077	50.0
