308267	99.4409432846206
501560	97.12694
308523	96.9533103331564
298017	96.74992
310743	96.09582
399679	94.61844
29721	94.25262246283
310207	94.0095972886
363577	93.95791
29564	93.89841
25565	93.07551
314157	92.84644
83619	92.7248
360640	92.61702
306451	92.54032552
287633	92.34229
308937	91.62557
29218	91.24619
360540	91.11717
140928	90.89906
140928	90.89906
140928	90.89906
364137	90.24649
83841	90.18407
306873	90.02677
29437	89.6653
313264	89.4353
287595	88.8359
65278	88.7491
25485	88.6831
260416	88.1744551728
307403	88.1415
54259	87.9898
65278	87.9247
207122	87.6491
310352	87.5853
266601	87.4022
362152	87.2651851522083
307740	87.2611608457
252960	87.1797
311909	86.4929
309957	86.3385
308624	86.2777071211406
360580	86.2133
360580	86.2133
360580	86.2133
307236	85.8737
24356	85.6936983726
498272	85.6161
308463	85.4253
311713	84.8673
299002	84.8258
309456	84.7905
360983	84.1437011155
117063	83.9394
171379	83.451
295620	83.0029
54302	82.8956
296083	82.8584
361057	82.7674
303016	82.5567089318
363445	82.4670565744
654517	82.0585
366126	82.0555
293692	81.3539
29358	81.3456
50672	81.0647
287477	81.0548
27080	80.5116
24253	80.4123
24253	80.4123
24253	80.4123
364052	80.2065
100190936	79.6621
316164	79.3235
24896	79.1073
24896	79.0235
361700	78.9478
688996	78.9032
303539	78.5483
116740	78.5208
25537	77.7171
366595	77.5004
306977	77.1681
24896	77.0419
24896	76.9277
252971	76.742
287367	76.5585
308690	76.5564
363984	76.3669
25611	76.1321
84016	75.760485953
679869	75.7003230481
296290	75.6346
295674	75.4592
29733	75.2835
306091	75.0806
25698	74.3968
102554884	74.3601683485
170698	74.1673
362733	74.110094791
362733	74.110094791
360571	74.106
293114	73.8776
84356	73.8123
361712	72.9245
303584	72.8238558664
171050	72.622496497
500430	72.6106
303185	72.2846
314417	72.23815
309165	72.207
307200	72.1072
304488	71.1168
296178	70.923
100192313	70.2022
365466	69.2065
291328	69.0710075408
304809	68.8939
29361	68.8052
361384	68.7134
301674	68.525106178
287768	68.2609
287768	68.2609
309456	68.0279
303336	68.002
303336	68.002
314224	67.7914
361627	67.4177835252
114214	66.3592
293173	65.7688
303798	65.5987
295586	65.5605
94204	65.3485
310638	64.9076
289717	64.822
500244	64.801
301458	64.7621
680717	64.2614
312440	64.2102
266761	64.1612
309255	63.9603
305455	63.7078
25583	63.5472
84600	63.5216476924
29560	63.2035
114590	63.122
311061	62.9743
316008	62.7372
26954	62.583
313409	62.2808
690848	62.1592
690848	62.0924
309217	61.7426
292127	61.7211
29642	61.3692
296501	60.6964
24239	60.4464
308283	60.3102
114906	60.3072
310261	59.799601075
310250	59.2534
25027	58.9876
29483	58.8648
29483	58.8648
29483	58.8648
29483	58.8648
140586	58.6066
686117	58.6063
295965	58.3535
53982	58.054717863
114520	57.2236
289185	56.9937
60447	56.5892
60447	56.5892
314785	56.2744462931
64057	55.9625
305317	55.8749
288181	55.4038
314633	55.1904
497979	55.026014878
313270	54.9962
292160	54.785
296349	54.6422
286924	54.3068
362788	54.1736
79223	53.8405657126
78956	53.599715873
292844	53.5198
298184	53.4674
315999	53.4125
500069	53.1139
362665	53.0904339136
300947	53.0629
360632	53.0224
313308	52.7710803264
309478	52.6866672646
304832	52.2918
294508	52.2223
295619	52.173
170704	52.0836
363707	51.9883884534
29657	51.9194
361879	51.5821
360520	51.4915
293704	51.3835
312952	51.2774
117553	51.0899
312849	50.8236
310764	50.8069
84488	50.1809085082
246217	50.0
302378	50.0
