315160	94.78665
287615	94.72480434777
362037	92.2251
65166	91.96234
312199	91.5456
64456	89.2775752331
360775	88.8785416243
81801	88.7943
310506	88.1500206937
293165	87.7371
24660	87.5851
305310	86.9885545403011
298487	84.95676822975
303010	84.3707
304053	84.15
25720	84.1327
56718	82.4468
260321	82.1966
29263	81.146
296545	81.0631
291015	80.0936
309008	79.5134
83532	79.0118742511
500244	78.6598716268
314157	77.8593
314862	77.232350196
300944	77.2266
291736	77.191238836
305123	76.4512
294809	76.424149405
289233	76.3014
307343	75.9721435981612
302864	75.2898666241
170902	74.9697
25479	74.8169
313598	74.759660992
171086	74.7329
498934	74.6123
310261	74.2885
294431	73.9835
116655	73.9808
116655	73.9808
361407	73.816
24415	73.325595894
64672	73.2101
84420	73.1276
25730	72.6433
296762	72.6201
306404	72.4507
308118	72.2255
191572	72.1366
500132	72.0821883987719
310086	71.9771
85265	71.6559
114514	71.2451
299625	71.1506
361845	70.4543446756
312077	70.1195
84409	68.7386031259655
353316	68.1933137936
498301	67.3109891142176
289353	67.14188148
316640	67.0783
289278	66.9386
79208	65.9730009622
499941	65.7394
24499	65.5962
259237	65.5816
500616	65.2595663903
24790	64.6715398066
367314	64.6614
307296	64.5969
24948	64.5256
363118	64.4019631954934
289138	64.3976
308870	64.2038
498545	63.5783
498545	63.5783
298792	63.4823
81811	63.3106
296121	63.1333
24807	62.6371
304208	62.601654256
291713	62.3779
286993	61.5854
302898	60.9142
300888	60.6645
24225	60.0261830354
24225	60.0261830354
24225	60.0261830354
24225	60.0261830354
24225	60.0261830354
24225	60.0261830354
24225	60.0261830354
24225	60.0261830354
24225	60.0261830354
24225	60.0261830354
498309	59.9970688320268
56817	59.9636
56817	59.9636
56817	59.9636
311327	59.7601
295690	59.7376501224
361921	59.6339
117284	59.401085038
689560	59.1535
171090	58.9485
25668	58.8919
315891	58.8758576792848
685472	58.3226127294495
140946	58.0809
363735	57.8623093312
362065	57.6837337152
25516	57.5304
363445	57.1441
303250	56.6638
313130	56.6477
307126	56.6409
25293	55.90815
25293	55.8935
25293	55.8935
25293	55.8935
25293	55.8935
309656	55.6558
366265	55.5797154276679
103693239	55.4869
288740	55.331
292156	55.129
316005	53.7964
302553	53.5712918477356
299104	53.3983
360926	53.0747
298024	52.5954744208
298024	52.5954744208
305831	52.5704
64827	52.4294
100361138	52.0067
116459	51.7443
293448	51.7361
497815	51.3466
29132	51.17
29132	51.17
360600	50.9476
315033	50.823074347
296372	50.7336906512107
308028	50.591
304109	50.5145
298288	50.2765744072
362866	50.0
293067	50.0
84402	50.0
58962	50.0
