680409	93.2263813687
363005	88.2558
317170	83.8401
291823	83.4644
24479	82.8098
64559	82.2667
299131	82.1213
306487	82.0749
311919	81.2144
59075	80.6788
501203	78.3315
309126	77.9573504659
304157	77.5627
361598	76.6876
304784	75.7767
499380	74.7808845244
84510	74.5609
364081	73.5762
171494	73.5146
25750	73.2143356285
362251	73.1254
303476	73.0054
365367	72.1782
85420	72.0123782104
365395	71.0641389914
114906	70.9797
25743	69.5771176035227
287638	68.8141
56011	68.7723
286995	68.6928
58921	68.519
246311	68.4181
295445	68.1318494116
25193	67.0028
25690	66.7002
25690	66.7002
25690	66.4402
307893	65.8073
84597	65.0271
679890	64.83
24533	64.4329
65162	64.0819
363985	63.9852
301118	63.3184
24899	63.0632
296488	62.5006
100302447	62.429
363026	62.0735
363026	62.0735
65168	61.5843
286973	60.5248
353316	60.3623
500558	60.3508
307070	60.1029
290995	59.1846
317268	58.4467
293847	58.4369394937
297419	57.944
361659	57.8731532805
289010	57.364
289010	57.364
289010	57.364
366964	56.0527
81780	55.9359
113919	55.7144
363287	55.286
25665	55.2653746954
25665	55.2653746954
289606	55.0829
290280	55.056837058
304280	54.8989167106
296461	54.7954
282581	54.5033
499660	54.2674
302488	53.9003
362165	53.801
498185	53.3391
287453	53.291
308028	52.9407498422832
361537	52.8782
297432	52.8252
306571	52.7787324802
299316	52.2533
79208	52.2489880735
361549	51.9841
309135	51.9242
59295	51.7887
296500	51.5273
29642	51.5127
117036	51.2413
80338	51.2222
309812	51.0484410766
293494	50.0
295293	50.0
500133	50.0
641316	50.0
