298280	99.847493933052
289934	99.2969183107209
362018	98.8688880596272
681059	98.6128382616161
291981	97.2627978934
117058	97.1009273155033
246245	96.87411
312710	95.8290661638363
24459	95.7646700289
292721	95.7164290589439
362165	95.6054122129
64394	95.0600374855415
117036	94.7741273703779
307649	94.6752430555386
24546	94.670110401334
310753	94.44144
314436	94.04689
84683	93.4860871758
294809	93.0579902406
291259	92.3955472437706
291259	92.3955472437706
291259	92.3955472437706
291259	92.3955472437706
114561	91.3013437120043
113898	91.21578
29640	91.04264
29476	90.7607852285268
84380	90.61369
308602	90.30923
360498	89.9116
303470	89.7372
64831	89.7269
83834	89.6413092236
79428	89.3089643236776
287961	89.1788535105788
361310	88.9003
300664	88.709466261376
311913	87.9348
362065	87.8066
303701	87.7598
690575	87.7329
29681	87.6563
499088	87.3431875751067
365024	87.0941432293
29474	87.0188
290551	86.8874
363545	86.7011
364052	86.543635860563
298098	86.5292829709715
29171	86.2839
302562	86.0665
116727	85.7058
246248	85.1954
58982	85.1700056221
361613	84.8224734704166
688785	84.7522140037
25152	84.6249971805583
362171	84.6139
29718	84.5494
311163	84.3360617850371
366957	84.1505
308337	84.0773551785233
306860	84.073943687216
289584	83.4996798679422
113938	83.2113866832
85248	83.2063
171093	83.0701575936
171093	83.0701575936
59106	83.0479181221
295341	83.0422
83685	83.0411
679787	82.9758906172
25744	82.8945418785767
113938	82.8655098805
291354	82.8532
303693	82.7393905632527
287451	82.3275
303700	81.881
288718	81.8313
113959	81.6879138919363
25689	81.6222
291848	81.567946525
368002	81.3004232713501
170751	81.2911484336961
116728	81.279911772
296117	80.9628
301575	80.7915809341571
29682	80.4314659954
303059	80.1879632128
25243	80.0575993300697
84686	79.5893800617706
308594	79.4684621947369
362867	79.4078773762
311559	79.048
360546	79.0048199229817
306000	78.9879
316077	78.9482
300092	78.7367
303547	78.580664581
315294	78.3715
155205	78.2337
367218	78.2231
367218	78.2231
25375	78.1573
246334	77.9931097555232
246334	77.9931097555232
25282	77.9794
690632	77.878378828
171548	77.6918814397874
361522	77.6742924772
298894	77.6512
24410	77.6146
304410	77.5267164014722
60422	77.3771
64023	77.3434097743
60582	77.3095
312952	77.2952946878515
361822	77.2797286952369
100362331	77.2299955784
308457	77.1578
313057	77.1482
296956	77.1207126003288
24803	77.0503016815891
291549	77.0497
303493	76.958912875
78974	76.8466167877359
297867	76.8353
680419	76.7127
362759	76.6934
171148	76.6809576750241
312781	76.5616360069
54254	76.475157325
360230	76.4015
366975	76.1324
54300	75.8805
315311	75.7056
315311	75.7056
315311	75.7056
361730	75.3952630349175
366697	75.2812774646
317396	75.1632537201714
309650	74.967201257375
296639	74.9201612662
315564	74.8563254668534
65171	74.8482
407784	74.8455
65274	74.807
291100	74.6712
312727	74.6675
29715	74.3958342952095
29715	74.3958342952095
29715	74.3958342952095
29715	74.3958342952095
29715	74.3958342952095
29715	74.3958342952095
29715	74.3958342952095
29715	74.3958342952095
29715	74.3958342952095
117538	74.3599995217
25648	74.135692941372
306571	73.9420025912304
310663	73.8516
83785	73.7299911462195
360202	73.467299696
294241	73.4545
315611	73.3927844017527
81916	73.2586576772
63886	73.1994
689399	73.1916
687208	73.1393800334307
360616	73.0962263475
100911796	73.0961821261592
100911796	73.0961821261592
299156	73.0475151804174
246215	72.8975902716351
24591	72.8713
311670	72.787062604
83825	72.6911
25356	72.4364428165684
24797	72.4166
309147	72.3376
303101	72.2899448093058
24338	72.2423771130949
307403	72.1804
302810	72.1595857138
311658	72.06283954
501854	72.0264
24167	71.9951981784504
24167	71.9951981784504
24167	71.9951981784504
24167	71.9951981784504
24167	71.9951981784504
24167	71.9951981784504
361700	71.880501496461
29713	71.544
114489	71.0945669428
432393	70.8923
295934	70.7574667836
360406	70.553567504
25046	70.3201
360632	70.3050710980859
25136	70.2858
314862	70.2537
24564	70.1537146597
291105	70.0001
289733	69.9975
362892	69.9091813860492
246334	69.6641007524328
246334	69.6641007524328
304294	69.660371494
363249	69.5840333930978
25014	69.4156
25266	69.3727
311591	69.3011602538474
361055	69.2575
171122	68.8438
311840	68.7908137176398
288762	68.7306331974
315346	68.6061
81922	68.5987875645083
25251	68.5809
25682	68.5637
363516	68.4773
84550	68.311162463578
100910940	68.2988
313512	68.291824371156
24564	68.2752740068
362110	68.2385
362609	67.9038
309639	67.8776376615
292008	67.8322784
366265	67.8056334757187
295211	67.6725
29307	67.6667819247998
294963	67.6474
363002	67.4474133664
311245	67.1303
171155	67.072
116695	66.9266612296
300689	66.9179
288264	66.8397
288264	66.8397
315338	66.7822796942
25751	66.6985698568
288779	66.179651893
301085	66.1725
307401	66.0926187274
294324	65.9106016178544
680549	65.67666294
680549	65.67666294
613226	65.4685722304
289237	65.0046
116595	64.9348370998507
246274	64.9279
311118	64.778
29504	64.7621
25183	64.485572688
304813	64.3863664289042
317418	64.353487096
312492	64.2651
83785	64.2339569853579
83785	64.2339569853579
83785	64.2339569853579
83785	64.2339569853579
83785	64.2339569853579
83785	64.2339569853579
83785	64.2339569853579
83785	64.2339569853579
83785	64.2339569853579
83785	64.2339569853579
83785	64.2339569853579
83785	64.2339569853579
366142	64.1727085811702
292100	63.9865905744919
500690	63.7515334694
313520	63.6858
29278	63.5037269850842
25343	63.4426
316019	63.4371
79116	63.4332
29138	63.4226121901456
497878	63.3209
63994	63.076
63994	63.076
114559	63.0136136320468
114559	63.0136136320468
116548	62.8397
25012	62.8279
25012	62.8279
25012	62.8279
308322	62.7579499033561
432367	62.7437
84379	62.6342
498206	62.4484
312711	62.4471967024049
84008	62.3195
63994	62.2447
63994	62.2447
313672	62.2171305238328
311505	62.1945139148946
296390	62.0457
304522	61.903655104
498256	61.8965
297432	61.7344300606
100188944	61.6764351316
100188944	61.6764351316
288701	61.6666
171052	61.568
310769	61.5272
362704	61.4646119088
315644	61.4413
24172	61.3423594712
305477	61.2860322842649
116491	60.9676
252919	60.8885
78965	60.8778
56817	60.8667139593
56817	60.8667139593
56817	60.8667139593
362393	60.6986
685232	60.5196
260323	60.2442286435082
266777	59.6789513587253
291470	59.6562
305438	59.5848311818
25051	59.5679614998748
362911	59.4787
315664	59.4306
305246	59.3393
291605	59.2434
24171	59.038453031
309207	59.032089952
29393	58.977
29191	58.9617
360887	58.7893
317382	58.718410267
300095	58.6423
260323	58.6243590376487
170670	58.4323
361002	58.4216
171495	58.2699
296293	58.2572
301363	58.21760757
305571	58.189800681
25725	57.9995276818
140860	57.9584046385
404781	57.954172872405
100361376	57.6237
79208	57.4189639015628
84599	57.3959614422
83535	57.2849241755606
360673	57.0976
306862	56.9586
312694	56.9129
360548	56.888211553
360557	56.8846720497126
170673	56.8515
303493	56.748204397
25693	56.5086
303353	56.5075
687147	56.4932
687147	56.4932
252929	56.3819
54276	56.2484599132
24816	56.2207
641316	56.1769547508852
29694	55.9377
100158223	55.9175899177
29633	55.8852
299618	55.8169520546
690195	55.7918
171114	55.7744931522
171114	55.7744931522
171114	55.7744931522
171114	55.7744931522
362118	55.5481
303592	55.4852
24223	55.4625383548
65196	55.4159143624042
117103	55.3514
58958	55.3210576458
117278	55.18693189
116694	55.0800517999
303068	55.0421
117186	55.0066
306647	54.985
63995	54.9838852145
83466	54.971148730563
306400	54.9415828460788
308106	54.9302
25745	54.533
24716	54.4807
65081	54.3872
50563	54.2809115408
367090	53.9557
292124	53.866
361018	53.82055
294380	53.7962
303653	53.7946903468
24791	53.6337
60351	53.5853
296395	53.5645441654
171494	53.5337194435
314847	53.4138444182176
292657	53.3431
25628	53.2461650564104
295384	53.1232910716
83825	53.0167873940602
116690	52.8344262676
116690	52.8344262676
116690	52.8344262676
116690	52.8344262676
288753	52.8016
29515	52.5360817886
25743	52.2969614294492
293692	52.270689798
24888	52.1946154111149
24888	52.1946154111149
171384	52.1624371519
305941	51.934981712
313539	51.7991
303690	51.7304
303690	51.7304
365227	51.6705
291841	51.6031
293950	51.5981794485
29673	51.4757
304741	51.4132335063446
50663	51.3807
296973	51.2927057796469
65168	51.2871066625
64001	50.9969
81521	50.8222
297437	50.7388
297437	50.7388
315160	50.7336510402
59317	50.7001891488
65183	50.6699
24504	50.5908550355
29424	50.5883
313391	50.5828
316620	50.5672
294513	50.5590116285699
60447	50.4778529928
60447	50.4778529928
24842	50.4639982666
29362	50.4322866497118
64559	50.41851751
360967	50.2378131490617
85497	50.0247375137
171075	50.0
252922	50.0
289229	50.0
308100	50.0
171075	50.0
689852	50.0
362591	50.0
64226	50.0
303250	50.0
