361242	97.08515
288595	95.76529
29542	95.7077
303630	95.286
360990	95.08849
360823	94.27546944535
114906	94.14768
500131	93.80789
24400	92.82979
310552	92.37797
499617	91.61085
361769	90.9779
299201	90.67963
25125	90.5619229565534
25690	89.561362162
25690	89.561362162
25690	89.2621569392
65131	88.8756252132
298748	88.4567
25492	88.3555
362738	87.9029
314205	87.4632
311224	87.3091
303016	87.2148124967
298787	87.0848
29434	86.527
94201	86.3979
170911	86.2206
50659	86.1441
304157	85.980928219208
302898	85.9248
64440	83.5517
313053	83.1086
24180	82.7967
300228	82.6371
361634	82.5655672954
304758	82.3619
64369	82.2289
367218	82.1138
25628	82.1029
25301	81.2581
64559	81.2206828021
679712	80.8138
361843	80.3831
499561	80.0107
310392	79.9784787775
84609	79.9061
362489	79.6082
246262	78.7938
361504	78.6442726459
25026	78.6142
294674	78.360147278
311856	78.3021
362246	78.2448
315891	78.168
287989	77.3173
54278	76.9528
25406	76.642
25685	75.7794
307271	75.7088
498089	75.378
362295	75.1014
310207	75.009398112
306998	74.9141
306998	74.9141
312863	74.742
29695	74.1836
306375	73.6241
290744	73.2127
360956	72.4061
360956	72.4061
360956	72.4061
500638	72.1853701312
84410	71.7329
304791	71.4460242412
25521	71.224
291085	70.7928
245956	70.7903394761
313385	70.7389684832
317399	70.7259190144
25255	70.7115
361549	69.9913114264
365748	69.6612
24943	69.6534
289736	69.573985645
289138	69.5696
301617	69.5321
300455	69.2439
291403	69.2002
295401	69.11
307106	69.0351
288108	68.8023
24808	68.6764708054
309126	68.2714
302470	68.0843605456
361675	67.1114
310681	67.0187
366734	66.6126
171126	66.426
308282	65.3903
24768	65.1006
83824	65.068
114205	64.7992848096
304055	64.3215
367218	64.1679
501158	64.0718
171128	64.0123
681024	63.7734
289859	63.482
288108	63.0986
361959	62.9441
24414	62.9019
299949	62.2938
309858	62.2281206497
314862	62.2228
116554	62.1411
309035	61.9224
302993	61.8811
24414	61.711
192109	61.5923
266611	61.413
289993	60.9986
303926	60.7067
170699	59.9443
305826	59.5206
312651	59.2336
64124	59.1192
500616	59.0053
654517	58.9355
493810	58.4933
192270	58.4774
287299	58.4461
315806	58.0358
29454	57.718087528
311129	57.6798
24298	57.5233
301337	57.47
294963	57.382081698
29232	57.2339
94268	56.8087
312927	56.6991
83469	56.2542
313220	56.1442
171121	56.106
691429	56.0638
84550	55.8963399259944
29362	55.6285
287745	55.5629
306562	55.401
500526	54.9011
307449	54.8463
170905	54.0667802924
364388	54.0139
25757	53.7203
29702	53.4745
310348	53.4392935026
307859	53.4265
309871	53.0905
24170	53.0736
79208	53.0574924494654
79210	53.0352
83626	52.9279
25356	52.8336
288743	52.5872
266601	52.4647
54705	52.4
54705	52.4
311591	52.3724
246334	52.0487
246334	52.0487
282838	51.866272283
500036	51.8013
117556	51.6824
246334	51.5911
246334	51.5911
25041	51.5626182544329
315134	51.4409285188
171459	51.4116
641521	51.2845
310461	51.1041
309630	51.0908879408
316638	51.086269777
499745	51.0826
140720	50.9752
116544	50.9131
24881	50.8209
24255	50.6599
313811	50.5363
296129	50.5117
304813	50.4241288838
300649	50.0
691947	50.0
