314850	99.9435342321788
432358	99.5500581986929
289400	98.86546781856
25289	98.16837854622
25289	98.16837854622
365699	97.51539056064
298944	97.45103718124
60465	97.38082212516
25230	97.27093261104
25230	97.27093261104
310306	97.10679324475
302396	96.9807643109463
304729	96.9371140732
29344	96.891213004
63837	96.88306
63837	96.88306
306647	96.76896895168
306548	95.83893
25677	95.76098
50687	95.43513
308118	95.3830303534
81708	95.09432
60447	95.052078356
60447	95.052078356
295934	95.0108
25694	95.0025902228
29528	94.98839
406164	94.9688084073901
83788	94.7644973291329
83788	94.7644973291329
83788	94.7644973291329
679869	94.75326
361567	94.7507
299738	94.62877
25690	94.3080639087064
25690	94.3080639087064
366872	93.96232
302473	93.91322
308988	93.88061
680445	93.87083
362918	93.5862867416
171447	93.52728
171447	93.52728
171447	93.52728
171447	93.52728
171447	93.52728
171447	93.52728
171447	93.52728
100360066	93.51207
361251	93.13024
25104	92.95464
314288	92.92397
685072	92.7990000894
685072	92.7990000894
363024	92.725163647
290527	92.71068
84480	92.69352
314993	92.4436478264
363136	92.32090976057
290567	92.22909
361555	92.19639
259237	91.9829937247
308000	91.92235
361986	91.8560611027788
304290	91.53296
315272	91.42342
300120	91.4099279196
360698	91.34435
362481	91.3363314985
553106	91.3118900984
294515	91.24164
140924	91.0593703146
25094	90.9944858712
294400	90.9005014870301
304286	90.8615817492
83834	90.85567
297486	90.8441495755
361800	90.48505
365382	90.108307533
25690	90.066666889399
84426	90.05391
316916	89.9312
297995	89.9306
314862	89.8034
619558	89.6743
65196	89.6255995115231
171119	89.5994
303659	89.5871
81718	89.5239
303907	89.5191
24948	89.5027
79120	89.4343017016
360980	89.2174881765769
314964	89.1428601044
295401	89.024700392
64020	88.9244
25696	88.8978
64551	88.8975
292406	88.809009457
315806	88.787734975
364681	88.6911286726
50993	88.690626526
497991	88.2739
315958	88.1272834755
25671	88.1
309651	88.0091
299979	87.899632672
246326	87.7642
50672	87.2857
361676	87.1885
291309	87.1752
54319	87.0412
689917	86.8803
50622	86.8206
296956	86.8128876067495
361030	86.7833
309722	86.7174
691947	86.7133573874
361057	86.5945
29650	86.5447
293546	86.530609771
362013	86.4987
299909	86.3565
308831	86.3428
290794	86.3114
293960	86.2551
25565	86.0631
64665	86.0016
304055	85.8222
85241	85.8079
291610	85.4938
361668	85.032626746
171120	84.9561
25433	84.6221166135
292148	84.6071
300173	84.5832986404033
306204	84.5558
309901	84.4862
301345	84.3983136109
309871	84.3918
58823	84.346
313488	84.2569
312703	83.8006
29271	83.7649
295251	83.7559
287571	83.6853
170851	83.3182
25267	83.212140568
29748	83.0910624325
687147	82.8523493425
687147	82.8523493425
298012	82.7121
117029	82.7084
313481	82.5784
29398	82.5291
291921	82.0045
304495	81.9554387597736
298280	81.9095
64634	81.8541702678
257648	81.8285
64314	81.6476996604
301618	81.6388
83572	81.562
295922	81.5148
295922	81.452
300472	81.25
313594	81.1582
295325	81.1311
50566	81.0864
361055	80.9005
114490	80.9
299197	80.8503
308028	80.7384
25450	80.6559
295027	80.5325
102554884	80.4563
296578	80.3396
170842	80.2453
287361	79.8915
361167	79.8588
289229	79.7435
498130	79.7244
266780	79.7178741247685
303601	79.6617
64015	79.4411
313742	78.9957
360725	78.8567
304923	78.8293
100233213	78.5026
362501	78.3961
64043	78.1946
25444	78.1543
81504	77.765
314214	77.7189
300886	77.6057
25308	77.4353
29311	77.2985
362700	77.2858
361577	77.2166
365024	77.1331
361439	77.0493
116487	76.9782
308061	76.8533
24346	76.8363
361833	76.7654
291352	76.6743
100036765	76.4556
306183	76.3947394635
293976	76.2903
367242	76.2580918333
689364	76.252952887
363140	76.1959
246116	76.1415
367316	76.0476
690911	76.0227
362713	76.014
690853	75.9004
292124	75.7839
360478	75.7418
287299	75.6847
65134	75.6551
60423	75.3742
312678	75.261776468
290834	75.1546
682507	75.1483
25629	75.1447
140720	75.0123
305691	74.9618
60325	74.9003
24252	74.7695
24252	74.7695
24252	74.7695
24252	74.7695
360920	74.7097
156767	74.6904
680021	74.6647
360678	74.3445
308971	74.0726
296603	74.0313
25390	74.0078176114
366595	73.8579
291908	73.7674
306562	73.6579697880782
686611	73.4530056696
686611	73.4530056696
293627	73.4507129533
315740	73.2233
29456	73.1874
317343	73.0944
25255	72.9272
316344	72.5129
288239	72.4088
84482	72.3967
305571	72.3252
286931	72.3005
79426	72.1281
266730	71.9786
312728	71.7246
362246	71.667
300235	71.6551
361554	71.5462
25083	71.3194356735512
360720	71.1529
299923	71.0549
276720	71.0438
117544	70.815
64536	70.6967558704
94273	70.6516
361309	70.596
361845	70.4691
301119	70.4405
294948	69.9383
290396	69.9258
116551	69.8316
288583	69.8155
313594	69.674
307820	69.625037824
362303	69.5941
310392	69.4982
25096	69.4779
64551	69.0741
502988	68.9896
65205	68.9052
306459	68.9030297767
315655	68.9028
140922	68.7274
50658	68.7177
50658	68.7177
302369	68.6011
311020	68.5318
311204	68.4331
58812	68.4024
117538	68.3723
116665	68.3429
54287	68.2774250083977
306630	68.1007387448
294207	68.0354
93667	68.0172
50658	67.9991
25668	67.9309
304900	67.3327283637
25262	66.947897602
26295	66.3731
297508	66.2908
25498	66.2707
308266	66.1204
79223	66.0063
680668	65.9909765856
24261	65.6896
314212	65.4354
25603	65.275722548
29705	65.054922298
117520	64.9232
316064	64.8948
85497	64.8427
24224	64.7985
681033	64.6808
315000	64.4346
303754	64.2657
29416	64.1461
297593	64.0647
79119	63.8567056086
64826	63.6826
310448	63.671
29641	63.5398
500972	63.5306
29448	63.4262
300901	63.4124
300901	63.4124
498728	63.3846
360726	63.3811137841
362665	63.3507
170911	63.180906934
25318	63.0007
85238	62.936
298544	62.735
363285	62.5781
310378	62.5467
24482	62.4345
24482	62.4345
24338	62.2662
84357	62.0654
65276	62.0575
24482	61.9323
24482	61.9323
114764	61.8834
362295	61.7366
362185	61.588
83765	61.3144
192126	61.2451698596
29743	61.1513466436
312936	61.0333
298377	60.9416
309002	60.805
688785	60.7141
64028	60.1614
29592	60.1167
116675	60.1025
362154	59.8918
303272	59.6716
287523	59.665466299
24716	59.5218
81659	59.3643
499617	59.1436
363599	59.0042885329
310506	58.8026835482363
24695	58.7902
24413	58.7719
313241	58.7688
369016	58.4545
497974	58.4266
25262	58.368853681
25262	58.368853681
310785	58.3338
360956	58.3241
360956	58.3241
360956	58.3241
316395	58.205
303902	58.04
65261	57.7761
317407	57.6158
317576	56.774459356
361073	56.6825
361508	56.6107
78956	56.5274
500200	56.4955
291180	56.4372
309081	56.3384
304063	56.3131
171159	56.272
311591	55.981
58942	55.9308
307343	55.7427617488394
94272	55.5562
117101	55.4904506311
315439	55.438
363516	55.4267832742
29500	54.922
363462	54.862
306424	54.8139
25152	54.8120287036
311730	54.7637
501095	54.7539
305679	54.697367755
64862	54.671
304315	54.2926
314855	54.0123635117611
64042	53.8904
303753	53.6542
317435	53.6284
64630	53.203
25566	52.9511
291078	52.7491
288353	52.7152
29279	52.7075239769
315939	52.6679898671996
171552	52.6632
690195	52.6624659806
100188944	52.611
100188944	52.611
287532	52.5581
25177	52.3846
25177	52.3846
81516	52.3488
24768	52.1966
24251	52.1324
84551	52.0258
24916	51.8600586889989
311215	51.684810273
289623	51.6141
310261	51.5164
192361	51.4185
314157	51.286345759
301085	51.2069
302711	50.9308
291129	50.8496
362160	50.7754
303068	50.0
304000	50.0
310667	50.0
24796	50.0
290741	50.0
500199	50.0
313033	50.0
305497	50.0
