25358	97.45291784895
690043	96.58623038488
24782	96.179559076
246282	95.5736853415
288937	94.9657
170641	94.66303
315524	94.01309
296467	93.73339
24611	93.34745
304784	93.2209
309217	93.04741
64469	92.513916118
58857	92.37208
298500	92.2058001889941
303478	91.7811000905
24225	91.4795531119769
24225	91.4795531119769
24225	91.4795531119769
24225	91.4795531119769
24225	91.4795531119769
24225	91.4795531119769
24225	91.4795531119769
24225	91.4795531119769
24225	91.4795531119769
24225	91.4795531119769
261736	91.2860755196
81738	91.2382
687694	90.88463
363474	90.39081
300772	89.9998
24609	89.116
24609	89.116
64527	88.6302
303394	88.0797044196
306197	87.2096
29131	87.1918
24924	86.9486
295704	86.5259
294753	86.3455
294410	86.3253
171136	86.0538398914
363836	85.7694014464
299159	85.2331
298874	85.0944
84396	85.0342868910086
362485	84.6389
117034	83.428
361879	83.4252
117272	83.3291
360801	83.1554831512
304244	83.026943276
307861	82.8337
302808	82.3896
25496	82.1475
360602	82.0419
84383	81.3792
307124	81.352465955892
100158232	81.2498084974
362751	81.0882
313155	80.5313
114764	79.6107910774
89843	78.8982
304791	77.8303
313861	77.8081
315439	77.676780556
288025	77.5448401889756
289036	77.1383
25523	77.0904
313352	77.064159328
315716	76.7189685635
309548	76.351
289125	76.1734
260323	76.0323
303181	75.8945
300866	75.8741381686
299138	75.7488462808
432367	75.6615
79463	74.9247
307820	74.8318651228
309514	74.8082862698
63882	74.6182
302697	74.4972448773248
294809	74.487
29354	74.4121
293671	73.8274
310506	73.5850448982769
306619	73.5089
310877	73.4814
361063	73.473
308473	72.6657
290975	72.5325
24771	72.4852002348
29665	72.3747
57027	72.0248
365984	71.4523
314785	71.3168
500116	71.0988
259273	70.6601
192270	70.1832
192235	70.1165
192235	70.1165
310753	69.8319
291610	69.752760863
310772	69.7257
304005	69.6276
361466	69.6224
310720	69.5942
364681	69.3020339608
83518	69.1617016851
360990	68.8302
24546	67.9888
296478	67.963
260323	67.7703
116839	67.0427
192359	67.0038
298517	66.9622139968
25589	66.8895
29619	66.8747
296293	66.7724
362956	66.7695
192178	66.753082498004
301020	66.2298
294680	65.3597
100302447	64.9527
286905	64.5643
85246	64.48489825
310399	64.2935
293505	64.0967645044208
117538	64.0572316154
314330	63.6773
94188	63.3495
192359	63.3241
303803	63.2457814522
64530	63.0701
312706	62.7327
306548	62.6507
311857	62.3955
292671	62.3053
315665	62.1898
315722	62.1153
294010	62.1089106184
58958	61.1983
361783	61.151
308717	61.1012
50549	60.9535
365751	60.9287
300173	60.8471
24547	60.4385
289740	60.2928
293967	59.7086767222295
361181	59.2063
301622	58.8084
296480	58.446
25159	58.3509
83572	58.1568
252860	58.0874
360796	57.8753
306204	57.4208718144
680549	57.0892476066412
680549	57.0892476066412
140943	56.7129
64558	56.5245
291553	56.4143
304741	56.1929
64457	56.1453956067
64457	56.1453956067
64457	56.1453956067
64457	56.1453956067
64457	56.1453956067
64457	56.1453956067
362550	56.0404
170588	56.0079
315689	55.9094
361226	55.8536
292999	55.4301
300652	54.8025
500244	54.681827179
116653	54.5293
363735	54.4787412278
360600	54.4011
288719	54.1296
296461	53.7572
84575	53.6641707878
691209	53.4688
24949	53.3428
298189	53.2797
58981	52.8652190386
83792	52.8293852667089
308097	52.7544
171093	52.7131
311437	52.6311
303511	52.6199321426
24949	52.6007
309136	52.4643
282585	52.1103999016
315119	52.0444
246279	51.9487831524
246279	51.9487831524
299197	51.761
25031	51.7452
305811	51.3313
54278	51.1261
362018	51.1108
309456	51.0501269161644
309456	51.0501269161644
362520	51.0219936425
306587	50.8931312063
306387	50.6645
310749	50.5871557682
113931	50.0
79120	50.0
305269	50.0
309544	50.0
298452	50.0
287638	50.0
