64678	93.9107243251
298541	93.55845967192
303836	93.31027
60563	92.3027974728
29173	92.29607
304947	92.02814
308537	92.0000423245248
25403	91.8415305976
25403	91.8415305976
25403	91.8415305976
65135	91.60747
116663	91.19523
304947	91.07189
287615	91.026597632
360834	90.6441932231
295252	90.28537
306013	90.0014959952
308821	89.7352
25478	89.122049833
25416	88.8104758201
313598	88.2546
79428	88.1869074585
114514	87.7324272928
170900	87.2473
498003	86.9209652963083
94267	86.8182
294043	86.5378097
314647	86.5311569128
362018	86.22945496
25577	86.1376720062
360468	86.01822190148
116563	85.8675
100361133	85.4327
312952	85.237
83726	84.9794
305171	84.9632
313507	84.939936949
25306	84.7477
58961	84.6893482721233
294806	84.6358929766
690528	84.2559499615
113975	83.8572302016
117544	83.6926
362049	83.5980630834969
295686	82.8827
307206	82.1956904852
312258	82.0293
501195	81.6275027422
432358	81.5766
116506	81.4131
116506	81.4131
304104	81.3938
60660	81.2439
444986	81.0198150629
298091	80.1751843264
313743	79.900938781421
302811	79.8556
311721	79.7234661296084
24210	79.4022
83514	79.3165712159155
302415	79.2609
60430	78.87835
362813	78.6477
362813	78.6477
24954	78.1139
315711	77.3765302388
353316	77.0826
308971	77.0759371108
500921	76.9641
81507	76.8227
25608	76.7275826464
24398	76.6902
304763	76.2723
500037	76.2714553855
654495	75.9087
246334	75.5825
246334	75.5825
314388	75.4667
308652	75.3915
246334	75.2847
246334	75.2847
295543	75.2431
27256	75.2421
314388	74.8856
300129	74.5116032816949
310630	74.3840746468
58961	74.3184156517125
304218	74.0518
304218	74.0518
314713	73.2911
307271	73.0752547858
303991	72.8421318888
24215	72.6299
316330	72.3093380051113
60466	72.128261905
310461	71.9391
304741	71.7956373217606
171296	71.4408
116493	71.2454152862
65045	71.2027
24790	71.0929607789
25531	70.9985
282844	70.7481
311384	70.4533
29618	70.424
171142	70.3714
291840	70.2136
25518	70.1632
305468	69.8978
29628	69.7766
29628	69.7766
313241	69.6519
363425	69.5033
83522	69.4345
311857	69.1713976241707
361338	69.1693
114029	68.9046
307200	68.8565
316482	68.7761
300659	68.7328
54264	68.7258
360602	68.4418
688174	68.422847368
24783	68.4084035188
24783	68.4084035188
117096	68.3736
64314	68.3460078224
287441	68.3033051651268
500077	68.1811
24831	67.9386
24831	67.9386
140583	67.580688712
83833	67.562102216
303790	67.19
361986	66.5845788863875
287716	66.5663
25125	66.5063
310677	66.2107070834827
308692	65.9344951462
24963	65.8860751839
498089	65.7698
25391	65.7479
365755	65.6061
300253	65.59315
311785	65.3887
316325	65.3812068749918
363062	65.3101
407765	65.2905866242
307855	65.2871413351
306809	65.1756
140720	65.0433
313742	64.9599
304833	64.9188
499870	64.7534
257648	64.7339
304315	64.4588
170818	64.366
304378	64.2515971728
305471	64.2411
192260	64.1569210283
362960	64.0607
690966	63.9063
116482	63.7689
300948	63.6294
289515	63.5918040143
362061	63.591
361065	63.586
114090	63.4598
170551	63.2838113496
292462	63.2519
288271	63.2308
360860	63.2134
306809	63.2065
305428	63.1208458655
29500	63.0851
29138	62.9237165968
362817	62.9233564962
361843	62.7823988992
499933	62.6348
308864	62.6332
363135	62.4877
79218	62.3993
313429	62.345464783307
54302	62.2731
54302	62.2731
360533	62.235918085
500874	62.0004118054645
309165	61.9148
309051	61.6151
116600	61.5015
298655	60.8682
24499	60.574
364785	60.5137
116666	60.438
114557	60.0106
24329	59.9232
287974	59.8354
685144	59.5180827376
84006	59.410053122
315833	59.311368107072
29482	59.23894519
289046	59.0163
289046	59.0163
362220	58.85485
25288	58.7636
116590	58.7125470694269
310207	58.7067935188
366432	58.7044347058
315670	58.6421
299857	58.4056
295384	58.4050754555
298705	57.8518
303132	57.76638286
303511	57.6191
24617	57.5935642626
25746	57.5308822345
289584	57.5154
311437	57.483298930164
316023	57.2571
192362	57.2034
24258	57.2006887219
84401	57.104
303586	57.0385
690585	56.9996
25643	56.8847732164
309136	56.8577372462
315439	56.7992770346
305835	56.787
29663	56.7633087808
100158233	56.7563757497
24917	56.6842
79559	56.5689
25615	56.4267
50658	56.391358852
50658	56.391358852
366508	56.331
305317	56.245219037019
361700	55.9159
60334	55.8947
266766	55.8933
50658	55.8770667319
298189	55.7309
170908	55.6928
291736	55.2810199885568
140923	55.2390005769
498650	55.2208242862
498650	55.2208242862
171438	54.4736885158
58948	54.4487
362826	54.3863
282832	54.2581
24377	54.2483
54297	54.0877
301388	54.0311
314621	53.8973841484
282584	53.6526
85246	53.6242799149893
25054	53.5875
499669	53.3309
289312	53.3225
317335	53.2599
287408	53.2137
310698	53.0247872539
361688	53.0096
363577	53.0079056259536
252941	52.9823
25066	52.9571
362779	52.9507
296608	52.9105
25743	52.9025323584069
191569	52.8553
317576	52.7846
287212	52.6731
100362554	52.534407540909
362002	52.4669
296200	52.4511896068
63886	52.4167875405
29640	52.3615634581
295647	52.2560074648
116647	52.1646
155183	51.9892
64358	51.9647
298652	51.8626
310698	51.626602193
361550	51.5956
29741	51.4941
313471	51.3955174432
64531	51.387886153
305471	51.3158
313409	50.7870161716
313061	50.6678
303356	50.6215
25362	50.3367281634593
25362	50.3367281634593
363519	50.3093118256
155918	50.2809338508
100233213	50.150329492
25367	50.0
296751	50.0
25367	50.0
114108	50.0
25367	50.0
25367	50.0
259226	50.0
