309729	96.15494158192
50554	94.96214
290467	92.17518
170843	89.6639
25196	87.5575523812212
362809	85.9895
171136	85.8161
29448	85.3792024379483
59299	84.3439
368042	83.3459
81715	82.2165
314423	82.1903
314423	82.1903
289584	82.0764
60382	79.5426
83825	78.0789
306860	77.0711415337992
117514	76.8408
64194	74.3134
24370	74.1253
291962	70.832
287392	70.7341
25162	70.5641
315600	70.4324
303101	69.601
60395	69.3854
24521	69.3062
24521	69.3062
24521	69.3062
24521	69.3062
24521	69.3062
362018	68.6308737515
498112	68.6188
83726	68.0077
303076	67.1815
295053	66.8448
140734	65.348428888
315158	64.849128526
307526	64.2152
308015	63.4192
309361	62.4133
116744	62.2891
315427	62.1259
314459	61.8001
140656	60.9631
313575	60.7009925294916
301374	60.395
114496	59.9568
282832	59.9523
363064	58.9916
24888	58.7352
24888	58.7352
306825	58.7215
293056	58.4684
303564	58.3048
291259	58.1719
291259	58.1719
291259	58.1719
291259	58.1719
683512	57.7527
304816	56.6185
499991	56.5211
361724	55.5502906099014
296229	55.376
294732	55.347
84478	54.1988
361550	53.4825
361760	52.8576
500430	52.4903
291180	52.396
29234	51.8501
29745	51.248
304608	51.1362
25356	50.686
117264	50.52782257
300652	50.495420216414
276720	50.20023556
296315	50.0
364786	50.0
58813	50.0
84488	50.0
304012	50.0
