117280	94.87648
64475	93.43097
679713	92.95129
690987	92.5791107732151
293056	92.36371
24189	92.16154
25648	91.1805001155571
314417	90.8828
362550	90.75888
289311	89.5298
362851	88.4519332588
362942	87.5804
25405	87.4036
289264	87.1423
282634	86.9133
81744	86.5376984109
311355	86.1037
307820	86.0313
363985	86.0301665569119
24189	85.1372
24189	85.1372
313058	84.7618
257649	84.4541
293344	84.3692969468
83709	84.1983800152
309207	83.7670402537806
298606	83.6747567104
364678	83.4089
25650	81.4733
300948	80.955
25579	80.4094
81746	79.7172
289608	79.5605
317312	79.1802
85264	78.9621
502988	78.8062
312915	78.5252
94272	78.3129
170818	77.7623
315093	75.84
313914	75.7043
83497	75.609
296653	75.5454
192204	73.9093
360833	73.4648
24246	73.4151
311903	72.9048697147
117036	72.872
116723	72.6658
305880	72.0973
361527	70.9701
360540	70.9224013162
192245	70.6562054947
304900	70.1974
24781	69.738
500485	69.7033
685909	69.679201098
311429	69.4226
311437	69.0814
287474	68.0005
304920	67.7186
305438	67.5159080597
79011	67.3874648968
60568	65.9973
691209	65.6241
25682	65.4982095835
316164	64.9406
83515	64.8634
362220	64.8415
60582	64.7918
155812	64.3138
498411	64.1813094578922
54315	63.8559
363002	63.348111685
361103	63.2172082368233
289584	63.2043
305311	63.0012
29692	62.924
291952	62.914
25651	62.8735
303605	62.862
84550	62.74043094
685244	62.332
302421	62.2646
497978	61.745
362665	61.5325
192189	61.5161
114764	61.4413
310785	61.2724
252833	61.2558
117185	61.085
24335	60.2525
305846	60.0656063808
316539	59.9927
300674	59.9212
58954	59.6878
298384	59.5717870714
50558	59.2356
313339	59.1650599828
362246	58.9154637376647
312912	58.6312
64203	58.4618
304342	58.3204
298598	58.0696709554
79239	57.921266115
79239	57.921266115
316211	57.8488965226
363412	57.8220587
295378	57.7094
245956	57.704008591
406165	57.4645057277828
29430	56.8087
313838	56.6095
303828	56.378779743493
24772	56.2909
300341	56.2829
311478	56.2666
360491	56.2183
24852	56.1977
170906	56.0375
24318	55.6878790854
303565	55.2603
24874	54.91420158
306571	54.4935
683570	54.3786027314
29213	54.3609
60394	54.3252
311825	53.858
296583	53.666
310677	53.0689
289881	52.7117
79107	52.2293
303604	51.944300607
84475	51.8145
361755	51.6619
361598	51.5708817885
298518	51.5372
306013	51.2350416403788
312890	50.8214985048
25054	50.7647
25033	50.7562622848
29218	50.0
299638	50.0
304000	50.0
29144	50.0
