294018	97.7973
25579	91.97116
689364	89.735777473
307740	89.232
292994	89.0061
296048	87.4115
295394	87.2669
304410	84.3814
24655	82.5689
24253	82.5371
24253	82.5371
24253	82.5371
691431	81.51
304881	77.708
301634	75.1013
361831	74.7068
315000	74.5234
297804	74.3281
688790	73.0895
297930	70.3231
311024	69.7753
303602	68.8962
317274	68.4524
65169	66.0402
54305	63.8836
360896	63.6288
298848	62.835
64044	62.5402
311311	60.2271
65196	59.5843
361688	57.5508
29647	57.3897
25532	57.1382
305972	57.1246
365380	56.8506895056
306222	56.634
308598	55.7485
305171	54.691
25157	53.7173448024387
288602	52.837
305443	52.4977
24215	51.3733
100359829	50.9439
361118	50.0
