304277	98.0630159910234
311165	97.7455943430201
310399	97.73146547278
303353	97.3119496218054
362665	97.1967018022
29158	96.46019
313981	96.35213713876
287452	95.90643350914
29715	95.00514
312372	94.9512055402
79428	94.836935235371
306790	94.22795738172
29715	94.05607
29715	94.05607
29715	94.05607
29715	94.05607
29715	94.05607
29715	94.05607
29715	94.05607
29715	94.05607
308939	93.89403
288108	93.71346
307526	93.4345993857021
316640	93.0179935268075
685144	92.77438
29502	92.67218
308718	91.60881
292328	91.5767
499194	91.23616
288105	91.0974784094928
25128	90.7831030952
309157	90.7364417972749
288108	90.63747
296624	90.480037770187
312727	90.117308545
309126	89.9058197768535
685425	89.5129
85243	89.303
314630	89.1728555628
361503	88.7704737936
25514	88.6091836299
289733	88.0669865824
308870	87.9350543515
306549	87.7168
304601	87.6898978057
116501	87.5450390458
116554	87.3275730871541
362557	87.1664
365755	87.0043723051209
25391	86.756797213
29336	86.7355809464
60563	86.6475
54300	86.6163975720383
25041	86.609343991293
363412	86.5522072392652
360605	86.3979
311856	86.3136837144756
311658	85.889868097701
297109	85.5749
296312	85.5561
29750	85.3149
83683	85.2117857728
24832	85.1967008246869
303259	84.802081912
363002	84.6031874848
307907	84.305689084
29645	84.2359661875
360872	84.226
84010	83.6083540677089
311901	83.5003
94203	83.1734191424
54292	83.129
26760	82.7882
171129	82.7334
81613	82.5727064526
313729	82.4462
25369	82.33996022981
246771	82.316081228
81613	82.3023297148
81613	82.3023297148
500709	82.2331
81613	82.1218356064
360480	82.1151660730312
360570	82.0004194931311
292139	81.7246760212
688283	81.7178169403934
362813	81.6077
362813	81.6077
303547	81.5934020419223
116721	81.2595
290668	81.1924512574213
306081	81.1752
63852	80.9373
300027	80.9108641758
362403	80.5767
252919	80.0804317671398
304488	80.0649384808
192260	80.052929305
113990	79.9591
294993	79.8476
304410	79.724646306982
252939	79.649926123
311123	79.4863
300711	79.186
116590	79.164016896082
288516	79.1552
89827	78.2473
25300	77.9741431184003
25300	77.9741431184003
25544	77.7427
83514	77.6437
361674	77.6420194411697
25027	77.5714815158
361285	77.5206
315689	77.4502049961958
64020	77.3011
84424	77.1204805971
293344	76.9323
50594	76.8706712073772
288264	76.496
288264	76.496
361802	76.4425
307482	76.2652238412
365793	76.1811929124
29637	75.9162
287446	75.9157
83721	75.9044
302913	75.8686
171097	75.8088341527
64547	75.6318040516035
117087	75.5054
360833	75.327591185658
619440	75.0252387944
363249	75.0246382752256
65142	75.0
59301	74.8873
25624	74.8299131726544
113960	74.7095247276092
315758	74.648856941293
303057	74.5877
307745	74.244739734
83510	74.2082022418159
365699	74.1464
360636	73.8816
287608	73.5667
85246	73.5519968487171
297357	72.9541646659
266606	72.7944
311202	72.5669
289175	72.5449
78965	71.983964055
56227	71.9597574519027
56064	71.9168
293408	71.8644
100361138	71.7384
366169	71.6145491689338
316067	71.34562685
54133	71.1703915552
303730	70.6649412455925
29475	70.5907786101612
64474	70.5543
140720	70.47
81005	70.4133119441365
50676	70.2992441954438
360459	70.2897
313969	70.1319967124
246215	70.0892785039
54355	69.9642615154393
295706	69.9571779915487
100158233	69.8678
29606	69.5182647392
293024	69.4699692862922
85384	69.3854
315600	69.366
84491	69.3291
116693	69.2671918856
304280	68.6925
307820	68.683360439
64846	68.6117
291670	68.5700448768
25491	68.3106553156
25491	68.3106553156
304522	68.26601131111
24207	68.1868
24207	68.1868
314634	68.164564168
25274	68.0654
170917	67.962104383
171438	67.9256042816
287984	67.6566
293042	67.4795954788262
289727	67.2208
315073	67.178
303673	67.1165
64028	66.942740744
246756	66.7243
54282	66.6887807008
293489	66.5794
307643	66.551189473
294027	66.2308
303604	66.2143479502
308106	66.1111
313575	65.9399545396
113990	65.9379
113990	65.8365
113990	65.8365
84491	65.7271
362599	65.7187
24796	65.5804
690585	65.5435
293181	65.4613
290823	65.4427491834
310806	65.394048543
94172	65.2364702116
170848	65.13265237
170899	65.011058481
114764	64.7824913032
364785	64.676730769
114499	64.6493307564
308415	64.5782834520034
24434	64.3406
309681	64.3281735501882
304053	64.2045942799
308739	64.089
306253	63.4737
302711	63.3642
363269	63.3635
679155	63.1776701524
302993	63.0992
361245	63.0096
65153	62.9455
65025	62.9406420334
316328	62.8062617777
367090	62.8045
300317	62.7786
315994	62.722230499
171494	62.709
60666	62.4666543456
24882	62.089
29693	62.048
311903	61.8202535308212
296390	61.6768
313038	61.4379547598
307343	61.3484347057897
679890	61.3358
305482	61.2257885664
25152	61.1124816280199
311919	61.1057137048
312728	61.0813886068
313020	60.8878280104897
25524	60.5915236412
25524	60.5915236412
25524	60.5915236412
25524	60.5915236412
66019	60.5229
297514	60.4299
315804	60.4106
313339	60.3088662113777
79431	60.2928
65033	60.2542
297437	60.1515
297437	60.1515
81509	60.0483
307483	60.0330451694
294289	59.6877215572
498440	59.6569
171381	59.6434489714
81748	59.4915624128
25097	59.4571932958
307900	59.4463830208539
259237	59.429148174298
64315	59.4134387705159
84380	59.3892
29603	59.2781
80878	59.1931
289318	59.1564
25578	59.147
679921	58.9890799906
315760	58.9362675395
295649	58.8832
306589	58.877
171160	58.7738
81504	58.6636250512
299138	58.6388069327
116483	58.5571
309798	58.4543
24171	58.3036
311355	58.2995
289584	58.2628
192152	57.964763674
296587	57.8685
29755	57.8397
300066	57.8264
310207	57.715810266471
85494	57.6033
315705	57.485
287156	57.429964716
291952	57.3462794752
309164	57.154425006
24439	56.9584
309533	56.8992
246153	56.8687
290875	56.8196
291906	56.7713986946044
288475	56.7064
688993	56.6271099269
29337	56.6259
313323	56.5653
81727	56.2694295808
58954	56.210940729
288702	56.1903
307644	56.1893
296129	56.1065
301337	56.0221709377215
499288	55.973292341
54283	55.9671121559989
302415	55.9212
315218	55.9156
689399	55.8721
304669	55.702291294
24159	55.6674
24159	55.6674
311840	55.6318
291437	55.5078
305972	55.4728652226
300320	55.4386898774
287942	55.3333083556
360613	55.32985518
306860	55.3168
24779	55.2516615678861
304714	55.1992
313594	55.0317146338351
60417	55.0311494656
24511	54.8600362893889
287633	54.796496326
114767	54.6487
306792	54.6401
25485	54.6345080949693
315524	54.5585768638
499157	54.5491
314751	54.4869712648401
300519	54.4775104027
117275	54.2494
307236	54.2154
25243	54.190934974
25031	54.0839
306526	54.0296
60374	53.9607653847361
64559	53.9192
294862	53.8824
294010	53.6739580576
25665	53.6053476526
25665	53.6053476526
79117	53.4482179748
296603	53.3435010288
289276	53.3293
289353	53.2825
57302	53.18680587
57302	53.18680587
365352	53.1821
684112	53.138271274
246332	53.0184105117
315696	52.9469
500048	52.6646
308602	52.5772
286970	52.533
64043	52.4618
363084	52.4613
287545	52.4560643927
289724	52.4282
29157	52.3039
436582	52.2636189553
315311	52.1906
315311	52.1906
315311	52.1906
25037	52.1641
60399	52.1627
300675	52.1153
297952	52.0259
362384	52.0094724497192
360703	51.9474
307585	51.7619
678759	51.743665774
25700	51.7098
306400	51.7019683084146
287606	51.7004
171015	51.477
312566	51.4112
306817	51.2861
361921	51.2825
311849	51.228
155918	51.1856
369017	51.0991
313427	51.0859448928
316533	51.0844
303113	50.9017
501096	50.8936
314648	50.8717
361578	50.8625
311862	50.6339137424176
315716	50.3675842748
299730	50.2604871517
360323	50.2383374676
299188	50.1694926688
296278	50.0
289736	50.0
29622	50.0
83838	50.0
302864	50.0
84008	50.0
29381	50.0
29546	50.0
364786	50.0
300051	50.0
