362049	97.5053835754474
140544	95.63119
29733	92.7921
89811	91.97829
689161	90.06559
83533	90.06076
304809	89.6352
93662	89.569504752
311193	89.3889
313845	88.9634
363140	88.82963968
307997	88.3713056355372
306886	88.3058016947
117106	87.9231
26295	87.4318691485
266709	87.4057
313969	87.2647882839523
303135	87.1255225904
65172	87.1165832815
287622	87.0592313899
360445	86.8773
296787	86.7562759051
60391	86.6003
295238	86.2186
171099	86.0927345712
361585	86.0703
65029	85.9441
289668	85.8729
65261	85.8312
312495	84.886651477
360480	84.7482845482
311872	84.6178558575
304208	84.52634257
25692	84.4229
305002	84.3230087155
24406	84.067
289201	83.7829396
266713	83.7739
312680	83.7474341876
298992	83.2906
24669	83.2189
84424	82.9799
65096	82.9321
64528	82.1487
100360880	82.0157
295645	81.7044
192107	81.6529
360908	81.5965
60669	81.395915921
315833	81.3594889477814
100233213	81.2717
361439	81.2253
312372	81.2104
499505	81.0656994746
24416	80.8791549019
303836	80.8360454302
294643	80.64871584
690043	80.1473053683772
306014	79.989
298528	79.9362
64305	79.8596
291813	79.8498860563273
192262	79.7885
308857	79.6763089970944
361970	79.6683572465148
301431	79.6266
313994	79.5012
276720	79.3948257324
296267	79.260695953
595134	79.1332901451
25599	78.9558
313125	78.0332
301579	77.9633605805144
360482	77.8467570466
117036	77.4793807730068
287472	77.4517
500086	77.172530335
363448	77.0877
171581	76.8145525714256
500464	76.7084
307845	76.379032255
304537	76.2126
116745	75.5962
94270	75.5214
94270	75.5214
94270	75.5214
303312	75.5144
50655	75.4431
252923	75.2336
296474	74.9518753575
304286	74.7891634564
296953	74.4436
100233177	74.27763812
315891	74.1534
113975	73.8460953544
287721	73.8422254044
309525	73.8263
64547	73.7113
246216	73.43
25571	73.3102
364634	73.2891380014
296372	73.248279404
362778	73.242
303614	73.143
79463	73.1423601504
311670	72.9552117344
24517	72.9241
25523	72.8854
303478	72.8043
316539	72.5884
316211	72.437302728
25238	72.2622
362316	72.1894
298504	72.0808
315611	71.8141937536
85267	71.7982
304294	71.6493
60395	71.4229
116641	71.3095
192180	71.1984
170824	70.952
288740	70.9165
192181	70.879430678
363253	70.3348255876
292139	70.1837682327159
171010	70.18033926
171113	70.1415
313056	69.8292
361030	69.688715496883
292139	69.3715512871446
360980	69.3679
363254	69.3407856967491
304592	69.2396130424
299002	69.0964
25177	69.0858
25177	69.0858
311341	68.9285
116600	68.8889
246272	68.7801
312806	68.7502
293950	68.0992243996
25069	68.0289291499
363672	67.2187
296121	67.1264
360958	66.9426
360958	66.9426
313242	66.94253492
29354	66.6803618612
64626	66.6217
29473	66.6202754548
362766	66.3977
691429	66.2484019296
679155	66.2343
81817	66.2164
296395	66.1819
293614	66.1561
78975	65.9476
25743	65.8865496635431
499380	65.7683
361434	65.7132
361434	65.7132
361434	65.7132
498609	65.7051417388
25351	65.647296424
314850	65.5317714555846
296137	65.5187
311861	65.47885
29190	65.3971
313742	64.9165
83497	64.9143631203
298201	64.887
246264	64.6939
308993	64.6782
24252	64.6236
24252	64.6236
24252	64.6236
24252	64.6236
316369	64.5399
309144	64.436813764
25528	64.3672
316233	64.1014
287441	64.0931547478
309170	64.0326
24215	63.9526
296621	63.7386
366169	62.9043
304073	62.7728
25578	62.636
29454	62.3913356219326
287278	62.3535
60577	62.2262
114859	61.8748
294375	61.8612
301076	61.8396
313121	61.803775465
316642	61.7003700965
362300	61.4837648120923
313825	61.3340258848
295228	61.122
114521	61.0998
25241	61.0514542405
25745	60.8519
308361	60.7677162874
25312	60.5204485854
114096	60.3658
304203	60.1793
246760	60.0564996288195
296083	59.9374
81812	59.8936
303879	59.8891
64157	59.7395759342
29463	59.7042
56823	59.6462
24174	59.5346282524
360992	59.4547
680931	59.45
260323	59.4477013708287
312225	59.3829
360634	59.2965
363040	59.2865687662
306400	59.218507122
100125372	59.1079
308445	59.0195776135
56011	58.7812590705
100361376	58.7704411542
286895	58.6511
304325	58.5185
24439	58.327
363412	58.2955
24848	58.0877
29609	57.9774887992
260323	57.9655256455867
292671	57.9073
302424	57.8707725256
363285	57.8326796165
191595	57.7896
304109	57.6277
311437	57.496
114107	57.3534
316021	57.2855
313236	57.1660477764
363135	57.1626240368
50622	57.1028
25693	57.0821
246174	57.071
64519	56.9010630378
499653	56.8732
311854	56.85343192
29578	56.8448
363016	56.7454
60417	56.7368274288772
29428	56.7196
310506	56.702640219975
289353	56.6916
79223	56.6766
303059	56.6252
337920	56.3947
25268	56.2844
308757	56.0593
192270	55.9269
360498	55.8962181198
360916	55.889044518
300018	55.8312
252919	55.8131105255
171495	55.7592957307
308586	55.646
316218	55.5172
307916	55.3213740208
301346	55.2806381433
83576	55.2708
26955	55.1594
311405	55.1133841545
316325	54.8982200401
362675	54.7634
117514	54.7574
287989	54.7234
312227	54.666
303746	54.6485
25501	54.6451
302811	54.5861
309207	54.5581
58962	54.5217
25738	54.3205
313027	54.1938739795
192210	54.0934
313776	54.0773434755
100126191	54.0585270424961
287146	54.0171
295341	53.9509
313166	53.7367
60443	53.7166
60443	53.7166
60443	53.7166
309451	53.6469
24197	53.3201
498130	53.2436505875
307724	53.1995254012
114116	53.0569
312689	52.9344
290228	52.9223
362515	52.9085702943
688174	52.8242
315806	52.8058
687266	52.7343
365024	52.6681
58812	52.5912715199
500132	52.553444017602
304900	52.521717216
65137	52.5063
79434	52.4042
680717	52.3641
288626	52.3449744697
289034	52.3039
308100	52.2831
312777	51.943550995
309613	51.9252932475
116643	51.8215
290668	51.6810706602
685472	51.6539
361549	51.5358884826
302937	51.5151
362591	51.5126
29227	51.488
311137	51.4169
80849	51.394719752
360703	51.3871643974
64559	51.2218324606
315524	51.119076675
315338	51.0957
24596	51.0534
117257	50.888286852
293721	50.8869
29191	50.846
295649	50.7044
310760	50.6902
84609	50.6417791792
497878	50.6319
64473	50.6275
140595	50.4610206742
291133	50.4180696535
83615	50.0
282581	50.0
689779	50.0
295027	50.0
298792	50.0
314694	50.0
117261	50.0
66025	50.0
94267	50.0
58853	50.0
81664	50.0
293049	50.0
293844	50.0
