304000	91.073865635
25247	90.83774
312563	89.3038912021
287607	88.897028159
314847	87.4599
29381	87.1142885779
81812	86.7226683492
25245	85.909403557
25245	85.909403557
260327	85.4897028028
361267	85.4532
500282	85.352
81752	84.7566
81531	84.660100694
308311	84.6352
81821	84.4542
140473	84.2667
83509	82.6561
290356	82.2930270532
681211	81.8956
303926	81.2805
29580	80.8777416195
299116	79.9856
298694	79.8683
360891	79.5867
313874	79.1036
84575	78.9605
24848	78.4606441237209
246775	78.285
29504	78.1228
295965	78.1128551498409
170842	78.0363
25267	77.6575
363060	77.1242
56718	76.7871
300108	76.1326
311024	75.9358
680229	75.89076863
313782	75.725
314906	75.2786
170818	74.5358
171102	74.2594
315760	74.1064
362185	72.9521
362107	72.8159
246215	72.1396907240916
288617	71.8797
313729	71.4067576235
289318	71.2648914055
360871	71.0958
29543	70.2771
316328	69.891
288152	69.8467763286
100301568	69.7126
84008	69.5990901136
29477	69.502546367565
25263	69.2617114405833
29335	68.8822881748
29335	68.7514242125
93662	68.1828855664
313308	68.135
309259	67.956
116690	67.4293510878823
116690	67.4293510878823
116690	67.4293510878823
116690	67.4293510878823
266766	67.2222
360833	67.0736
298689	66.824
362263	66.6696
291772	66.486
29520	65.9512
296313	65.2078723906
25083	65.0909
304410	65.0507900357727
304741	64.842076182514
308218	64.7319532956
303914	64.6047
25243	64.5757133774943
309650	64.3637
683570	64.3144
308942	64.0643942764
192147	64.0548
246323	63.8683
363278	63.7372
361882	63.6366
114089	63.4065110332
24176	63.009
361472	62.5583
306695	62.505
301346	62.4201
365213	62.2685
291540	62.1044
315711	61.82441311
292721	61.6534995803
300950	61.3717229802
170906	61.2974
404781	61.2878459328
29138	61.2795
312777	61.0957
116808	61.0035
363013	61.0024
81708	60.6107
25054	60.0718
315170	59.7286261615
25560	59.6662
24922	59.4848
60586	59.4768
25699	59.4386
311854	59.3735
298867	59.2756925047
294993	59.2654
314265	58.6429
295674	58.2036
60417	58.0158536894102
313235	57.989
114104	57.9652
309995	57.9239
315870	57.8526
316088	57.242379276
308810	56.2597
360622	56.1129907423
362572	56.0628
362515	56.0456
303478	55.840382929
445268	55.7118714934
24217	55.450546576
498650	55.4469
498650	55.4469
100359753	55.4272
303336	55.3677
303336	55.3677
305482	55.2785
307907	55.1407
362850	54.9086
291689	54.7381
266732	54.7319
65168	54.1935142804
292739	54.1136767825
24782	54.0458
170848	54.0115
286918	53.5216877408
313717	53.483
304193	53.482
286895	53.397701232
291133	53.3327688554
360775	52.9845220888
304988	52.9511
499461	52.8423
315594	52.7733
360678	52.54
307483	52.3647
298652	51.9537559663
246174	51.7186
360230	51.5489230376047
25331	51.5033
311355	51.4674540507
315346	51.3118500236
307604	51.3072
84430	51.049901152
64042	50.9003296736
298032	50.8891906024
363118	50.424737389
313969	50.0
362666	50.0
360468	50.0
29153	50.0
