299611	97.3716172656096
29194	96.6213235273345
304758	95.3680585322617
313058	93.04921
116741	90.9089365457379
307649	90.70555
29598	90.01781
29227	89.8125
314655	89.5378
361859	88.5031
25601	87.5501099968
25601	87.5501099968
25601	87.5501099968
25601	87.5501099968
25601	87.5501099968
25601	87.5501099968
25601	87.5501099968
25601	87.5501099968
362788	87.421293385667
303542	86.712
25405	86.3964
309081	86.3766
289584	85.0433
79113	83.8894365796
302705	83.6992358192
303575	83.6242
100911859	83.1594
364301	82.8322
79220	82.3794
362849	82.0656808765
84352	81.5265
246282	81.4868
361018	81.3135
64559	80.5919669153917
303311	80.5671
83572	80.4502925466792
315114	80.3758
300208	79.9037736648
171134	79.4222
50655	79.3324
25272	79.0379
25272	78.8759
25272	78.8759
81815	78.5382
295231	78.489
316021	78.3874271282852
85431	78.1924
305888	77.9678
293165	77.9602
303514	77.5664
287598	77.5098
29146	77.4835
683381	77.4209
683788	77.3337759162691
363412	76.5973449671238
84018	75.9185
84018	75.9185
308495	75.8594
84556	75.1026
140923	75.0259049254253
310743	74.7841
25645	74.5011
25520	74.4565
29510	74.2353
29510	74.1181
498416	73.9349875165
25672	73.6178
291283	73.5496
25682	73.5077
287607	73.5042111967
293067	73.2322
360640	72.9089
288587	72.5242
360243	72.2708
192245	72.2058
290829	71.960779915
304947	71.5556
245956	71.4812
246254	71.4472
246254	71.4472
361655	71.2951
83633	70.9874762671117
305540	70.8416
291921	70.8385601035999
291736	70.3282
363062	70.24235
305423	69.9641
362835	69.8419
29628	69.5105
29628	69.5105
293505	69.4723
60582	68.783897752
50622	68.7801959482
54251	68.7297922724934
64441	68.6424
116500	68.3778
84018	68.2786
294394	67.9681
362733	67.8470624248
362733	67.8470624248
314523	67.0304
89806	67.0024975038
300191	66.7154
64317	66.6776
191574	66.2845
282582	66.2132
689560	65.9157
360726	65.8032
474154	65.5909
287522	65.2084
25240	65.1523
303918	64.8868
300687	64.6881
292462	64.320008219483
24654	64.3061939339
361577	64.2171
81707	64.1413
303068	64.1084
84589	64.0509
50993	63.9131458004
294790	63.8243758905
24413	63.69270599
315422	63.690328693
292728	63.5064
307865	63.491
302697	63.486794826
310669	62.8687
25080	62.8284
29423	62.4729
171070	62.4629
25719	62.2890891125
314862	62.1717
365367	62.0994200044
288256	61.7302
64160	61.5297
303337	61.3788
287212	61.1704901053
304794	60.8181954033043
24174	60.8114
29158	60.808
294667	60.788
29629	60.0884
29629	60.0884
310630	60.0154
58921	59.6421
25750	59.3066
296583	59.256834145
315758	59.0759939915666
24796	58.8349997416
85246	58.7991332415
689883	58.636
313648	58.5975
367218	58.4567183031137
367218	58.4567183031137
362295	58.322220674
361970	58.1442417728
315073	57.9221206293
266807	57.8586708064
289217	57.8079
303113	57.7262
29151	57.6105
304601	57.6037207944
294800	57.305
313834	57.0323
292041	56.9562469288
25744	56.9509187333136
295322	56.8911
296349	56.5979647062
83526	56.5731
360478	56.5312
300756	56.5129
362115	56.4715
63938	56.2281
25636	55.9581
291978	55.954
500987	55.8555
25051	55.5925
312903	55.4641883620666
64189	55.4574
299138	55.448298988
300674	55.4368
84398	55.393
24356	55.195207246
308912	54.9849
295461	54.7363022366425
56765	54.7078
80338	54.6721
25211	54.5689868105
298500	54.3102
282585	54.2944
192280	53.8682656948403
679937	53.8357
311508	53.7915080544
498609	53.6251
293736	53.456137349
363516	53.2643104301819
298065	53.1259
362817	53.0157
100361733	52.9646
304286	52.1716953352303
305428	51.856621152
296623	51.8057
687147	51.7657
687147	51.7657
500450	51.725209168
685232	51.4832
297437	51.259
297437	51.259
100145871	51.1607
29323	51.041
288239	51.0001
500132	50.8709131492
687008	50.8422583648
362272	50.8018
81659	50.7458
316325	50.6905067526
289727	50.6190897376
54241	50.5565
498234	50.0
289546	50.0
300521	50.0
361221	50.0
83574	50.0
310808	50.0
