64677	97.3255510918744
299138	96.18448393822
171564	95.9479309015008
29228	95.22442
313583	93.96641
64474	92.11606
192245	89.6586473212
289026	89.3079143144
170842	88.7025
311450	87.7306
24585	87.5384
29487	86.9343643276
313512	85.8847558945836
311167	85.85222532
294504	85.0832
310207	84.9213429040307
306748	84.6943
404781	84.6303
25534	84.5313
65272	84.2669
60663	84.0734475751
94195	82.9792
25172	80.1117
29692	79.3922
25567	78.995076034
296580	78.3552
60577	77.8899
502227	77.7668
299800	77.6776
315548	77.6191280805773
287571	76.7389
54318	76.5033
24298	75.9958
25008	74.9161109125
24596	74.9054033563438
117271	74.7326461721331
65180	73.9053
114022	73.8688
309377	73.7086854032
304275	73.1598
192277	73.1407
83627	72.1499
60443	71.6752
60443	71.6752
60443	71.6752
298606	71.5669
361995	71.4537
25096	71.4089
299897	71.3572
689890	71.3146
29600	71.1813
117281	71.1026
85246	70.944207683794
29517	70.9364587162
29517	70.9364587162
29517	70.9364587162
246295	70.787
84398	69.9164
295252	69.9030204775
81531	68.9834830767
311536	66.9315980443247
81741	66.902
311505	66.8530214542
499964	65.7143
246282	65.266
690441	65.2479
24834	64.9536081928
25031	64.8149908824
311862	64.551
309126	64.5023
314436	64.3137217136
297865	64.0602
313155	63.981
81741	63.6295524174
25253	63.3215
362393	63.268
305317	62.9137
65142	62.9063
360720	62.8365
291411	62.431961452
116654	62.2533
207122	61.8507
94267	61.4287
25111	60.9139
25603	60.6331
315158	60.382680328
365024	60.3807
691429	60.3373068935566
680549	60.3267
680549	60.3267
24539	60.3146
24772	60.2448845725
113976	60.2363
100360880	60.1388297901526
83807	59.8751
313125	59.0477
83613	59.0308
311861	58.985722696
83631	58.6891
65031	58.6068
361613	58.58
295319	58.4691
114906	58.1806
24483	57.96
24483	57.96
24483	57.96
64196	57.6397
58852	57.5953
58940	57.5656081562
25241	57.5585
310090	57.1292
360622	56.8576
310633	56.633275648
94174	56.4492314947
679958	55.6119
112400	54.5672386496828
112400	54.5672386496828
112400	54.5672386496828
112400	54.5672386496828
112400	54.5672386496828
112400	54.5672386496828
112400	54.5672386496828
112400	54.5672386496828
83836	54.4571080743
306765	54.3861089724
297595	54.2672
288905	54.0134
24335	53.8193
313339	53.7099
288778	53.5186
314638	53.346
315037	53.329020374
25265	53.2139
299276	53.0822
314442	52.9057
293939	52.6876
116600	52.6332
296179	52.593
503214	52.5918
114633	52.4151
124451	52.2211
29755	52.1505
112400	51.9752456833107
112400	51.9752456833107
112400	51.9752456833107
112400	51.9752456833107
24192	51.6899
50646	51.6093358276
361680	51.5621
360639	51.2974
310641	51.2949
25054	51.1478485316804
366984	50.7515
366017	50.0137287259
316611	50.0
266704	50.0
116690	50.0
156767	50.0
116690	50.0
289469	50.0
116690	50.0
287451	50.0
116690	50.0
