24539	93.33605519866
293294	90.8291597696
24716	90.09242
309338	89.6399
499669	88.7956
500430	87.773
366205	86.8211
64823	85.3922973011
83792	85.2776
282819	85.117
309812	84.9397
309772	84.6576
362713	83.6019
312690	83.1908
315851	83.0215
309674	82.9653681235
313834	81.2749448148
29443	80.9312
303823	80.4337
307820	78.384231570304
287984	78.1113
252931	76.3651
297486	75.648345211
314992	75.1473
310760	74.0942
117045	73.6498053944
25359	73.6265399833
309643	72.3635
114119	72.2169
296753	72.1082
29358	70.9724
25367	70.6229203801
25367	70.6229203801
25367	70.6229203801
25367	70.6229203801
64630	70.5705
29486	70.453
116477	70.2481
116477	70.2481
116477	70.2481
363115	70.0836
288105	70.0778913909979
290280	69.9914078714966
314205	69.7619838114
360661	69.1053556411
295619	69.0513
171519	66.8504
292129	66.725
29132	66.3296
29132	66.3296
116596	65.8064
312781	65.6081
65129	63.5381180225
117049	63.4595
500709	63.4301
361068	62.9999
295953	62.8654
302913	62.0159483503
311118	61.9421
29459	61.804
29184	61.6232946874
690585	61.1916
499870	61.1728110602
361207	61.0254
295686	60.6612
310640	60.3493
117526	60.0421
252960	60.038
259229	59.6958
29492	59.5336
311374	58.8328
498411	58.2869524672
686611	57.4255
686611	57.4255
85243	57.1747137686
25317	56.9944
690315	56.8817
24788	56.8353
25603	56.4687
364154	56.4661
690693	56.4575247839497
83709	56.3180693668
500988	56.0144
309678	55.9342
309312	55.9202
29758	55.8476717464
50585	55.7175
58857	55.4668
362733	54.9719619704121
362733	54.9719619704121
81708	54.5156
305571	54.3593
29436	54.2787
24686	54.0095
292206	53.8791
60447	53.3833017706
60447	53.3833017706
498332	53.2882
297666	53.1455
313262	53.0598
25743	53.03676194871
303749	52.9314
25205	52.918027588
304766	52.6406
307810	52.4753
24551	51.7804
24669	51.7577
304786	51.358107015
64315	51.3507
313121	51.3479
192256	51.2095338882
192256	51.2095338882
24551	51.028
680445	51.0001
619385	50.9111442592
619385	50.9111442592
300222	50.8752
140670	50.530839665
315911	50.0
680014	50.0
314721	50.0
