307348	99.630159017379
361060	99.6194479252214
29500	99.4337180565159
290396	99.31707346675
24166	99.1573348052
296372	99.10640928075
24248	99.00925247145
309888	98.8621799601248
679712	98.4031347894209
24896	98.3990298228301
24896	98.3844509363222
116740	98.3259922370436
64124	98.2721253685711
302396	97.8815225384472
24896	97.7233802032605
24896	97.6828715119968
24680	97.64077392258
298012	97.61137159364
361832	97.4671320526833
29344	97.4221249348
246046	97.3490083608267
691380	97.22108876545
314028	96.9739739875
297486	96.7248322278854
297942	96.5687315019717
65162	96.2701180451461
83765	96.254489789
81742	96.237839083
317435	95.9721079350518
79128	95.94382562508
294395	95.8705
308939	95.686351948195
304124	95.667477425217
301097	95.3315789049746
291019	95.3301623186564
29148	95.18268
306129	94.950606378
25701	94.8546100118
362733	94.8494338907129
362733	94.8494338907129
298874	94.8463896436
59319	94.82748
294400	94.7647046223
311494	94.76159
361970	94.7371820608666
27080	94.66892
499537	94.588197866
298992	94.4056343734503
314964	94.374210996
288154	94.2556508792669
310261	94.1508662505
83792	93.9925927774
313262	93.944891771
310812	93.9151716071511
114593	93.8910440788
307644	93.81768
361884	93.80772
293061	93.55070659888
65180	93.488197136
317252	93.4669
29230	93.46108
305467	93.36109
291709	93.1266378235
317494	92.77457
317675	92.6687291986
317247	92.65614
117180	92.6321800246498
310461	92.2685820044
497936	92.2466871884
313594	92.1867596222035
679028	92.1461938985301
29611	92.0814229024
313594	92.0637065487363
79120	92.00535
300253	91.9577534551371
65210	91.8242
362665	91.7682198141228
360627	91.69597
298944	91.4782473722919
313563	91.40484
301086	91.2561267724
83472	91.1908172968
305230	91.12831
252941	91.009
24382	90.9485501582117
294734	90.942805056
29642	90.8772059812
29707	90.7286120196
116647	90.71727
306222	90.66969
310399	90.3450987214
114517	90.342331478
64845	90.21614
302328	90.1961544966437
307178	90.1013474808
84394	90.048416683922
311450	90.0407806332
117544	90.00444
315750	89.9539
81656	89.8208304384
25613	89.7889503904
312251	89.7479804442
289809	89.7303
289586	89.6879
312828	89.687826789
84379	89.6782041232
499330	89.6023
360600	89.4319603036
252920	89.3693875414
450224	89.3357683226082
305831	89.2742
309280	89.2532
303902	89.1933351651
317575	89.1235975525
171018	88.8305
171018	88.8305
171018	88.8305
114901	88.8000261136923
312689	88.7954
94195	88.7496
312607	88.6698
307820	88.6468924776278
363735	88.6113109312
25450	88.4895
140939	88.3623173536
64519	88.3521794926
292267	88.2642
294421	88.1056
679869	88.0270947625
79126	87.9907
24434	87.9482
29384	87.8719
363103	87.7136911849807
282587	87.671624227
286959	87.6478
291553	87.6232
305120	87.618982364
362547	87.5754263749
266686	87.4921
100233176	87.489814279
360709	87.3261466169
25056	87.30933384
294753	87.247129468
171108	87.2371
303016	87.2015875966
25086	87.1979
365895	87.1767584826756
24268	87.0016
500972	86.8071263146581
294606	86.6862663902213
499353	86.6694
25293	86.6684753939839
291948	86.66173792
25293	86.5559492142313
25293	86.5559492142313
25293	86.5559492142313
25293	86.5559492142313
317399	86.516116261
291772	86.4185981887
688777	86.3657
365583	86.2180131868
362923	86.2067
303208	86.1625
313228	86.1126
290467	86.0627963914
114861	85.9114
291314	85.9053
24763	85.8176
306941	85.7941
246142	85.7405469229
299897	85.7373911516
286916	85.7056
404783	85.6304427774
296651	85.5815792104
64047	85.5077323976297
313860	85.4756
286895	85.4555
308751	85.4029
500244	85.3323107906902
313242	85.298259105712
294228	85.2530553109
29745	85.2363
140934	85.2025
50672	85.0588
170816	85.0141595728
314771	84.95222335
308118	84.9470418616
116777	84.9039
313433	84.8972
287709	84.8888
140674	84.8868
304923	84.8209052884
362065	84.6896
288512	84.6888625204
300870	84.6598363536
306451	84.61992071
291130	84.616358276
298652	84.5519835646
58820	84.4232
25672	84.4227029732221
361585	84.2143024390048
288079	84.1634
117553	84.1356
307050	84.1201
303926	84.087135805
361390	84.0813
299828	83.956
308843	83.9304
315891	83.872516789
192256	83.824991784
192256	83.824991784
192147	83.8234
289257	83.8132
432358	83.7744929002
85428	83.7231124068891
312694	83.6962479027
293098	83.6367
365699	83.5915
307343	83.5662177330266
362911	83.4713
25231	83.4051
25459	83.3986
307905	83.361104111
24398	83.3226746047
192109	83.305871939
306274	83.2809419776274
313969	83.2331914572
170699	83.2053232621981
362630	83.0865839402
360834	82.9809394023
81531	82.9669
60427	82.966481061507
60427	82.966481061507
24493	82.86045
360917	82.8585138391
289883	82.8537
301555	82.754986423
84550	82.5967235872
114122	82.5479859269727
114122	82.5479859269727
114122	82.5479859269727
114122	82.5479859269727
299706	82.5175
361293	82.457
260324	82.4145
84476	82.3986
89843	82.1462
300756	82.0933
315824	82.047542608
29682	82.02240671
25428	81.9515241695486
307200	81.8154
680102	81.8029374371
363266	81.7902189056
296787	81.7732608155
362220	81.6975
303798	81.6884923464
81738	81.5946
309008	81.5703
294601	81.4503
306009	81.4300568524
83840	81.3350331856
116831	81.3239
25690	81.3237321771122
24356	81.2927
312132	81.097898368
295457	81.0912044195
362185	80.9826693096
364785	80.9043390415
266775	80.8976
24459	80.8847
500538	80.6737408193
304410	80.6453
360860	80.6062
360511	80.5880842664
25478	80.5657169693078
364754	80.4719
314800	80.2693217232
84409	80.2448817346
303614	80.1491
313749	79.7409
25243	79.6876414552
24882	79.6321
299811	79.6207693503543
683077	79.5962355553
64469	79.4392973000148
266601	79.4387
679068	79.3591
300266	79.2731
53372	79.2152
314751	79.0703617881815
288652	78.9801
292671	78.9331045787438
297483	78.8593
64521	78.7892548576
25415	78.7349
29335	78.7054406145251
25403	78.6209152012
25403	78.6209152012
25403	78.6209152012
25284	78.5488
300036	78.4916
300036	78.4916
300036	78.4916
29335	78.4166232134549
316312	78.3769084136
117028	78.3712
500131	78.3172601244756
500874	78.2979
313981	78.2684
296510	78.2016
300674	78.145072816
246152	78.0775
302711	78.0060726363278
85431	77.9421940284
499508	77.8965
83824	77.8118402260337
300947	77.7135
300719	77.4921
50993	77.3716
308140	77.3342827108
24590	77.3054
296731	77.2777
306152	77.1677330439252
310806	77.130967175
308761	77.0097227527
296966	76.968567884
309082	76.889075866
680149	76.7022
362265	76.6649
56782	76.6397
25757	76.5850092445
362751	76.5467
679640	76.5379
27100	76.3454
246116	76.3282973284
287199	76.2918
65189	76.2515648209
305691	76.1844
304714	76.159
305423	76.144
498074	76.1305
310838	76.0842
306261	76.05843076
296188	76.0498
24268	76.0294
81574	75.8298719742
24398	75.812639077865
170904	75.7777
362265	75.774
65028	75.54738104
362489	75.4788
304150	75.3480982039389
360797	75.3159330298
301346	75.2595
29629	75.23
29629	75.23
294043	75.1989
310207	75.192557086
299858	75.076
117087	74.9177169877
288026	74.9127
29629	74.7832734933281
474154	74.7715
140923	74.7589
294012	74.692
299907	74.6181
304758	74.6134
116596	74.5401
117036	74.4969
394266	74.4413330559688
314246	74.3432916539
116590	74.1291533845093
364624	73.9411
498650	73.8339
498650	73.8339
360895	73.8011
315532	73.764
29521	73.6455674125333
25262	73.5917
25262	73.5917
25262	73.5917
313564	73.4604107371
84597	73.3768
299159	73.3737
25030	73.2817
362778	73.202227951
360869	73.1916
312965	73.1474
360602	73.0988
171120	73.0589
294790	72.9992848273
305424	72.991290965
25537	72.9472
25620	72.853
25620	72.8436
25620	72.8436
25620	72.8436
24790	72.7981874914
315158	72.5191
84391	72.4779
81715	72.4607
100529260	72.4354
308845	72.4157
291464	72.3663
309243	72.3189202714
304005	72.171091173139
296201	72.1077
79209	71.9402160127
100362678	71.9401
311487	71.896537886
171547	71.8116202712
685472	71.7816187193643
306071	71.7117
286906	71.67
366872	71.4652
315958	71.4647
266808	71.4318
362859	71.3229
501083	71.294535615
360967	71.1692
25124	71.1553
287464	71.1369
24669	71.0732
298184	71.0035
315883	70.9566
314126	70.9224
50676	70.8484
298859	70.8139
315741	70.785853330465
291133	70.575704883
54284	70.5568
54284	70.5345
79242	70.5147
89820	70.4901
312083	70.3951930468
25620	70.32
25620	70.32
25620	70.32
25620	70.32
29627	70.2619256824
29627	70.2619256824
114495	70.1774
293526	70.1355912258
310820	70.0699
64194	69.935
362591	69.8705643073
295631	69.866943784
64566	69.8011619463672
29735	69.75212894
367264	69.7458
117524	69.7299
116675	69.6518
363122	69.5614
308667	69.53495
81830	69.3484
60357	69.1561
60357	69.1561
309041	68.9643
313304	68.8755583594
25517	68.7715
315833	68.7303828384
25230	68.6304590605
25230	68.6304590605
293117	68.6235
94272	68.5601474179532
289264	68.2826
690745	68.206616168
282585	68.0693413762
299002	68.0419
310352	68.0102931581184
25398	67.9201603224
100359680	67.898
140925	67.7154420267733
64831	67.7146
497815	67.6919430326
360993	67.6324029978208
29153	67.2633
294753	67.1468
365793	67.131149428
299738	67.1284
313348	67.1015657585
312440	67.0487
24314	67.016096551
302421	67.0086
312563	66.9728721812
313339	66.9598
24326	66.8834
314205	66.8477
59322	66.797
313861	66.7578
83624	66.6593
367786	66.6083
362501	66.5746
294331	66.4453
117596	66.1734
308000	66.1726672102
307016	66.1678285482705
310363	66.159
25012	66.1257
25012	66.1257
25012	66.1257
289222	66.1239
289222	66.1239
289222	66.1239
289222	66.1239
24412	66.0734
305828	66.0285
690911	66.0018
100192314	65.8913
360920	65.8638
360589	65.8135
365155	65.8042
117268	65.7746652754
362814	65.6058
290280	65.582
311607	65.4737522796
498728	65.4673849425
297109	65.3972803662
305544	65.355003514
24338	65.3326129625
85246	65.2312819027769
64826	65.1537
307503	65.143
310392	65.1404638713757
288291	65.1261493723
64537	64.8602
25316	64.6411686020939
315686	64.602
24944	64.5851
310448	64.574213383
308537	64.4515
314999	64.4054
303274	64.329744895
305248	64.3274688112
362051	64.2950444524
297439	64.267
314245	64.1659125316805
25369	64.1318
192179	64.1094
24669	63.9776
116723	63.7974
313323	63.6683
311236	63.5438
50871	63.521
60423	63.5044
310086	63.4941943805283
689704	63.2384
301034	63.2349
25291	63.1178016559
307487	63.0865
500132	62.9416
293112	62.8524
310749	62.8116
298186	62.8107
361258	62.7529
304786	62.727756798
299707	62.6891
365755	62.6348244565
302678	62.6306
25361	62.5711
311061	62.5506
503214	62.4893
360514	62.4786
317191	62.4246
287765	62.4186
29146	62.3171
311456	62.2336
362962	62.2121
300361	62.0569
363169	62.0108
63995	61.9501
298609	61.783
308624	61.6948265712
306687	61.6111
502901	61.5683469325
314423	61.4861311770816
314423	61.4861311770816
291259	61.467
291259	61.467
291259	61.467
291259	61.467
363494	61.3913523328
317322	61.372
306281	61.3280235338
295461	61.2251
65051	61.1651
65051	61.1651
291078	61.1524306768
316317	61.0137
84685	61.0081
171517	60.9692
305497	60.959453076
361389	60.9542
25667	60.9173
78963	60.8736
299909	60.837
29758	60.8183
29641	60.8125476268
307642	60.7656
304537	60.7505
295382	60.725050433
25694	60.7151426377096
29279	60.5304
315615	60.5133
293645	60.3882
60447	60.2601
60447	60.2601
366275	60.2487
311478	60.1333917026
690489	60.1225
294380	59.8999
292199	59.8687
363287	59.8487
25743	59.8405228539534
24616	59.6248
292485	59.5829
313125	59.4156
171151	59.4127
81812	59.399816392
360622	59.2129
24795	59.1499
314288	59.0432
301442	58.9699035346
311903	58.9601
310375	58.7989
60568	58.7789
300228	58.7378
295322	58.6598841396
289276	58.5861207784
360662	58.4716
171070	58.38781402
29592	58.355
360204	58.3405
282581	58.3083
56824	58.2858
302363	58.1587813696
314180	58.06
311730	58.0573
60331	57.8136
291157	57.7412
298267	57.6359485076
362490	57.4208
25267	57.3877
302369	57.3372269788
84030	57.2748
305166	57.2234
289129	57.1621
65050	56.9985
314148	56.9791927620946
85426	56.9765379326511
290912	56.9044
25496	56.7922
117520	56.5918
117520	56.5918
117520	56.5918
317219	56.5741
296913	56.4991
25576	56.4806
294408	56.3485683178
292090	56.3363035348
305502	56.3233
83572	56.2974
294696	56.233
245961	56.2133
312912	56.1985
114522	56.0948
311405	56.0124
501095	55.9479
314310	55.785452245
288615	55.7163
114483	55.6442
84396	55.4474411172
361632	55.4394
26954	55.4331
309871	55.4258701888
313647	55.415160631104
311384	55.4112
117240	55.2551516965
24883	55.0526
287299	55.0484
29624	55.0202
307070	55.0149186323
300173	54.9645567119147
291328	54.8819
288821	54.8748091776
315000	54.8244
60660	54.8149
155918	54.5986
365751	54.5501426974
310791	54.492561415
295538	54.4752
365394	54.45183781
310775	54.3824
24392	54.3685
361883	54.3584
299138	54.3087740242
25235	54.2925632208
361159	54.1625
29580	54.1326
291015	54.1117306534
362235	54.0688
308543	53.8929
266813	53.8542
288454	53.8177
308134	53.8146
290789	53.8059
29702	53.7688
316415	53.7254
685465	53.6062
116548	53.5574570554
360492	53.547
310506	53.3686
64475	53.3555
315666	53.3138
361422	52.9962
94340	52.9341
314320	52.8295
312135	52.6364
100322884	52.5839
140666	52.395
689560	52.3901
301309	52.2772
292188	52.15
367714	52.0312091962
289168	52.022756964
25512	51.9654130336
65030	51.940294768
308690	51.8586
117538	51.7470125152
313997	51.7001
310670	51.6359
313115	51.6348
300886	51.5793306137681
24162	51.5436586712
171528	51.4694
246187	51.458
306998	51.4296
306998	51.4296
690419	51.4058688065
303764	51.3147
301634	51.2477
81676	51.1978
301388	51.1493
360886	51.1395085252
84357	51.1013
287477	51.0821
304157	51.0282
29492	51.0164277988
313128	51.0043
366964	50.8071
171564	50.7729418688
290669	50.7597
316021	50.6245350212
29190	50.5586328058497
302934	50.4515401190795
302378	50.3548688358
362048	50.1706314598
309407	50.1075182395
140866	50.0567382661
500430	50.0
361920	50.0
363849	50.0
300852	50.0
685384	50.0
24771	50.0
498206	50.0
294091	50.0
94196	50.0
361814	50.0
314824	50.0
64171	50.0
