689890	99.8139241501245
171120	99.616762693252
54244	99.6151733317011
303828	99.1504798259623
363013	98.8299922620106
361659	98.7720047364707
500116	98.7393616349
303132	98.6621027025129
305164	98.2912812326992
50568	97.9637265155068
307745	97.357170321
84010	97.13714
306137	96.74265
680445	96.49864479313
25459	96.4620016942053
59303	96.3169211460253
302378	96.1054427455025
362741	95.9447822664
307579	95.39192
360602	95.325
29715	95.2973221650135
29715	95.2973221650135
29715	95.2973221650135
29715	95.2973221650135
29715	95.2973221650135
29715	95.2973221650135
29715	95.2973221650135
29715	95.2973221650135
29715	95.2973221650135
25509	95.237481056
29344	94.8392795008
299979	94.6496724168919
303396	94.59542161218
25493	94.5089787508
65153	94.5078
297783	94.12749
140734	93.98447
307016	93.909783950619
362547	93.9083343639
361522	93.80709
191572	93.4444377965
29184	93.4066824088
299811	93.3823731722
296956	93.0320684147615
25014	92.97187
25336	92.88403106179
297968	92.80679
311842	92.74797
307348	92.5367616461
309798	92.41794
24936	92.41513
114510	92.41489
25369	92.24398
79124	92.22102
500538	92.11417
291760	92.0201365405
24778	91.97881
85243	91.6423529426
293537	91.62535
84469	91.55031
29618	91.4151450304
83515	91.3581
25416	90.94108
363227	90.93331
305816	90.6835060171
50938	90.53053
64200	90.41306
64200	90.41306
64200	90.41306
64200	90.41306
307604	90.24611
311328	90.07498
305848	90.02764
257649	89.8617
360482	89.721372519
654496	89.6436
315435	89.6196
315435	89.6196
304271	89.5771
362609	89.421
289382	89.2204009852
81507	89.189329876
315435	89.1666
310909	89.062577721
360540	89.0605
25576	88.8506
307343	88.813362373
291877	88.4396167196
310461	88.4232
362317	88.3874
317407	88.32451927
361700	88.1653285745
303342	88.0367
298874	87.93591016
304809	87.9093
83722	87.7932
309478	87.6727
304799	87.5853566260931
316213	87.4158
297784	87.4006
500972	87.2019355790442
497954	87.1775739589565
300284	87.101937514
302415	87.0657
500036	86.8129697866468
81825	86.7865387822
360704	86.7368
365872	86.6707
306582	86.6697
117538	86.6621
25402	86.6568872470926
83526	86.6067
25372	86.5539
362037	86.5398
305367	86.5201932925848
288105	86.346670636
306790	86.1855124965054
288364	86.1793
171162	86.1406
171162	86.1406
619382	86.123
366894	85.938500054
308896	85.8933454695
192361	85.7894062576
83807	85.6831
29308	85.5856
192359	85.286395744
306941	85.2326531208
114845	85.1422207375
308311	85.1114
171040	85.0533
192178	84.9379256147039
307171	84.8817
25553	84.8452
365755	84.7949872276838
290206	84.794652172
293112	84.7777690024
312559	84.4774384744
308361	84.2945942683531
312675	84.2888989970356
24223	84.2608
293587	84.2020915857022
287444	84.1831
305268	84.1439445194876
29454	84.0473
308265	83.7906103556147
291212	83.7887
290823	83.7466
314205	83.6557
493909	83.2914
360637	83.2660132294
299138	83.146266047
362606	83.1281
171396	83.0651
312694	83.053
296281	83.0238
83731	83.0201
309338	82.7988
361745	82.597
288151	82.4881
308789	82.4735
498140	82.3795
297601	82.1591
309135	82.1264
29497	82.1116
29497	82.1116
85384	81.9981
303564	81.8929
689954	81.7766
301555	81.5367117372
306764	81.1858
362490	80.9995
289094	80.9943
79117	80.9919686243182
192109	80.8338
113894	80.8101
296851	80.767
361724	80.6957
296913	80.6862
252939	80.63
310638	80.5227478888
286901	80.5086
305826	80.3395
360983	80.201588952
314993	80.0406
65040	79.8221237536
65040	79.8221237536
362093	79.8095
171086	79.8058
287280	79.7339
361074	79.6111
292999	79.591027564
24680	79.5824
266680	79.4405
305977	79.4176
360619	79.4128
25343	79.3731
366889	79.3682
619385	78.911
619385	78.911
297727	78.8388
300724	78.836
290467	78.724
25359	78.4493
140668	78.4124652244
309243	78.37
305248	78.3543
311911	78.2688
171458	78.1225
367252	78.0208
367252	78.0208
24459	78.0012
366957	77.9867
289311	77.8368
365410	77.7816
311114	77.7815
85424	77.4742
314310	77.3623391572
117515	77.2677113616889
307766	77.2265
252963	77.0183
311412	76.7780261040427
360613	76.765
297093	76.6786
64440	76.6179
679028	76.4307827155509
24521	76.2604
24521	76.2604
24521	76.2604
24521	76.2604
24521	76.2604
307200	76.2199408356
282581	76.1418
309391	76.1233
307039	76.0492395642241
24253	75.9768
24253	75.9768
24253	75.9768
116665	75.7041
24874	75.5146811788
303607	75.3075
306873	75.1343
59074	75.0421
58961	74.3730247594
58961	74.3730247594
29144	74.3380003037
25403	74.3259348932
25403	74.3259348932
25403	74.3259348932
25682	74.1466
619558	74.0693
303518	73.9537
362665	73.7884
291610	73.6479683248
680532	73.635
308624	73.6247447552
289312	73.5943
364738	73.5522
300074	73.4790200208
291921	73.3716
25317	73.3385
29423	73.039
301076	73.0120181968
296789	72.8260750776
292090	72.7575352268
361055	72.5199
304056	72.3369937550415
295669	72.326561294
289584	72.2856854776584
362065	72.2154
298012	72.2071
289595	72.0659
117526	71.9608
266709	71.7733237807
171529	71.7565440466
171529	71.7565440466
171529	71.7565440466
309548	71.7141
29693	71.5874008212
58821	71.5627
25586	71.5463
316524	71.4059
294948	71.36684439
282825	71.3226
360579	71.312
252889	71.089
306281	71.0748
24311	71.0393924456191
24311	71.0393924456191
24311	71.0393924456191
361285	70.9415
140941	70.9114
498309	70.828
362110	70.8279
171562	70.7626187724
171497	70.6896
29215	70.6855
292406	70.6113874870382
298609	70.564288695
81679	70.5353
404781	70.4998
305152	70.3854
291653	70.1586
681429	70.0805
366205	69.9857
29456	69.93915318
315953	69.6937
170699	69.5347714712
64028	69.53435
65180	69.4673
497878	69.4249
287876	69.4149
29365	69.3764
311919	69.341541632
85385	69.2898
85385	69.2898
282712	69.2399
313242	69.2368716313
64678	69.1731
362733	69.1154963143339
362733	69.1154963143339
689560	68.6827
29628	68.6452
29628	68.6452
315870	68.5702
311163	68.5552
364630	68.4102
690654	68.3208
65207	68.2425
308739	68.1915
498328	68.0900470192
25319	68.0698
29667	68.0621
29667	68.0621
29667	68.0621
310635	67.9947
315655	67.731485232
360697	67.6733
116597	67.2383063392
312947	67.0878
64534	67.0464
362325	66.9762
311622	66.9635619386266
114217	66.9405
363076	66.9253
305420	66.8681
362703	66.643277954
25095	66.5930448579294
84391	66.5237
100363095	66.4429623232
116695	66.3772
309144	66.2586
312251	66.2325341536
116500	65.9899
116504	65.934
116504	65.934
289687	65.7351
292597	65.7128309631191
295252	65.3438
295401	65.2231724624429
498030	65.122137122
309164	64.962
360726	64.8380029508
307178	64.803903166
444985	64.7248704846
300783	64.6983
307820	64.6047044188516
299204	64.4746235271
192179	64.4665
65162	64.399020397
360917	64.2951
65157	64.2649
690693	64.198961084
83834	64.1473
116657	64.1461
306562	64.1438
308821	64.1170924825
308845	63.935
301446	63.7728
64646	63.7469
140935	63.5678
679869	63.287
25112	63.2581
117033	63.0265
64547	62.6317055227
25556	62.3975854659
117045	62.3589076108
296580	62.3418523234
300173	61.99743201643
83531	61.9119
24942	61.8497
307740	61.7772
24666	61.6536
361833	61.6147
296624	61.5601
290447	61.5297
287475	61.523
360833	61.5151742682
64312	61.4581058111
64312	61.4581058111
300121	61.4125
500077	61.3863
499929	61.3152
309888	61.2738
304410	61.2532218257
114637	61.0793
304966	61.074
289546	61.0146
363481	60.9778
192357	60.9754
84426	60.7399
315670	60.6427
313981	60.564671479
362186	60.5533041938074
309196	60.3783
140586	60.322
309255	60.1741
170851	60.1016
317444	60.0759
288770	60.057
155192	60.0331
288025	60.0166
94338	60.0161
361632	59.9921387858871
155140	59.7061
302913	59.6137864364448
171144	59.5969
498130	59.3755
29228	59.3344
246325	59.1539
65196	59.0456
29560	59.0069
64475	58.9276
294711	58.8909
291309	58.8500837758
499100	58.5997
24260	58.556197424667
29382	58.5055
307251	58.4735
308218	58.4439
83624	58.412621272
24674	58.3972
291469	58.3067
312678	58.2935
311182	58.2558531248
301085	58.2535858601306
363443	58.1181656499
100301568	57.9053
305448	57.899
309035	57.8397
308800	57.8370509408
304055	57.8085
83507	57.7395
498003	57.7254466596018
289315	57.695
691947	57.6912
305171	57.607698013
293453	57.3933
317312	57.1001
313834	57.0198
310683	56.930279317
64373	56.8427
499330	56.7993
116477	56.7295444639
116477	56.7295444639
116477	56.7295444639
24252	56.7103895898
24252	56.7103895898
24252	56.7103895898
24252	56.7103895898
312952	56.7080740695531
317494	56.6939
64313	56.6652
305479	56.5268
305851	56.3002862854
306998	56.1088
306998	56.1088
25117	56.0158
79433	55.9958
301086	55.8792088072475
297910	55.7222
360492	55.48
58974	55.4143
140914	55.3505
117030	55.349
308326	55.3302111888
114029	55.2384
114108	55.165
316098	55.1327
114096	55.1123
306687	54.8934
290361	54.8596
498089	54.8413374217
81869	54.7866
140720	54.7234
117282	54.5876
29642	54.5808
246152	54.5546884299
290705	54.5261
689995	54.4227
292686	54.3848460751
83626	54.1703
117560	53.9668393494
303606	53.8509427309
363498	53.5603
362778	53.4231
24827	53.3450133154
361666	53.2526
307526	53.2056826432
116590	53.0568442
363448	53.0358
81758	53.0317
300974	52.9636
289623	52.9326
289125	52.9279
24924	52.7494853056
25358	52.7097
362202	52.6869
297486	52.6765
291699	52.6038
303443	52.5582
84577	52.4019
317256	52.3674
298309	52.3381
84394	52.2912225228119
24831	52.2286
24831	52.2286
60460	52.1541
303470	52.048
171304	52.0043
311968	51.9763
304648	51.9452009784
303193	51.865
310034	51.8506
497942	51.799
24190	51.7676
300852	51.4021
309722	51.3822
25613	51.3703
312965	51.241
366624	51.2296
292087	51.2021
288280	51.1328
312828	50.976872599
64559	50.8739
306819	50.85
246302	50.7791
313375	50.7693
298851	50.7128
499425	50.6546
291981	50.567
315463	50.5577597532319
306492	50.3699845888
499870	50.0
315434	50.0
54268	50.0
304289	50.0
307100	50.0
685607	50.0
64189	50.0
688174	50.0
