363854	93.89798
84509	93.65442
293570	93.54516
304947	92.21737
304947	91.66885
79011	91.1307313324509
117087	89.6583
432367	89.3652
361677	86.3959
25389	86.0733
171458	85.6594
363684	84.7454
170920	84.1784
65035	83.0685
363243	82.7194
25447	82.3948
89825	82.0509
65035	81.4443
291047	81.1621
65035	80.5958
65035	80.5958
364241	79.7499
367086	78.0048
100360518	77.887981139
84403	77.335
81022	76.5091
308509	75.9955
361832	75.3667
24482	74.3217
24482	74.3217
24482	74.2007
24482	74.2007
310903	74.0892
81805	73.9214
117855	73.7033
296390	73.572
301674	73.4044
246771	72.7734
58920	72.3231831853859
302473	71.9817
170824	71.3092
304860	70.0068
290566	69.4082
307916	69.3458
83572	67.7823
690188	67.0244556149629
294208	65.941
24922	65.8855
298024	65.2068156568
298024	65.2068156568
304488	64.2928837489202
81507	64.0925
24315	64.0546
93662	63.5817775804
315039	63.0009
83689	62.4663
312790	62.3382
65180	62.039
501099	61.9842572916
116644	61.7665
171454	61.5315
654496	61.2474
295224	60.421
360602	60.2508
289949	60.1137
24790	59.5202
29199	58.5645
29199	58.5645
29199	58.5645
312603	58.3899
29495	57.9966
116677	57.7003112452
312678	57.5349
114090	57.2817
500006	57.1887
79248	55.7515
501167	55.6705
360570	55.2638
311478	55.2250825516
58838	55.0588
171379	54.7263
84394	53.8932905248
297514	53.8345921796
56029	53.4756
60443	53.4639355248
60443	53.4639355248
60443	53.4639355248
688174	52.3828
192154	51.9845
315598	51.1835
366001	51.0083
310086	50.8179
291670	50.5891
313539	50.2591666015
