25562	95.2349
309434	93.83991
314228	90.39847
24373	90.30738
24459	89.8073721571149
25466	88.461
24803	87.5471618644034
300443	87.4259579026
24628	85.6261
360570	85.4396
298579	85.2463
360571	84.638596792
688466	83.8711473634
311718	83.6326
361433	83.5932180628
314349	82.815
309165	82.2751634656
116690	82.1458023345
116690	82.1458023345
116690	82.1458023345
116690	82.1458023345
444984	81.6325
444984	81.6325
361574	81.1139
314336	80.9156
316413	79.825
688502	79.7533
83571	79.1717
287709	79.1459
113907	78.3554403703655
24881	78.257876431
289727	77.899522874
116695	77.6293
25547	77.3296
685244	77.0943342209441
79123	76.4846075287862
100360872	76.2439792255
100294508	75.6735107669
116502	75.3602
299618	75.25944508
304315	74.4559263888354
65040	74.3591
65040	74.3591
688174	74.338792679
360779	74.1551895364
310764	73.9249113111248
25341	73.7544
287110	73.7416787108
24784	73.037
25648	72.8957
140448	72.6448
64202	72.3546
56029	72.0101692694
363412	71.8483137982
306400	71.5921600062
29409	71.276
304332	71.2522
307774	70.0696
64322	69.7687275539645
294804	69.6039
306013	69.5267331535
362339	69.3210607012
287534	69.184
64023	69.1098673877365
192277	69.0789
24167	68.5008024424559
24167	68.5008024424559
24167	68.5008024424559
24167	68.5008024424559
24167	68.5008024424559
24167	68.5008024424559
303659	68.35
287444	67.9478
245982	67.8633
298696	67.0058349642
289950	66.8929
362938	66.4061
25321	66.401
362329	65.9032470487
65204	65.2462379301078
394266	65.0184888673
84685	64.3599
363545	63.8121029695
192183	63.2354767605409
29466	62.6553
287532	62.5152
310614	62.5118
499941	62.0939293822
363452	61.972013744
54312	61.9695
406167	61.8641389454937
365895	61.8615509849
360622	61.7910266456
315259	61.3952
85246	61.2518502375989
308875	60.6899
246118	60.5753
361258	60.2990511982
24680	60.2816
613226	60.2635419228541
312781	60.1663378472
298690	59.8925
292751	59.5827
287638	59.5771224735454
25362	59.4026
25362	59.4026
25393	59.1788
308869	59.1052
24605	58.5584
363662	58.2661
360323	58.123284733171
361845	57.9246408456
293142	57.727859908
64033	57.6471
287125	57.6443
300994	57.5768
81922	57.5674
303745	57.3856
116477	57.3287665306052
116477	57.3287665306052
116477	57.3287665306052
114557	57.2154
25735	56.93035
25735	56.93035
25735	56.93035
25736	56.8737
304299	56.6837
300066	56.6131635673705
65157	56.3356
80897	56.2999
29423	56.2859
360785	56.1517
315158	55.8560568358
365395	55.5415
25344	55.5228
690987	55.40682774
307124	55.0736
314641	54.7455769991
314641	54.7455769991
24888	54.29779561
24888	54.29779561
315341	54.1592
298848	53.9937
298598	53.8127606022
292130	53.6576
58920	53.6574
294014	53.5337
362279	53.0248582662
50993	52.4446
360801	52.3083
292658	52.1884
296290	52.0822
311204	51.8692
246274	51.3317702332
65207	51.2067
260323	51.1871
297339	51.0963
498922	50.8255133152
171440	50.6757
309659	50.039486852
314374	50.0
54260	50.0
499073	50.0
309447	50.0
362246	50.0
260323	50.0
315439	50.0
305719	50.0
