498272	96.14103
289606	95.40348
291464	94.62884
308267	94.08401407376
309514	93.187522636
500442	92.03614
116506	90.73141
116506	90.73141
298024	90.3635763581
298024	90.3635763581
290228	90.15375
360959	89.8899
293754	87.8715
65040	87.1921
65040	87.1921
171142	86.9453
291019	86.9445
25467	86.4052
299197	86.025376541761
360983	85.2953
296315	84.9901
24616	84.0896
687031	84.0692
501052	83.8384763841
171329	83.3081
288161	83.2047189076
500219	82.6437
171010	82.5575692094
367786	82.2845
25577	81.9696
29331	80.5527
363494	79.9737283832
309357	79.8398
24896	79.6175
24896	79.5981
361391	79.2545
308821	79.0320503874
362520	78.6083
140587	78.4751
171052	78.2946
24896	76.7316
24896	76.6253
24772	76.5321388204
502227	76.2903
306941	75.9138
300674	75.6179
306608	74.351174284036
310392	74.1297657104
65164	73.8161
24772	73.2525026629
117281	73.2205
303190	72.7957
296408	72.699
299979	72.6030248594
306886	72.0331368714728
171577	71.8453
502603	71.162
300317	70.585
303653	70.1
680717	69.7634
259241	69.5884
293897	69.481
58924	69.3952
29473	69.2109
81736	67.7992
300664	66.9987922468
299799	66.9061
362409	66.3785
191571	65.6748
315804	65.2147
691042	65.0412386696
266705	64.8233
171402	64.6952
171087	64.5823
24392	64.3671
65162	63.9933335495546
680668	63.9078
365367	63.8159
308944	63.7828
81816	63.1403
290637	61.7763334828
24949	60.8221
296467	60.6115
24949	60.5467
313834	60.2931397759
25094	60.0126
58821	59.9197
361055	59.4644
361940	58.9257
25675	58.7771
94272	58.5878
100145871	58.2513
300710	58.1597
315564	57.2093
117087	57.2073
307820	57.2055291445
360920	56.7915
24294	56.2696
307075	56.1569
117255	56.1008
302302	56.0853
289482	56.0745
288321	55.628
303753	55.5692
85246	55.543613154
306183	55.0641
304495	54.9379
304962	54.6614
497815	54.5051
595134	54.4094
363445	54.2588818136
59329	53.7719
89808	53.5912
362591	53.2618
25743	52.870507451824
29227	52.8432
289754	52.5722
100036765	52.2427
290705	51.8292
305719	51.8092
288740	51.6939
291671	51.5795
314855	51.5239845429
689890	51.2555
289754	50.5339
85272	50.0
102554884	50.0
84510	50.0
29215	50.0
361688	50.0
24520	50.0
500000	50.0
100359836	50.0
