25157	98.9700403349463
192267	97.6198097323
25578	97.28937
266760	96.6457972659345
29707	95.7807570462
291259	94.58068
291259	94.58068
291259	94.58068
291259	94.58068
498130	94.3618466570502
25718	94.27729
306492	94.2582097689
81830	93.269774592
29714	93.1770701764297
83842	92.80254807421
293452	92.7118
25047	92.48208
432393	92.4235270889
114906	92.32601
303478	91.8758845113
297695	91.28946
297695	91.28946
304666	90.648438409
301007	90.3319781006468
60327	90.27649
361688	90.15357
500069	90.06355
362751	89.7872138934
64458	89.7474
362495	88.747
294809	88.7013194872
315160	88.02
297416	88.005
116723	87.3647
361618	87.2830428544
305269	87.12
266803	87.0444
314212	86.8925494811586
25276	86.8263
312077	86.72597126125
29398	86.58280072
361315	86.3151
361821	86.290961954
292788	86.158277839
368070	85.8667
679221	85.6892384363
500244	85.6196877935
295928	85.4161395891
304670	85.3054
303208	84.8944
295293	84.88663756
685258	84.4114
25204	84.4080427394568
291463	83.8758
308309	83.6851
25483	83.5315
499157	83.4177
114104	83.3897090059502
25661	83.167
311446	83.1104
25424	82.9493
298500	82.6369334191
114002	82.587
301446	82.568
362283	82.5611
25534	82.1883
83685	82.095
100310874	81.9763337917533
307643	81.879096576
24667	81.8233579472
65129	81.6628117523144
303953	81.5598
308265	81.4782417142
289143	81.021
315953	80.8377
289883	80.7666
24158	80.7541
297694	80.5946
192178	80.5669386725708
310306	80.4849
295384	80.2578
300974	80.0782
56064	79.8967
311039	79.8524
25477	79.631
307075	79.5389
25172	79.4243
312694	79.3203082411
29628	79.3155
29628	79.3155
83824	79.2877
304741	78.9004106952
25654	78.8963
689256	78.8739
306571	78.3457
25619	78.3135
317608	77.72872584
84394	77.5528176501632
363455	77.5324
29300	77.3462
246332	77.1595
290344	76.9625
307505	76.8553
311861	76.809340284
314148	76.7619
680308	76.7157
296349	76.7136002014
114116	76.6402
29591	76.5583749078043
305156	76.5214
298982	76.4597
303605	76.2855
299857	75.7397
29187	75.6487
100188944	75.328
100188944	75.328
306608	75.2446
305831	75.1824052032
361207	74.8214
25049	74.5924602446
293113	74.3344
170844	74.117
296269	73.9372
306814	73.8284
29627	73.7709340436
29627	73.7709340436
287598	73.4524
25650	73.3605
246097	73.328
317470	73.046
303212	72.9264851156
50577	72.887
679713	72.876
65189	72.3559
500874	72.3492
295568	72.2532
286936	72.0565
312563	72.0542397419766
313262	72.0056
246208	71.6789
252941	71.6259
691429	71.6064456388
307271	71.6041485981
24413	71.3760325
681578	71.3147150432
114507	71.1615
29538	70.9352
291328	70.9177
311024	70.8957
304859	70.7867
117101	70.5670683328
24398	70.4048
24231	70.3239
114519	70.2806
304663	70.1363
116467	70.0518
498840	70.0264
100158232	70.0126
313323	69.9334
54702	69.9121
305854	69.889132675
291171	69.394
303396	68.6618233034188
24916	68.6245
691335	68.5663
29517	68.4851205521
29517	68.4851205521
29517	68.4851205521
289623	68.083037624
287571	68.05065
252889	68.001
305679	67.902
116500	67.8589556259184
25743	67.6972495259148
66013	67.5631984116
25248	67.521775641
294410	67.0957
680987	66.9651
64371	66.9021
171384	66.858078825
362520	66.6994416167773
286923	66.5699
286923	66.5699
286923	66.5699
313598	66.5262
366697	66.3003669532
260327	66.2334
116554	66.0632637398207
25439	66.0382
289168	65.8544
289736	65.3858
500929	64.9318
313554	64.8911
307997	64.7775300442
24943	64.6818
307745	64.3885922294
85246	64.2337192509227
360637	64.1757
304410	63.6026682098392
24924	63.5869
310855	63.5242
308410	63.4195944856
310207	63.3546017172
362809	63.2631
24167	63.2378804816528
24167	63.2378804816528
24167	63.2378804816528
24167	63.2378804816528
24167	63.2378804816528
24167	63.2378804816528
114499	63.0782
366265	63.0521806962101
154985	62.9591
362029	62.6790865804496
24684	62.6629
679958	62.6392
27064	62.5603
292264	62.5550451345
303016	62.3452
316005	62.2079
362893	62.1794
493909	62.1418
246238	62.0743276
290875	61.9878
26296	61.9085
288269	61.6795
362893	61.6717
287982	61.6697
363445	61.6592802632
25552	61.3789
295500	61.2939
291352	61.0691151590595
313067	61.0184576
288779	60.8517
365410	60.7865630214
60382	60.7373
24356	60.5885709104785
29611	60.4706875683
295224	60.3087748864
170673	60.1727
312192	60.0449364254
171123	59.9932
497198	59.955756618
362173	59.9452704412
362018	59.9075283628331
498728	59.79013050504
24326	59.7833127872
302502	59.7771
362393	59.5714
360761	59.5284438901364
300253	59.3544
311236	59.3185
690244	59.2424
303250	59.2423
310681	59.1990015948
314396	59.0771
29458	59.0514
292680	58.9983
310808	58.9757
291737	58.9108
116777	58.8981
293671	58.8235
298874	58.6742
315891	58.5826
303135	58.4796
690911	58.3706
297994	58.1204
297994	58.1204
682908	58.1099
101241893	58.0332
294292	57.703944394
246774	57.6964
246774	57.6964
100125361	57.6631
287420	57.5464113966
292139	57.3328369158
293897	57.2668
292100	57.1637
25187	57.0267
309081	56.7767
292139	56.6409125036
83731	56.4734
294930	56.2745
683626	56.2744
306375	56.2072020448
362734	56.1159677759
298792	55.824202757
362665	55.7859
313061	55.763235052
300053	55.7064203268
361241	55.4994
24451	55.3146687661
83584	55.2376
83584	55.2376
25352	55.1674
316395	55.01
290279	54.9969
54315	54.8689
24650	54.6131
80849	54.5214
24851	54.3996
24851	54.3996
24851	54.3996
24851	54.3996
24851	54.3996
498545	54.3704
498545	54.3704
24654	54.3052
24306	54.148
306007	54.1140868514
307415	54.1007
54193	53.8055
362911	53.7444844989
58942	53.7336
192251	53.6645
171571	53.5404
313020	53.5071192174
25054	53.4058376207937
25405	53.3366
499991	53.2825101118
287543	53.2125813324
140908	53.1067
65201	53.101
25205	52.9405
64442	52.7167
360622	52.6837
305896	52.6404
288321	52.5940115124
288532	52.5219
24926	52.2658849456
315696	52.0027592644
29510	51.954862025
303497	51.8417895244
78961	51.78975211
63852	51.7552549205
689995	51.7156924384
29510	51.6166212507
252920	51.4871920856
25058	51.3661
301555	51.3629500954
311902	51.1388
117096	51.0584519257022
307410	51.057
305501	51.0360826768
56083	51.0220925191
361226	51.006
29659	50.9245
312052	50.5898
498416	50.5656
25665	50.0
25665	50.0
680486	50.0
304786	50.0
60628	50.0
