25650	98.32821782691
291671	98.20067207024
306439	96.78311065846
29642	96.75977231425
312299	96.3409213798
303396	95.63429
313557	95.51752
287585	95.07309
317368	95.00934
500972	94.79141
103691034	94.39085326625
314228	94.02969
114517	93.06285
690419	92.9718646404
367252	92.8465880602
312562	92.45928037132
300367	92.04688
170840	91.8757202670285
317247	91.8247430881
25634	91.43735
84482	91.05452
140914	90.9065024681549
301309	90.79552
291309	90.3138940234
367218	89.9058017737
367218	89.9058017737
25022	88.8979
25022	88.8979
25022	88.8979
25022	88.8979
25022	88.8979
25022	88.8979
366196	88.8265
171146	88.6731
315139	88.6502
84356	87.9628
362142	87.0617
171090	86.941
170902	86.8797
170956	86.5695
304282	86.2785
116744	86.0865856975
310803	85.8643738585
293452	85.2192
65028	84.4671
362466	83.4716
313323	83.0972
24877	82.9369
288181	82.7693
613226	81.4639951375
367252	81.3042770353
679712	80.4674
313409	80.4488
360772	80.0735
317413	79.6276
83807	79.5463
303351	79.2914
445442	79.2088
289992	79.1916909178
366169	78.944568275
245957	78.9338
289276	78.9043
171329	78.8383
302993	78.2905
317316	77.8627
292852	77.6984
25578	77.4098
295401	77.2992635184
309008	77.2409
298577	77.2397
363164	77.1629
116470	77.1458
297508	76.8962
308690	76.885
499528	76.1820101305
310152	75.7267
361688	75.6639750674
287109	74.9762
79212	74.9153
84599	74.8675
59303	74.2665
303214	74.2299
287598	74.1156
313121	74.0711
362078	73.7629
24790	73.501566081
311655	73.250739654
293098	73.0552421809
360602	72.9973136384
286973	72.99021898
361567	72.8903
313308	72.8123267663971
25055	72.5909
59303	72.5323
298084	72.4181060656
29662	71.8726
25661	71.7595
116777	71.477
81661	71.1645
54278	70.9115
29245	70.6187701598
293524	70.3189
252962	70.2857
79130	70.1639
25737	69.9283
360720	69.8352
680014	69.4908
171152	69.3706801279
678769	69.2095
29179	69.1658
289809	68.7436
29279	68.549212465
499088	68.4334
365865	68.422
260323	68.3354
246116	68.0785881554
315608	67.9484
296179	67.7825040832
260323	67.0885
171070	67.0053
116483	66.7259
64525	65.8256
64525	65.8256
64525	65.8256
64525	65.8256
114095	65.8191
682507	65.6782810496028
266760	65.4928
286934	65.1985
287208	65.1447
300886	65.0342
301291	64.751
300652	64.6842
79216	64.6829
362049	64.5398
300173	64.4828737537146
316400	64.455744836
301674	63.7884802885
302495	63.6520453815
292999	63.5162
140928	63.3436
140928	63.3436
140928	63.3436
25336	62.905
306804	62.7584
25043	62.5284
79218	62.4468
25640	62.4242
25640	62.4242
25640	62.4242
25288	62.3514
691947	62.0143
298024	61.90545
298024	61.90545
304786	61.8813
246327	61.7868
246327	61.7868
498898	61.5465
679869	61.509
303132	61.4268102048
60417	61.4123356352
300880	61.1129
25341	60.9768
501664	60.5237
685232	60.4907
309081	60.4066
313427	59.7658
684112	59.6002737892
245709	58.922
500244	58.802251729328
25289	58.6089
25289	58.6089
192178	58.1886295682189
295053	58.0596
500616	58.0304938293596
306274	57.9222
29554	57.5576930684
246047	57.2566
304410	57.1002806652
300947	57.0483170068
24609	56.9582
24609	56.9582
25665	56.7983
25665	56.7983
29562	56.4347
306825	56.2635
362196	56.2352
361549	56.1443
362152	56.1421
64314	56.0996992585
302920	55.9459
309025	55.7017
309025	55.7017
100125373	55.3257
25485	55.2368
56010	54.627843277
302378	53.8378878526
246314	53.6695
303141	53.5868
287464	53.4144
360896	53.384173646
308306	53.1516
58964	53.0447
289668	52.7175
298452	52.7106
303403	52.6632
294515	52.6316
305203	52.4907
64553	52.422014245
290364	52.336
289457	52.3285
302680	52.2103
296981	51.7423263204
100158223	51.5827
288233	51.1423
498225	51.1251
290426	51.1076
360983	51.052108635
24398	50.9646
140923	50.7625
25532	50.6446
361384	50.0
290396	50.0
298694	50.0
245926	50.0
