24170	97.8504969575
361634	96.52128954374
308140	96.50806
309684	96.09185
303763	95.95684
305922	94.671005791
84382	94.51172
302971	94.31836
307948	93.90732
100310874	92.7285702004
363091	91.7949
296956	91.54947
295674	91.03399
297989	91.0134954698
291211	90.9963440896
500199	90.69447
316639	90.42889
295446	89.43672787
309071	88.6673
315689	86.5078608772
83785	86.3102
83785	86.1051
83785	86.1051
83785	86.1051
83785	86.1051
83785	86.1051
83785	86.1051
83785	86.1051
83785	86.1051
83785	86.1051
83785	86.1051
83785	86.1051
83785	86.1051
681059	85.3622
500558	85.3393
102548228	85.1144856222
287545	85.064474505
364706	84.909
64531	84.6433
84391	84.2624
24596	83.8732
307526	83.7273493457
294103	82.8779
303343	81.7838
306439	81.7562
84379	81.7018
309164	80.740027915
316742	80.3622
25716	80.13
306759	80.0183
84550	79.694830388588
309407	77.8768812622
307982	77.5953
307982	77.5953
24423	76.662
689933	76.3343
65208	76.1983
288654	75.5532
114901	75.5368555498
287098	75.3394
304791	75.2737
287462	75.0457
25485	74.9168866922733
94272	74.7691
314265	74.7212
317418	74.372689045
29482	73.9942
302290	73.7518
315311	73.6691
315311	73.6691
315311	73.6691
300444	73.384
304181	73.1098
25043	73.0583819848
302562	73.0551
361159	72.8103
292264	72.4289
361677	72.327241565
286904	72.2167
286923	72.183972862
286923	72.183972862
286923	72.183972862
171136	71.2004
171494	71.0181
24414	71.0127302973203
361390	70.8722
317470	70.6985
309858	70.4122
192267	70.0092
24414	69.713325070551
25514	69.327
313783	69.2469311417
29344	68.5578
171574	68.5454
289311	68.3230775512
29483	68.3041266219335
29483	68.3041266219335
29483	68.3041266219335
29483	68.3041266219335
257648	68.2103
498728	68.047312199
308051	68.0054
314442	67.9579474935
294321	67.6828
24180	67.2165
64469	67.1861
312806	66.8784
307859	66.3536
81737	65.6061
81737	65.6061
81737	65.6061
81737	65.6061
290234	65.5588
171387	64.5436
25579	64.5393
300052	64.399
24640	64.3685
24640	64.3685
24640	64.3685
685244	64.289
311204	64.1294335742317
300983	64.061
365755	64.0218
80850	63.4568494735
80850	63.4568494735
116596	63.102
361668	63.0685
298848	63.0435
24212	62.7020646142
295293	62.632
299979	62.5956
292584	62.4725
364052	62.3389
315215	62.2445
89804	62.1017275334
304131	62.0946261808
498301	61.9762
312952	61.8255
500562	61.6316
116645	61.6299
290905	61.3963
685472	61.3012210159917
314330	61.1169
310745	61.104
362359	61.0022
315870	60.9371665246
29562	60.8165
307401	60.7278
362962	60.5424
170566	60.3853
64566	60.0591473637
362741	59.962
294065	59.6663
81507	59.4553
689909	59.1025
60352	59.0886
313089	58.8204
311536	58.6856
24629	58.6469
29340	58.5758
288563	58.5301
29366	58.4408
89784	58.3849
361613	58.1231
306279	58.0532
171565	57.8641
363115	57.8311832365
29461	57.7221
83689	57.6142
310352	57.4552795036
309025	57.2172
309025	57.2172
293142	56.9941
29528	56.9834469532
314870	56.7973624489
288499	56.5371
155205	56.4958
361195	56.4464645482
24773	56.362
24773	56.362
24773	56.362
362766	56.2291335344
361037	56.0922
306562	55.9338985364907
308134	55.913
287382	55.7886
25258	55.5116
266766	55.3584
309888	55.3558
192242	55.3329777888
300732	55.1483
303836	55.0546
300339	54.9141
316333	54.9008
311020	54.8089
682507	54.8055220805
85238	54.527265316
24834	54.4270762608
308409	54.3663127888
315345	54.3312710586
688174	54.2138636864
498840	54.2071
307415	54.1479
287818	54.1452
366274	53.8760662016
64845	53.85
361907	53.7747
303016	53.7496166504
360602	53.7277
58979	53.6384948656
83576	53.5459357876
305341	53.2653
24651	53.2568
311327	53.1161
29735	53.1062
363135	53.0298898792
84471	52.8628
64823	52.793641266
312936	52.7073
311903	52.69829534
25624	52.5962402746
59318	52.5091
24942	52.4921364694
362489	52.4255
60669	52.2835
306285	52.0621
302913	52.0051
316021	51.91667803
313018	51.8979052993
64387	51.8341
29699	51.7505
83803	51.7477
317425	51.6942
117101	51.581
50690	51.4575
78961	51.3422
291637	51.3224
252897	51.3224
498847	51.3224
252895	51.3224
291635	51.3224
116782	51.3224
360906	51.2121
192213	51.1155856984
24493	51.1039
84588	51.0539
313557	51.025
64465	50.854
54309	50.8301
252889	50.788404864
116545	50.7429
50688	50.7228733
308218	50.574
364814	50.5087
308845	50.48920306
307721	50.0
309804	50.0
64537	50.0
60663	50.0
314148	50.0
314785	50.0
296577	50.0
685679	50.0
24906	50.0
311670	50.0
