24413	98.4480560048871
308790	98.4347184241
299811	96.3927370343879
29150	95.33203407894
313554	95.23915772848
313978	94.2209871184179
306129	94.0037847361
554172	93.86635
192256	93.85576
192256	93.85576
116663	93.55307
302495	93.42445349221
24693	93.25592
315798	92.89752
117180	92.68106
294930	92.471268706
296787	92.4599911437603
171159	92.24995
360920	92.0223
361632	91.86491924
298675	91.54213
304334	90.96402
310358	90.9256731244
114764	90.9215972632
29737	90.84734
289881	89.9517078015642
310803	89.3794
83800	89.2021
25289	89.1839017
25289	89.1839017
301261	88.9695
317183	88.8482
365802	88.7973
498709	88.6348
192210	88.6119
299800	88.1547
114203	88.0825
362048	87.6634299974382
170751	87.002
117045	86.9375940224
83476	86.7321
246116	86.6604085715
309361	86.3493
317396	86.3309
313860	86.1646
317335	86.1574834128
24877	86.1296
287585	85.9902
289754	85.9104
311311	85.436800778
294606	85.3515244986
287199	84.6536
59322	83.9942430936
300756	83.6903
64076	82.7956
29456	82.0310828169958
192675	81.7613270772624
362454	81.4185
287607	80.777075388
100362805	80.3765
362013	79.5402
313304	78.8074903708
309544	78.3139692875
192178	77.4104315026325
84484	77.366
312694	77.0967565156
312398	77.0614
56010	76.6240078122
116677	76.3736
295619	75.5868
360526	75.538
298598	75.4376
313548	75.373
259274	75.3418
315037	75.2301
286906	75.2154436144
313510	75.1880835054
24311	74.9968589371859
24311	74.9968589371859
24311	74.9968589371859
65166	74.9349
690038	74.8506
313169	74.4765
297867	74.3686
289950	74.0682
60466	73.8643
246326	73.7973
298019	73.4289
311144	73.4215
689917	73.3103320445
29477	73.160240482
64088	73.0551
257644	72.939796148
245977	72.3774
287276	71.4976
117026	71.2924
25479	71.1656
79249	71.0252
294790	70.7411
117049	70.6368
79218	70.6316
29726	70.3745
292852	69.9713
360761	69.6638
58823	69.5014
24171	69.365625801
25162	69.325
316628	69.0951918018
305482	68.95466698
315265	68.8471
301012	68.7319573189
24679	68.7012
308118	68.4775
85249	68.3045
266760	68.2527
288937	67.8380407893
316344	67.720363345
56718	67.5403029442
293561	67.2557887385205
500000	67.0503
306110	66.4706
299204	66.2669214779836
64020	66.0876
361884	65.5451
361014	65.1869
288498	64.9547
311872	64.8871
79209	64.8295544781
360654	64.6966
29475	64.5768
64086	64.4790210889611
94196	64.2632
311468	64.0223
25743	64.0113051062351
24399	63.631
314417	63.6239
78975	63.5491
361018	63.1898649478
85489	62.9102
25248	62.8832381753
303547	62.883
315173	62.8654
29316	62.8341
362844	62.0549
690163	61.8959
366975	61.4169
306307	61.1022
316737	60.752155032507
360726	60.6728
85260	60.229
50645	60.0519167676
679921	59.6601236032
24831	59.5020796502797
24831	59.5020796502797
306817	59.490390543
65161	59.4193
116694	59.2762
24908	59.1104
365355	59.0215
302290	58.7176
116693	58.614337641
363672	58.5006
63834	58.3359
287148	58.1375
308843	58.0860436332
64469	57.9796140569289
289168	57.6248
309081	57.569
84597	57.4269
299730	57.3062
116459	57.0229
170919	57.0136
59318	56.8473
295284	56.5795586986
304743	56.1686
498140	55.9841
290555	55.8662
117515	55.442688137
80338	55.2449
307124	55.210541832
361338	55.1806400067
313236	54.6221279923223
50993	54.5333
309804	54.523
299928	54.4739045027
65051	54.3585
65051	54.3585
306281	54.1108
25565	53.9253
83466	53.8143
54251	53.7555261388453
365042	53.7496
306809	53.5793878041
29713	53.3852
288108	53.2086607075
65135	53.0224
306285	52.723251163
360807	52.719
287942	52.5846615152
310909	52.2066
295461	52.0616
361226	51.7411
171147	51.698571888
294672	51.6985064352
298577	51.6012
293050	51.561962368
308215	51.5575
81681	51.48593776
291921	51.1899167571
362972	51.1154792157
171050	50.958167248
294753	50.9344
314587	50.8961
306809	50.5725163464
24414	50.0
498549	50.0
292766	50.0
310785	50.0
