25027	99.9969362837383
303394	99.9037506378584
83507	99.876889737119
83610	99.8658736471765
25561	99.8567789942208
498089	99.8327784598882
361651	99.8203190732885
293294	99.7377645877152
307740	99.7333052189685
84354	99.6872776585551
314743	99.603450261269
81516	99.5933367379967
362733	99.5632568197142
298690	99.5400405671444
309288	99.441417912502
260324	99.382823705499
306357	99.2909907957589
80840	99.2816349878408
80840	99.2816349878408
170843	99.2111075829719
362733	99.1575761858127
619440	99.1556815895411
29628	99.12712679932
313618	99.1133639188001
362202	99.0312775001772
307820	99.0005015066308
50568	98.9987407697248
25205	98.9630739672625
293112	98.9570083362433
83501	98.8801938749835
360511	98.8190914605169
171447	98.7520784662873
171447	98.7520784662873
171447	98.7520784662873
171447	98.7520784662873
171447	98.7520784662873
171447	98.7520784662873
171447	98.7520784662873
114612	98.5386973501907
307474	98.4245108777888
312678	98.3332251928861
29628	98.2831590781
25312	98.2539286347565
501563	98.1859245011299
170956	98.175802072
314246	98.0512889578623
311326	97.9956991408041
292139	97.9642706740004
292139	97.8458131071631
363040	97.7380848273896
289419	97.5087249035832
114845	97.4575266065983
65192	97.3976944185206
50552	97.342540872633
310261	97.2368970777464
282585	97.23245489838
361944	97.1110019104374
361944	97.1110019104374
296603	97.0988660629922
314824	97.0789245235748
300173	97.0788422505397
29592	97.0373673055461
83824	96.8574343913231
679028	96.8354693200499
304758	96.8130413220459
362858	96.7927841601122
287098	96.6829713162
116508	96.6715494046
315308	96.6710162419811
64189	96.6585559942149
363266	96.6550028683313
306439	96.6533752586623
309871	96.5704022552731
298184	96.3431024473
360613	96.3292564203523
361037	96.3239130585166
65196	96.237527704
293967	96.2248550528262
65135	96.189624789456
282825	96.154784655716
311661	96.1021683922
114520	96.0166057789464
56824	95.986827904
361063	95.9466039958119
360992	95.9444531234
362489	95.9394492731
307100	95.9361742523973
25433	95.9089387048422
365755	95.9085106084087
498538	95.88717562245
291309	95.8448189720946
171365	95.7213655662
315978	95.6408404429451
365895	95.5704447247899
171106	95.4986399560332
116554	95.4809137799136
64530	95.44283321506
316524	95.2828039809388
140942	95.25382
116555	95.2337691485
246208	95.1319788616
316351	94.8261177426825
114494	94.7702026518
192180	94.71844
297093	94.5284788733
500037	94.5177885426622
316742	94.413765768
363854	94.2900824407
317444	94.2665127944
363445	94.2352870726003
498206	94.2099747946
25429	94.192219318
497991	93.9274492528
64862	93.8872
24225	93.835873957128
24225	93.835873957128
24225	93.835873957128
24225	93.835873957128
24225	93.835873957128
24225	93.835873957128
24225	93.835873957128
24225	93.835873957128
24225	93.835873957128
24225	93.835873957128
25617	93.69054
313672	93.6859018228604
362734	93.6700263701036
29710	93.6383951466
360636	93.45817
291352	93.4472504421
114028	93.41780230408
361745	93.3099099627021
298410	93.27142
313961	93.2068219408
291987	93.184508692
500384	93.1423967214861
308100	93.1218830591745
302396	93.1004381186179
25594	92.8768464762613
309722	92.86238095144
314718	92.71153
303373	92.7100105813264
307724	92.6662057932163
64551	92.6283383512
64551	92.6283383512
296851	92.5167494493695
306647	92.4839967148
361883	92.4572084563
114211	92.37363
24334	92.1283984212959
361844	91.860951637
316575	91.8203778121919
305861	91.4170369232645
300870	91.29548
303024	91.2612896293157
317425	91.1935939244508
360526	91.17831
24174	91.1578991906287
309126	91.0728550852375
171121	90.93977
29517	90.9233894846
29517	90.9233894846
29517	90.9233894846
362052	90.88558
83526	90.5796900050728
296182	90.5345863144617
362049	90.5075576992253
287615	90.4710798145836
84410	90.4334165025
310315	90.402622603
24617	90.2845951564018
303016	90.2107610702396
296654	89.879224169
299730	89.7163185165
85426	89.709886504
29645	89.6174880735985
24790	89.60923918
291709	89.512248446
302680	89.5017876176
25281	89.4781784876
311118	89.4423074236128
306792	89.4358
84509	89.3031
192211	89.1519767916
337868	89.096833262895
60331	88.7821
60325	88.688
25615	88.6689004069843
304786	88.6341227898392
362418	88.5512
64553	88.4682057106
308971	88.4645772674
310803	88.3950689298973
363836	88.3547774709013
310463	88.064497064
305851	87.928211224
307667	87.888
171494	87.8529
192272	87.8193995265523
315806	87.778760935
289990	87.7777
305268	87.7025810138073
362859	87.618597414
432358	87.4451904028
303605	87.4202
289010	87.4143
289010	87.4143
289010	87.4143
360482	87.3781225555
114023	87.3332
679712	87.255009874348
81809	87.2502826352
305105	87.240889242
25231	87.1907
316256	87.0432
170911	86.96399622215
680445	86.7191655116336
29715	86.7098214921035
29715	86.7098214921035
29715	86.7098214921035
29715	86.7098214921035
29715	86.7098214921035
29715	86.7098214921035
29715	86.7098214921035
29715	86.7098214921035
29715	86.7098214921035
298762	86.7014688496
25671	86.6316
306104	86.3796307249
282581	86.3375393526664
362160	86.3199987931
305687	86.2142
64161	86.1958
94273	86.0098
100125361	85.9234980404
315870	85.8667147453194
29492	85.8039570738786
114095	85.7752335632
294508	85.7488
299138	85.4647805372
287716	85.4103
315170	85.1009
311047	85.0890099898
683927	85.0736248110002
60562	85.0348497818
361207	85.0313734572
317335	84.9564691977567
252920	84.8616386765378
116724	84.6799304506
300756	84.6105843760035
24482	84.5889864184
24482	84.5889864184
25136	84.549
498704	84.4798
114856	84.3569356122905
64026	84.2856320485
81682	84.1541659554
292129	84.1221289859977
312495	84.1153799881
313539	84.1069
300074	83.9892824993
25613	83.9805072019
81522	83.9269417594
24669	83.8839767092301
24516	83.6867315208
406164	83.5857
24765	83.5637
245957	83.3243
316013	83.3006820192
24667	83.2086666538117
306197	83.1319
25202	83.0393
311913	82.9432
24482	82.8351994825
24482	82.8351994825
306128	82.7501878524
361970	82.7495296903441
295382	82.6812
25276	82.6391
312652	82.6386
361178	82.4803791135
294421	82.2486
100233176	82.2423
85428	82.2297691731027
289312	82.1959
309995	82.0499
315265	81.851
309922	81.7773676217
117034	81.673
308106	81.566278717
24215	81.4372
310352	81.4171545106898
290668	81.230423903122
85245	81.2026
85245	81.2026
364754	81.1036
313200	81.0499
314910	80.9830348042
304037	80.828746519
117261	80.707749915
303342	80.6349
294606	80.4768
192178	80.3591878710375
310250	80.2894867804116
266759	79.9134
362384	79.9017150180219
502227	79.7635
295252	79.7223
25533	79.6804
84014	79.6106075662
310677	79.6015883712
25255	79.5736
313020	79.5685
79248	79.2625
291445	79.2538
293059	79.2332
114498	79.1838882262
171146	79.105
310512	78.9901
362485	78.976579252492
64036	78.9763
298944	78.936
313166	78.9233
315159	78.8592
313861	78.47564154
24708	78.2660906636
310506	78.1625576891486
25301	78.1448
362911	78.066951265
85254	78.0544
295053	77.9786402898
252941	77.935040578
302400	77.8608
292406	77.6647
29253	77.6407
83514	77.5729346814421
365748	77.4733397443
315746	77.3143055807324
311607	77.1208
294375	77.0556421767167
299197	76.9378529764
310745	76.8888918170734
682507	76.8624
114483	76.8491
29642	76.8193597767
25109	76.6988831235
313994	76.6212
307545	76.5796
309678	76.4327061688
313825	76.4160868755
312182	76.2904918989295
360514	76.2691
292199	76.2364220802004
316216	76.1632
65023	76.1003
301416	75.9848324096303
317368	75.9051
84010	75.885674124
679693	75.5967
286988	75.5565
365652	75.3823
361391	74.99088112
364624	74.8653
64896	74.8188996569
294394	74.8133
309458	74.792728648
302993	74.7661372836
362106	74.7456
294380	74.7352943189512
65198	74.6483
295238	74.5932
24239	74.593
690262	74.555071325
80850	74.4483005582
80850	74.4483005582
310461	74.4166
140935	74.3
304966	74.1971576301
64015	74.166
25369	74.1590942806
83572	74.1292665504014
155812	74.128898961
59265	74.1170068
288654	74.0594
171355	74.0005522026
288518	73.9783107859859
313834	73.8992420119
117096	73.8777050123497
294012	73.8586
25125	73.7735171821
362263	73.6671845232
29437	73.661
500629	73.6579
292537	73.6184057164
25124	73.5237
361730	73.4801
500156	73.473124920723
310533	73.4577
58839	73.4427
292534	73.4395
25054	73.1307754048
306765	73.0389508415668
29588	72.9881815223984
81661	72.9790386676
295327	72.9173
314830	72.833207614
300463	72.7818
298689	72.7796
64531	72.6106298101113
317590	72.5984
312675	72.5853132148
24356	72.5134
360389	72.4796
116663	72.4313995744
84510	72.3339
140587	72.1909
301674	72.112096348
94172	71.763
116740	71.7558
266761	71.7424
360903	71.5078
360589	71.4415249903374
60447	71.2793685198786
60447	71.2793685198786
305166	71.2378677558145
171576	71.2080171624
245922	71.189785684
24552	71.0322773138671
296706	70.8746
29748	70.8571968574
289727	70.7175228846
311910	70.6719
292483	70.5442
294400	70.5262148865
309544	70.3314
303059	70.2906
500137	70.2679
295251	70.2553930246
66026	70.22
310358	70.1385
81739	70.1318377651081
81739	70.1318377651081
304286	69.7459
360739	69.6588
309957	69.6155
299331	69.5610650575
29463	69.5510745293826
84431	69.4659
83785	69.4244
50654	69.4042
312855	69.2718
83785	69.2464
83785	69.2464
83785	69.2464
83785	69.2464
83785	69.2464
83785	69.2464
83785	69.2464
83785	69.2464
83785	69.2464
83785	69.2464
83785	69.2464
83785	69.2464
116598	69.1585
360847	69.0213
289707	69.0186
25406	68.9445
25467	68.8987
292554	68.8791
308800	68.7904
24848	68.7236737
303564	68.70220881
362466	68.5434
307271	68.5286810716
308537	68.468593905
303478	68.4629
83689	68.4036007045
296925	68.3917
100529260	68.2856
309029	68.197
84586	68.0556012184
116477	67.9619
116477	67.9619
116477	67.9619
295284	67.9192
83472	67.8486
361309	67.79165
300783	67.7374
301242	67.5483769918
679869	67.4502461609814
304477	67.402345211
307016	67.1058610996
292999	67.0255
24493	67.0234
365797	66.9828612608
29275	66.9793179896
294515	66.7043
364706	66.7004174636828
315427	66.61451112
362751	66.6012
295401	66.594610289658
314388	66.4915251442
312491	66.4826
25023	66.4712
361171	66.3836
373066	66.2422
305123	66.2211
24415	66.1601950108
301634	66.1563
29144	65.9949186664
81710	65.9835
102554884	65.922373981
117020	65.6778
296624	65.6606
25167	65.5981
257648	65.5617309247674
25293	65.4777702735907
25293	65.4777702735907
25293	65.4777702735907
25293	65.4777702735907
116665	65.3848612649
84472	65.3385
29631	65.2728
360634	65.1141
29721	64.8661
315259	64.7295
313929	64.6294
192274	64.3194
309798	64.2660578065
314848	64.0545
361057	63.9401813035
298874	63.9336212307
316916	63.9229
293960	63.8601
85243	63.8554
305031	63.8432335080754
171050	63.8189
363227	63.7943
246116	63.6573098932
316344	63.5793
25620	63.5018717596424
54244	63.4997731865023
306110	63.4982
25620	63.4843860451215
25620	63.4843860451215
25620	63.4843860451215
291327	63.4718
311078	63.4641
313409	63.146619514
25628	63.0005683735
307865	62.9965112774
102548228	62.9172
24778	62.9104
83720	62.892
289026	62.8594
24419	62.8298
246279	62.8244961388
246279	62.8244961388
25290	62.6835
306055	62.6283585152
83619	62.5716113
304012	62.5290355328
291794	62.4386
65045	62.4235
54248	62.304672617
192147	62.2773
308023	62.2416
25620	62.2151682456167
25620	62.2151682456167
25620	62.2151682456167
25620	62.2151682456167
362844	62.1284507578201
311530	61.9653
288702	61.9464990407
314228	61.86505
362275	61.7174
315904	61.6933
361833	61.6513
301742	61.6246
192359	61.5253
117257	61.5164
100125370	61.4347
303599	61.4003
78975	61.3519
314388	61.289115086
291914	61.2172
81507	61.2005
170699	61.1970813975
63879	61.0471
305391	61.035
305423	61.0343
314028	60.8555
294287	60.8458
80881	60.5737110865097
312381	60.5211754888
309391	60.3567472128
301235	60.2917137226
307210	60.1944
292687	60.1816
266780	60.1211109808
654496	60.043224694
25541	59.973
25359	59.8451845279
310682	59.6702
315891	59.5579
362918	59.438658707
499947	59.4215
360993	59.3641634536
300974	59.3545
306809	59.3538914255
116635	59.2753
287927	59.1975
312563	59.151248073819
58853	59.0817
25614	59.0622
361677	59.0007
100362554	58.9206
192229	58.9189
364785	58.881
680717	58.8661
304546	58.8543
304007	58.7694
79210	58.6936
289400	58.5167717422
64043	58.4680356848284
80897	58.4679
297989	58.4142
301563	58.0596
301563	58.0596
301563	58.0596
366624	58.0168
63865	57.9602
361103	57.7804
302935	57.7429164016
368070	57.7068
310392	57.613532898
171373	57.5937
84550	57.5915850622
310399	57.4640227855
364206	57.3447
299618	57.219
301261	57.1879973534524
289057	57.1146
314384	57.0938039445829
361613	57.0278
311412	57.0196
54319	56.899
24948	56.8829233376
444984	56.8085
444984	56.8085
114490	56.663
309041	56.5784395815
499991	56.5439
306809	56.5201439528
297486	56.4492027196
83502	56.4417
171126	56.3745
288057	56.2881
89821	56.2777298791
309338	56.257246543569
294051	56.2508
25049	56.2391
494345	56.221
306274	56.2102686896
294709	56.1822
312927	55.925378016102
305549	55.9057
114300	55.8597
29560	55.7535
362291	55.6673
171092	55.6618261644254
25603	55.6410348276569
297357	55.55652436
315760	55.51
294074	55.4838
114500	55.4834
310749	55.483198874374
361810	55.434
683630	55.4181
116725	55.2548
303181	55.1929
295631	55.1784252493259
290686	55.1731
25672	55.1386
310753	55.1213896592
316599	55.0844866667
289034	55.0807
314436	54.956
309812	54.847880104
116673	54.7566764896
308282	54.750992339
306081	54.6958
114767	54.6206
290396	54.5152
295446	54.4928
361258	54.4675
313348	54.425311629
501664	54.3582
79107	54.2803152741179
500132	54.2505482938
114096	54.1918
58919	54.1565485348795
312135	54.1432
81678	54.0864327229
313418	53.9543750259
360994	53.9314
315758	53.9048
81742	53.799
362264	53.7562518482
113893	53.7546
362960	53.6228598684511
25133	53.605
84478	53.5377777792
314312	53.3328
362738	53.2037
362871	53.2018
302470	53.1904
287534	53.1451
192359	53.084
298757	52.9737
100360302	52.9316
360761	52.9209688467059
296787	52.8509
316731	52.816828989284
497009	52.7468
25380	52.6612
140720	52.5636
306516	52.5242726539
308739	52.4551392691
29546	52.4324
313242	52.4262
294010	52.305
59303	52.2286
301309	52.2038
315863	52.2009
81574	52.1689
500590	52.1624
314647	52.0878
308523	52.0235
117542	51.9711
691149	51.9298228672
315036	51.8821
310074	51.8422
307070	51.7675
501560	51.7103
363875	51.5996
311441	51.520670199
294993	51.5181951891
85246	51.516672982781
500569	51.4815
679890	51.4667934856683
363091	51.4472776224
361390	51.4337
83531	51.3764
301374	51.3475
310806	51.2826600378
100362805	51.2819
294250	51.2738
100360100	51.2676
312192	51.2477196799285
140931	51.1704
117553	51.0625
25356	51.0092
296281	50.7698111331395
293415	50.7507
290326	50.5313
116741	50.5022944336
364630	50.3242450504
299982	50.2527179764
260323	50.2511208543
308000	50.1477146336
300341	50.1056966987
432360	50.0
363232	50.0
690585	50.0
303292	50.0
361285	50.0
79249	50.0
304775	50.0
499878	50.0
291736	50.0
59303	50.0
24697	50.0
305083	50.0
24184	50.0
