287564	97.6863574577
304315	97.3697486278351
363412	96.7785847861504
171293	96.5348370637
302946	95.9597696602
309168	95.8591720252
360639	95.820445480985
315121	95.6976261649504
292724	95.6288537452741
299618	94.8269710468878
315962	94.3956131409907
25746	94.2745421725
192126	94.1483041416717
311799	93.55150526575
192183	93.3484459397095
289230	93.2306454366
116690	92.8120507131758
116690	92.8120507131758
116690	92.8120507131758
116690	92.8120507131758
25344	92.647574866
311860	92.6257933521
310614	91.4903836353
171571	91.2273398668348
85268	90.909223914
24656	90.71131
116670	90.53398
497892	90.10913
497892	90.10913
363139	90.01927
85268	89.4300583645
85268	89.4300583645
85268	89.4300583645
85268	89.4300583645
25569	89.4038
290648	89.119443988
296199	89.0881
260416	88.3439
289717	87.8986662984
56029	87.5431759398
362788	87.5263445882136
309525	87.5037
690374	87.4318
300443	86.6922298213832
24803	86.6630394714407
297518	86.4078275334
502901	86.3076582502
84357	86.2919
66015	86.005322171
288702	85.741644691
316085	85.3882136553125
309376	85.3836
60663	85.231
303796	85.2255874648
300664	85.1534035652
116673	85.1026368832
116509	85.0626172392
315189	84.9421562672
306110	84.7641
690315	84.5687
60356	84.3416
361388	84.2855
312728	84.1965089761015
171039	84.1218
366214	84.0683
304966	83.8163
298546	83.3087
296048	82.4253
365842	82.3457
497976	82.0922
499974	81.7312
289727	81.6705212731944
362332	81.1295
361618	80.9098
29663	80.903
170496	80.6164692566
690853	80.511913298
360678	80.3064
297096	79.5726
300980	79.4049250221
359726	79.0576
81778	78.7072
60449	78.6944
304522	78.6713644052262
287638	78.5841534310525
689364	78.3558
303378	78.3339382443256
361251	78.3178
24596	78.2759734860578
363071	78.0474
303693	77.7155314244
24620	77.4195
292044	77.3801
501736	77.3486
83764	77.327238488737
83764	77.327238488737
83764	77.327238488737
313981	77.1454
293618	77.0778
304203	76.5089
315346	76.5082906582
360801	76.3692358301778
25205	76.27038208
116694	76.1892962414
114096	75.95052283
56827	75.9462
24224	75.7309
58851	75.664537915
300446	75.4749498999216
361437	75.1345
689210	74.9931
50646	74.9785
294287	74.9726
29138	74.9721930233
83527	74.9671
83527	74.9671
83527	74.9671
83527	74.9671
24763	74.7575
113975	74.7351
313236	74.5871058703
114504	74.5802352597476
365395	74.5524957248
303924	74.5168
296603	74.479797215
498234	74.3219
311721	74.2668350936
293488	74.1081
291969	73.7744
314596	73.7376
313156	73.5746
308875	73.244417927
361615	73.0938169218
24419	72.9802
308846	72.973531324
362329	72.951032321251
361749	72.8619517284305
100363074	72.6708
83685	72.6239
65208	72.5989905545177
296121	72.5541
296472	72.3284936305
155173	72.2581
302553	72.1113
293671	71.9693
83469	71.8283
84471	71.7972
64527	71.645
689414	71.6021
296267	71.5798139325
298792	71.2637
117058	71.2176951
299971	70.7291
501099	70.5893429010889
29403	70.2574
314897	70.2104209935
361303	70.0343
309165	69.5684
313772	69.564497023856
114612	69.512
25743	69.3921285100103
29398	69.3617448057
303068	69.3298
84551	69.2988614631091
307973	69.146439386904
315744	68.9014
171548	68.596159232
24603	68.3642
315259	68.1945
58965	68.1308
312495	68.1006007258344
498999	68.0858
293939	68.0057332672
312711	67.8673
192211	67.7703
311842	67.7694152584191
289783	67.7369210944
79123	67.6495815722
171493	67.2387
688502	67.00925396
114110	66.534000812
83826	66.4832523698457
83513	66.317864129
171443	66.0233
171085	65.999299999267
24668	65.8677
65050	65.8519818533
25708	65.5003
313512	65.4032266968
304474	65.3577065300605
293135	65.2634
25291	64.939862388
291388	64.9105
65202	64.8808
308773	64.605
25352	64.465091742
64476	64.392
24716	64.3792
155192	64.2799
56766	64.2496
309060	64.1245
363460	64.064
362316	63.8115422095
29410	63.7820979852
304294	63.7645289054
500244	63.6665
303414	63.6605396902
25359	63.6509
282838	63.6025173762
304913	63.5883
25186	63.2199379631
292130	63.127
315297	63.0442
312478	63.0
688276	62.706
113960	62.5043435480416
363249	62.3949765869
54260	62.3627
25337	62.3551
192204	62.2916
360878	62.2293
65024	62.1998
298646	62.1342
360570	62.0571
301119	61.9799531812
302424	61.5175028065
291841	61.3773
308134	61.2475
314438	61.2007
64558	60.938
192248	60.828
298024	60.7836442848
298024	60.7836442848
25125	60.7300744937997
302552	60.4791
303903	60.3928548216
303604	60.3448419042685
311861	60.3338139060636
500292	60.2545
500292	60.2545
500292	60.2545
29515	60.2297117811692
691589	60.0968
24417	60.0908220084995
293024	59.9388705322
362776	59.6572
689890	59.5569
303602	59.4923339539
312790	59.4199262416
297910	59.3537
296360	59.3442
25037	59.1142662856
303470	59.0455196116
362938	58.9907
362965	58.8805
299940	58.8161
50689	58.7298
24768	58.5588
25674	58.3103
24167	58.1744254678
24167	58.1744254678
24167	58.1744254678
24167	58.1744254678
24167	58.1744254678
24167	58.1744254678
245966	58.1522
304486	58.0164911104487
79557	57.9982
170667	57.9552058877686
79146	57.9246096628
79146	57.9246096628
287721	57.7907
25367	57.7546323952
25367	57.7546323952
25367	57.7546323952
25367	57.7546323952
311204	57.7538
363165	57.6491816386
25411	57.5671
314655	57.2849803982
25715	57.2179
29245	57.0212823055
81641	56.8957
287884	56.8566
83470	56.8064
60379	56.5572
303252	56.4861
363143	56.3687078252
500598	56.3074
54254	56.278924628
300030	56.20215
24804	56.1847607854
297453	56.1650729851
307919	56.0402
314641	56.0367803596
314641	56.0367803596
360654	55.9313
292729	55.9304105676
24587	55.8682
308458	55.862
298184	55.7967
83511	55.6653
362629	55.6475
246120	55.5759
114562	55.4868
83788	55.4434384655882
83788	55.4434384655882
83788	55.4434384655882
313668	55.4434
296468	55.3148
303356	55.2993
64635	55.2697
303702	55.2541
362828	55.1566
362245	54.903003782
64023	54.6007150287208
300444	54.3244452180736
303100	54.1553
29237	54.0188
300250	53.923263712
309586	53.8999
83825	53.8517
58982	53.8328
64304	53.8214
365394	53.8165
363133	53.788793959
303659	53.6427
65165	53.6166
307893	53.4919
117275	53.4801
312952	53.3807416081164
64561	53.312
293694	53.3001
295934	53.2672
266732	53.1964
287820	53.1829
288906	53.1609808
25342	52.9445122201
286918	52.8122
295161	52.6653
308959	52.583
299188	52.5403590816
81005	52.5177549529353
498609	52.4681
362831	52.2368
29195	52.1538797398
29723	52.1386
29723	52.1386
140914	52.0534
501283	51.9301
314480	51.92
308582	51.8729
299027	51.8180184134
305795	51.8074
83465	51.7744
64566	51.6820261288
361673	51.6541
25521	51.6325
287716	51.5182
192255	51.4564
116470	51.3428282563
84497	51.2597
502317	51.2387
303599	51.0869
311621	51.064
293546	51.0508125701
170917	51.0298257148
308983	50.8761
29144	50.823
171125	50.7752555368
312638	50.7647
25080	50.718
25722	50.6523917215
362599	50.4048135385
309280	50.147654352
305438	50.0907037592
171097	50.0178377266
290659	50.0
83823	50.0
294963	50.0
292129	50.0
