314028	97.4091119412175
299204	95.9780676993966
289094	92.72496
314539	91.967
307652	91.13196
313554	91.057410081387
84508	89.4402
313771	88.124207042
304055	87.9203
291736	87.8369587498
303828	86.1128875468
298184	85.2955819060669
261736	85.2353561712
117180	84.8903
309243	84.8133561957
360950	84.6052814188
308690	84.549
310074	82.6636
50563	82.6283
29144	82.3293884592135
100362431	81.8806
81649	79.962439531
25342	79.8888376580833
25549	79.2599
500616	79.1512
83576	79.0735
363164	78.8378
304286	78.6664699438736
684097	78.5344
303676	78.4304
294091	78.425
497936	78.3021
362078	78.030506677
298577	77.154615870571
288057	76.689642832
314870	76.6831
312560	76.6797
171129	76.5407
29717	76.243113127
29717	76.243113127
25576	76.2016
309871	76.0601393901568
315804	75.9223
84014	75.7963
293067	75.4537
314212	75.2184
298071	74.3563201913081
289392	73.9824820399935
310533	73.5578
25495	73.3598
501923	73.2925
102554884	73.032971275
305203	72.7436
308807	72.5057
140581	71.3121902487
60395	70.5364
500132	70.5154706842591
289400	70.2194
307604	70.1825999159445
300756	68.6962
362291	68.4156396
25571	68.3652323551
317235	68.1073
297804	67.7049
298280	67.1995217391
312488	67.1512
299907	67.1304
29175	66.2748
313241	65.8661
171050	65.8461
293059	65.8317
306055	65.3354
362923	65.2364927794
361070	65.0675
287765	64.88
316348	64.8141
315761	64.0936
360895	64.084557684
307200	63.5799
301363	63.4087
494445	63.2912655121
114202	63.071
682507	63.0639608894
311902	62.6538222208
24241	62.6302
24241	62.6302
315427	62.3159524964
24888	61.5678
24888	61.5678
288740	61.4545
298859	61.1411888084
84402	59.9628634486
305373	59.7139
81749	59.1209
140639	58.9177764496
24831	58.5480708400188
24831	58.5480708400188
316067	58.2702
306562	58.2404685076979
313668	57.8458619605
691947	57.6186
304474	56.880947972
54321	56.8061
171552	56.6996295613544
313030	56.4041
310745	56.2166420479901
252971	56.1675
309156	56.0894
83501	56.0746
679713	54.8081
25570	54.7817485492
170551	54.7718
365872	54.262026694
60355	53.5921
246279	53.4793231644
246279	53.4793231644
29591	52.9835826421493
84006	52.7011151603789
288778	52.4352
245918	52.3677
310207	52.3387
315272	52.2693365014
29564	52.1263
308796	52.0756
56084	52.0614
298573	52.0177
298867	51.9136727472
287962	51.9119273856
361598	51.3858
360920	50.9495757115
315798	50.5506
83523	50.5400617699
114122	50.0
315438	50.0
114122	50.0
114122	50.0
114122	50.0
