293060	97.4607614965
291705	97.41393
362078	96.22075
288734	95.7783582448
362368	95.41559
298757	94.64411
24962	93.93959
362283	92.4011
246264	92.36163
64521	92.12676146975
25600	91.47252
54321	91.46621
58823	91.26765
25621	90.99495
360229	90.62279
680424	90.51689
362590	90.2241147597025
298370	90.11191
84030	89.6175
29502	89.3022388796
25248	89.2872554086
305367	88.8968173192631
292263	88.6684
25745	88.5698
25745	88.5698
53982	88.396557058
114096	88.1781386361
79250	88.1363
29140	87.9052
64047	87.8989064376811
286990	87.5758
308361	87.46380766
25550	87.3451
114520	87.3039600336
29459	86.859
363221	86.391
497078	86.2995
362733	86.1447105452465
24660	85.7954365984
54320	85.6544
305373	85.0098733984
297093	84.8977
170911	84.5949
252855	83.5324
288271	83.2892
116554	82.621084083
171088	82.5071
246153	82.4313
300652	82.124
316344	82.1141
310250	82.064268823
114089	81.7816
315352	81.5627
116720	81.5164246504
297504	81.3745
303373	81.3376
25643	80.95269505
363578	80.8989425
290986	80.1768
302313	80.1209
309399	80.116846463
304791	79.8008638267769
296302	79.7352
303915	79.711194042
140924	79.6553
315509	79.5564
362859	79.533
367218	79.4604
367218	79.4604
361295	79.3871847328
500037	78.7990787206137
29560	78.7555428211
301076	78.6369
294962	78.4533
362733	78.2828027232952
316482	78.1981
306141	77.9132
314949	77.5838
299802	77.2553
289717	77.025
294456	76.2666936564
498232	76.1245
315740	76.0606
117034	75.9587
300120	75.9415
25431	75.8284184428
81815	75.7565
171447	75.6692
171447	75.6692
171447	75.6692
171447	75.6692
171447	75.6692
171447	75.6692
171447	75.6692
100125361	75.0598
25537	75.0097638921
316342	74.9942
691774	74.9785
84394	74.9737379797
361601	74.261551782
303016	74.1395
24460	73.6778
293112	73.5186868984
308632	73.130222971115
303024	72.9276
305792	72.7971
316023	72.7601
25281	72.4201
25102	71.9589
500430	71.8054
304741	71.431107339561
305332	71.387
25353	71.380906464
295631	71.348
171147	71.0537682556
314862	70.96082595
25293	70.4350324531
25293	70.3402169095
25293	70.3402169095
25293	70.3402169095
25293	70.3402169095
29486	70.1059
24948	70.0996522156
79220	69.7778
304881	69.712716845
691149	69.6844
60373	69.5657
289278	69.3335
307029	69.2784
313370	69.2423
683630	68.9485
362466	68.8432408
298992	68.6432397540007
309812	68.2517
59303	67.8832
315608	67.8799344664
29614	67.7846
689890	67.2789119211
360602	67.2568
29642	67.0909338625
314423	66.9186834688
314423	66.9186834688
317418	66.8871
298982	66.8508
307820	66.705453988
114095	66.4963
60351	66.1543
81633	66.0852
289562	66.0698
83824	66.0594544248
80849	65.852639125
25288	65.5605685139
362759	65.2956
290280	65.1868459189842
315666	65.1323
171109	65.0647
290046	65.0383
290046	65.0383
290046	65.0383
296587	64.878467417
81531	64.7934
501195	64.7353
85428	64.6629
83576	64.6303
85497	64.5669
309478	64.4512
362791	64.3121
24667	64.2547
313618	64.1095
305164	64.0890343765503
64020	64.0344
313997	63.7587273428
171360	63.5746
25037	63.4936750427
365755	63.2208
313742	63.1586549056
113990	62.9826
292728	62.9267
310399	62.9208
296390	62.2114
299618	62.1699089684
290317	61.9624801622
170568	61.957930649
689064	61.9542217864
314323	61.4857
295105	61.069557661
289201	60.9367
171458	60.5672
24326	60.5585
296936	60.4614087005
25743	60.4019559038427
360803	60.3996
309331	60.3235
291609	60.2261848319252
24225	60.0576941786279
24225	60.0576941786279
24225	60.0576941786279
24225	60.0576941786279
24225	60.0576941786279
24225	60.0576941786279
24225	60.0576941786279
24225	60.0576941786279
24225	60.0576941786279
24225	60.0576941786279
679668	59.9929
305171	59.849077974
300797	59.7121
312703	59.2372
288651	59.1794
309288	59.0765
29693	58.6948
361920	58.68518554
298377	58.4398
296603	58.3316
296161	58.3104705524
114595	58.2355
291571	58.061
85245	58.0104
85245	58.0104
25439	57.9977
286973	57.938798131
94272	57.8027
364738	57.5152
114017	57.3524
25047	57.3221
296050	57.1189
303496	57.0193
266600	56.9749
303101	56.8121
81816	56.7525
64672	56.4835221408924
29402	56.4145
79433	56.2481
314157	56.1969305737
310877	56.1771
310843	55.7005
360702	55.5903519172
29619	55.5657706775
25283	55.5515
304758	55.2088
308173	55.0271
309126	54.9120479058834
81744	54.7978
294079	54.7318
25187	54.5442969804
291713	54.3704486236
293743	54.3554
306792	54.3068
113976	53.9985
307169	53.8225
360891	53.4896
309373	53.025
25595	52.9902
305438	52.9693512976
252827	52.8547
192152	52.84890638195
293967	52.7341684332
64530	52.6644
294324	52.4834977997147
313231	52.0918
312824	52.059
25376	51.8512
25577	51.7882
360581	51.7314
689093	51.337
295341	51.0744
315789	50.8144
291793	50.6369
298859	50.568623396
50645	50.276127914
64531	50.215274666974
304157	50.1982802156
311968	50.0381360431
288659	50.0
311547	50.0
25361	50.0
365699	50.0
305468	50.0
25359	50.0
313139	50.0
192242	50.0
