294375	92.83698
140943	92.41917
305105	92.31541
64472	91.62721
364834	91.45753
300674	90.6218
316344	90.2062
360703	89.3641
25247	89.3399
362533	87.8893
65198	87.1677
362612	86.0636
679668	85.6719833256
316395	85.0429
140544	84.9587
365802	84.703846776
298884	83.9843
686117	83.9005
292810	83.7741
60373	83.4491
297784	83.436356844
65248	83.0087
303016	82.17361363
192178	81.8994600454301
682988	81.8983
685474	80.8390370005
685474	80.8390370005
685474	80.8390370005
502872	79.7542
117059	79.7041
296500	78.8522
297357	78.6933
64832	78.0993
310694	77.4773
100361133	77.4223
317312	77.3599
25309	77.337
266601	77.3104
498301	77.1975
362479	76.9403
360445	76.0822
291824	75.4712
296753	75.4145
26955	75.3356
112400	75.3299
112400	75.3299
112400	75.3299
112400	75.3299
112400	75.3299
112400	75.3299
112400	75.3299
112400	75.3299
293561	75.263
298845	75.1649
116597	75.1382
25248	75.1339
310785	74.5478
361627	74.0183
680419	73.669
112400	73.3678
112400	73.3678
112400	73.3678
112400	73.3678
316312	72.9725
310399	72.9474
117271	72.7015
24924	72.2236
317218	72.0961
25478	72.0173
64043	71.8253
290280	71.6978649675
116556	71.1703
498416	70.6604846176
171133	70.1122608473
116483	69.7517
292305	69.4433
315108	69.3796
315108	69.3796
85265	68.6223
500037	68.491278376
171087	68.329
59317	67.8272
116590	67.821541127
171355	67.0002
362490	66.9555
302680	66.8983
93667	66.5604
315689	66.1622321584
85424	66.1620270799
316005	66.15118122
289095	65.9804
170673	65.670625712
306091	65.5406
54287	64.3601
292172	64.1693
171018	64.0415
171018	64.0415
171018	64.0415
299714	63.7435
83765	63.6986
60447	63.0808
60447	63.0808
59317	62.9346
315806	62.3463
361990	62.2241
25054	61.7491847253496
361293	61.731
503269	61.5725
309390	61.206
360956	60.8889354304
360956	60.8889354304
360956	60.8889354304
117548	60.8565
308796	60.7613204566
296269	60.2165
306400	60.0279
361755	59.7987
291914	59.0986027218
29483	58.4603
29483	58.4603
29483	58.4603
29483	58.4603
89804	58.0922199585
29630	57.475
171414	57.3772
312248	57.2788
303439	56.9353
24852	56.7459
171147	56.6661
307016	56.6020155416
29627	56.4582674488
29627	56.4582674488
291100	55.9979466327
378467	55.848
100359753	55.7611
619560	55.6591
25654	55.5426
362185	55.3902
114514	55.0968
192251	55.027
64186	55.0253
288702	55.0047
171495	54.8085
292008	54.2112
287532	53.8811
317163	53.593449448
58812	53.5467
78969	53.1878
294747	52.9768620046
114490	52.9385
679869	52.7081
362788	52.4843
313954	52.397002258
311446	52.2746
294900	51.9962
25094	51.9733
300811	51.9244
310506	51.6945
29480	51.283
292051	51.0868
94267	50.9987
303584	50.899
363103	50.0
500006	50.0
58942	50.0
295596	50.0
60666	50.0
304859	50.0
316526	50.0
