500832	99.997354487663
313609	99.9877057873755
361585	99.9860228398149
292485	99.6595144139846
25565	99.5552937686766
300095	99.339733104384
313348	99.2635759207539
360792	99.2495498299304
689972	99.1309514297407
315883	98.9534441982006
24419	98.8133991177802
192272	98.7155633306686
337868	98.4704038335831
260323	98.4042340608146
25608	97.8981962957151
293500	97.8212193484259
24261	97.6517797073897
246152	97.5953348232
317425	97.5428626767436
60334	97.51968119977
308346	97.4941490380244
497961	97.4241765649005
304786	97.3195142445687
314310	96.991132119137
89817	96.8853365800146
679890	96.8444029700612
305367	96.588913805181
114243	96.5459942496
192274	96.1533610279913
89817	95.9351602612422
362202	95.779574336
282581	95.627081246461
297805	95.4885394541392
300799	94.9950049308103
289400	94.8648372899254
316369	94.64240616
78961	93.7306949242
29146	93.6580257194613
311326	92.699749051786
362490	92.1394847327357
171120	91.5636981792
296372	91.49229
298874	91.4063473264
114510	91.1832527728
83626	91.1116926854918
303132	90.99838
171356	90.9729896213
302396	90.7826389540492
362844	90.7028048125
498798	90.49144
360726	90.4343944778
689909	90.19185
304758	90.1458977471363
361388	89.83112797
685607	89.7306
84488	89.5476
313519	89.4605
290794	89.4591442644388
287530	89.295
315297	89.2231
84014	89.2153
304063	89.0530342047649
301068	88.9224
499933	88.6806
64473	88.6562022503064
58954	88.5661830897365
311047	88.5258396154392
25162	88.522131475
81682	88.2490849758
64373	87.8483
302553	87.6625
361289	87.3948
25049	87.309945313
312135	87.2788861089093
25433	86.9518846305338
25125	86.9416276039
305391	86.8032652196
315833	86.7715542279736
29560	86.6579980238508
81516	86.6398498472
54264	86.5123
306091	86.4592024825
64551	86.4536
64551	86.4536
293570	86.0911
291736	86.0000496747626
102554884	85.9600267858
308016	85.2096
140639	84.7487
315037	84.7326
299811	84.2422415931671
301337	84.0725
295690	83.2304632684451
50645	83.028697888236
289388	82.9804
192178	82.8680409785171
288921	82.5407
100365921	82.5177827784999
293476	82.296
290317	82.0223741554383
688999	81.9787
24882	81.882
302363	81.5436678890013
293112	81.4439411007543
24215	81.3317
304005	81.2818
308523	81.1929
360917	81.1527199768
307740	81.0285374228
60460	81.0101656856738
362687	80.9661
365755	80.8222426976267
93667	80.4949674257
314388	80.3404
292760	80.1614307897216
84006	79.8995670024
314388	79.8399
192189	79.6842
24398	79.326819982
25027	79.2602291944
25482	79.2587671648
260416	78.8219
291100	78.5974407594454
25556	78.2414266312
360725	78.0539
311952	77.8392
311952	77.8392
24294	77.6055
305795	77.5244
25404	77.4575
25404	77.4575
24482	77.4314484023587
24482	77.4314484023587
24482	77.2577318045792
24482	77.2577318045792
314862	77.017684549
301242	76.7115
304809	76.6633
360855	76.6263
313588	76.1978708018
312828	76.1668478
310900	76.1538
306994	76.0999
315309	75.9348295838068
317335	75.745802225
64554	75.6543
64554	75.6543
298426	75.2234
310533	74.8218
304741	74.6897219760799
100360880	74.5599
312299	74.2937
499328	74.1224
50552	73.8319341208
24326	73.4234
366697	73.0482
290519	72.9371
310775	72.9182
302502	72.8214
291130	72.7945728808
295568	72.7941096208224
266808	72.7517523019
361086	72.5504
84588	72.3433
117096	72.3256
288256	72.3149529268
498185	72.20015
366474	72.0477194878
360650	71.8323297876091
309858	71.720581880319
64537	71.1354
363153	70.9788606905
291705	70.6861
308971	70.623
295620	70.487
308624	70.2504719927655
313264	69.7246
305571	69.322
25668	69.2667803564
290668	69.126
289419	68.8822195267
305458	68.7776
25501	68.5495642401
58967	68.4287491408
362481	68.3925912590918
364382	68.3922
361831	68.2963
365895	67.991377772068
432358	67.9902
302810	67.826972928
192109	67.744
685232	67.7124340247072
116477	67.6563330626
116477	67.6563330626
116477	67.6563330626
58919	67.3408533439
297525	66.8646
114024	66.8042
315804	66.7594754258081
290744	66.6558
100362554	66.5869
311591	65.5593
501563	65.5377
498416	65.4850781241552
306998	65.424
306998	65.424
308283	65.238
314818	65.0932
293886	64.7509
295061	64.7366
364706	64.6457
292935	64.3201
29739	64.1903
306110	64.1553
83506	64.0102
297968	63.7936385464
294043	63.6751
498130	63.6446736086
307820	63.2407461896655
192126	62.8250791624
315732	62.8099
65047	62.3522
360718	62.2951
291133	62.1936
306571	61.7978
315648	61.7686
360551	61.7596
303070	61.6914
29388	61.6739
300811	61.4919
295264	61.3855
366061	61.3751
308810	61.3544
361030	61.2243
310909	61.1568
171497	61.004
302864	60.9599
317322	60.9187
310352	60.727162096
307428	60.6434618502
315634	60.0894
317413	60.0566
499966	59.8406156338568
24176	59.7613
290775	59.7165
295293	59.6725074106
60341	59.5568528829
360589	59.0209
308537	58.4738
25709	58.0948
140923	57.796220692041
296762	57.7783
83629	57.6181555493639
360482	57.5615
64043	57.3696
310097	57.3062
304962	57.2644
307016	57.1992
362295	57.0855
361628	57.0534794656
315508	57.0433
29365	56.83
288659	56.043
291713	55.5495
311422	55.4011269264
24251	55.0987
54254	54.996
24390	54.9755
25012	54.8868
25012	54.8868
25012	54.8868
85243	54.8219
245959	54.6101
245959	54.6101
316539	54.4676
312030	54.41601256
58961	54.1136
58961	54.1136
29737	53.5279081331
302373	53.4627
304017	53.4298
500087	53.2964560366784
245958	53.2641
114901	53.2603926529
25334	53.2268
25094	53.1644568862639
308061	53.0576
310633	53.0512
499020	52.6359
499020	52.6359
691534	52.5096
432393	52.187
24771	51.8239
303394	51.7839
306687	51.5681
306630	51.5338814102503
140593	51.461
309514	51.0496
308666	50.9916
292534	50.4151802677
303059	50.1387053581
309638	50.0532022892
309142	50.0
362185	50.0
293481	50.0
289693	50.0
245903	50.0
683077	50.0
315447	50.0
