363912	96.2276357465
311903	94.91585150376
360868	94.7740464688225
252855	93.97638
307039	93.43548690064
307820	93.136553877001
294747	92.84793
302495	92.7593391238764
83471	92.37363
24503	92.30509
298184	90.6638012386
303274	90.4542
83507	89.7474
294696	89.1585
310780	88.4343
171064	88.4147763635
315265	88.1011
286928	87.9401
83526	86.7620940804401
298786	86.6741
304785	86.4888
170956	85.9643
299982	85.7894
171164	85.4343
25235	84.2335
24654	84.1603
291813	83.7998
310506	83.6542567796607
246153	83.4303
25248	83.4119381356679
305827	83.245
24686	82.6083
66015	82.4365
313668	81.4917087184
81813	81.177735409
296167	80.6918
290823	80.3751025000075
308708	80.345432314
25293	80.2240215193
25293	80.1524870632
25293	80.1524870632
25293	80.1524870632
25293	80.1524870632
362258	79.9687631531775
297486	79.9287
289046	79.519670242
289046	79.519670242
305714	78.8374
305714	78.8374
291129	78.7769
304741	77.3324409930956
315548	76.5939
361068	75.4639
300983	75.3948
114489	75.383113124281
79223	75.1325
361746	75.0554634495
498309	74.5588
307848	74.5383161287608
287212	74.0565
313554	73.6530938285276
312199	73.5487
613226	73.3812567401832
58812	73.3206
64086	73.1599
362463	72.9647
25106	72.6386
25687	72.5668
293505	72.5424842226
59324	72.4456
360992	72.2858
314374	71.9555
29279	71.7743
64558	71.730945491155
170911	71.4767
79428	70.7896342416
679462	70.7539290898
85264	70.4058
246152	70.31
313949	70.157375536
289419	69.3167
305367	68.8854
207123	68.7631
81640	68.74870078
360481	68.689
117257	68.6171106178
246216	68.5156
25051	68.4408934704
56010	68.3876
58918	68.3623
303601	68.172915928
171044	68.0943
24908	67.8633
246771	67.7339
83627	67.6821
309376	67.1973834897157
287537	66.740432638
25508	66.6645
362293	66.4154
291019	66.1101
58819	65.8109162062
114705	65.78
619575	65.5818
312952	65.48536662
360958	65.3246442934
360958	65.3246442934
304983	65.2799
296708	65.1672491294
26759	65.0159
26759	65.0159
361070	64.8288
60421	64.797
24184	64.742
309126	64.5327759358231
266682	64.1416
114901	63.709
25603	63.5457
81734	63.1834
305031	62.798768506
499330	62.7515
360540	62.4904
24547	62.3105
314644	62.201987022
290364	62.11
304546	61.9822
85384	61.9012
689917	61.8657729574335
361293	61.854
312603	61.42
363136	60.8514
307511	60.5396
25437	60.429579808
307526	60.2572
293721	60.1925
171050	60.1780581704034
362185	60.0414
29705	59.6141
287765	59.3808
308870	59.3312
58949	59.2244887094931
305577	59.0957
78963	59.0683
294672	58.9374340534
24948	58.8494
353228	58.4553
59318	58.2381
25319	58.1522
360557	58.0754990209
24414	58.011867834
312828	57.8138657947645
300888	57.765005767
689232	57.7505
294283	57.7166
303907	57.6267
291354	57.5101
64469	57.3076
363096	57.2003
84427	57.002
299201	56.772
25449	56.7182
81826	56.4164
84006	56.3860512571325
690516	56.1278026115405
305999	56.1106236032
301012	55.8701
29219	55.7719
303073	55.7154
114559	55.6785480982
114559	55.6785480982
292155	55.6765
301555	55.6249
360491	55.617
290907	55.6117
305424	55.5474
316794	55.2766
85311	55.2355
293060	54.6391
289315	54.624
114027	54.5504
316211	54.5071266576
312826	54.4347
25354	54.1831
363122	54.15190732
310635	54.0081
309533	53.8377
303630	53.6158500808
26295	53.4537095905
307604	53.4051
29476	53.1553
116665	53.141464654
64534	53.069
116690	52.9825
116690	52.9825
116690	52.9825
116690	52.9825
79463	52.9449030734076
315478	52.8064
117515	52.714488727
59107	52.7009
116633	52.5356
140940	52.52909639
314941	52.4052
29492	51.7306
304962	51.696
311487	51.5039253844
361802	51.4421
65042	51.3827
299811	51.2487026668
64678	51.1759
58853	51.1029
302937	50.9189
690188	50.78757092
79239	50.7719
79239	50.7719
681989	50.7515
309136	50.7379564576
315891	50.4393548216411
25544	50.0651904943
303888	50.0
170851	50.0
54265	50.0
499529	50.0
65157	50.0
296621	50.0
