24703	96.8282929581294
309526	95.01584
29502	88.4489
29721	87.8365
290447	87.3417
25666	87.157
497954	86.2497819764
114901	86.0240721472
64562	85.7313074806
360905	85.6073
316344	84.284959611
59102	82.97
683570	82.2469
246117	81.6975
363735	81.5494053544
293155	80.9154
690195	80.1048498963862
313231	79.8696
85434	79.8558
287828	79.8293
287822	79.2757921705
619558	78.4965
260323	78.236894597
298836	78.118
65271	78.0465
313575	78.0149829173012
260323	77.3864574918
25023	77.1378
362955	76.7995971675269
25567	76.2982
304884	76.1676
498130	75.51321047
361065	74.9371
297416	74.262
361030	73.9433951633114
60447	73.4534794318
60447	73.4534794318
29138	73.2918498829
24167	73.1728
24167	73.1728
24167	73.1728
24167	73.1728
24167	73.1728
24167	73.1728
315159	73.1493
299611	72.4866526876501
24465	72.4531
65134	71.9478
287110	71.7951
288647	71.7540509069299
297685	71.4586
305310	70.939678726
286928	70.7495
24539	70.3357
500244	70.236408234062
287873	70.0312
303234	69.9707
315047	69.9488
287472	69.3707
361745	69.0558
100126191	68.9985650768
29338	68.7012
300121	68.6701
299897	68.5316
84496	68.2661
84496	68.2661
29473	68.0615921514
29140	68.038
116467	67.9899
310506	67.6568291040865
29713	67.510739354
311427	67.2819613028437
114203	66.9584
501002	66.5224
24335	66.2695
80843	65.8828114827
24406	65.5885
300901	65.4307
300901	65.4307
299201	65.3772
25317	65.3245
81821	65.2231
365895	65.1939519441
25416	65.1563402744
309478	64.8764
361095	64.6053
25367	64.387132132
25367	64.387132132
25367	64.387132132
25367	64.387132132
29359	64.152
114489	63.7649
29755	63.7516322562
298517	63.524923759
293570	63.2132
366960	63.1845
310644	62.7224784204
685144	62.557353766
79212	62.2419
690139	62.1063
24888	61.937158013681
24888	61.937158013681
302415	61.9367376646122
641386	61.76165384
291962	61.6854378487
361439	61.3838
292098	61.3118787984
300458	61.1853280544
303547	61.126861324
689995	61.1141019861888
296624	60.9147578018
304669	60.8832
117271	60.869562472
291848	60.7599567348586
361103	60.6765436050733
24817	60.1728627488234
295325	59.770102989
501097	59.6885138851
85249	59.52765
301229	59.3122
305078	59.2545510771
289717	59.07355
25253	59.049854
293694	58.736
25492	58.6124
290668	58.3213133693735
296312	58.104590158
100910806	58.0745
29525	58.0364
292139	57.7482
297498	57.7332
362268	57.5480032351
24533	57.5028
29650	57.1003
361651	57.0207
315346	56.7775628029
288504	56.6851118964
29723	56.6435945536624
29723	56.6435945536624
362591	56.6061562607979
364419	56.5124
680493	56.4622
313375	56.432359727717
362078	56.2465
58819	56.2462
679028	56.22094416
292139	56.2208
54254	56.0811601624
360895	55.9918
305066	55.9247
306439	55.8755
29417	55.853
29204	55.5899
291078	55.3081
25645	55.2663
84489	55.1558
309376	55.1484769125947
364052	54.9406
79120	54.8803
360814	54.8117
24414	54.473558593
499308	54.3399380188442
690919	54.3271
25633	54.3108
317382	54.3108
290280	53.9818247284
312538	53.9636982742
304285	53.8733
29423	53.7689
29318	53.7249
308326	53.208
313557	52.8136
288454	52.698155732
300733	52.6029
315760	52.2539
25149	52.2274
287477	52.1893
500988	52.0263
307810	52.0046452239
305464	51.9527856452617
361920	51.8116
360480	51.7309145218958
117023	51.7186
362463	51.7126
308942	51.7124438456
85265	51.5766
25338	51.3979
54260	51.3635
78965	51.3481
291691	51.2987846554
293736	51.2931
503214	51.2385725204
192211	51.1278585124
296708	50.9496330711163
301000	50.9129930678
58823	50.7082
316794	50.5131
291637	50.0
24816	50.0
252897	50.0
498847	50.0
25722	50.0
252895	50.0
24356	50.0
171485	50.0
291635	50.0
116782	50.0
303831	50.0
