298874	94.5930389475
170851	94.39219
361267	94.212
310448	94.02837
117107	93.86481
25116	93.80339
307865	93.39111
314930	91.797309422
313125	91.30445
499966	89.6043
362900	89.2189
64678	89.1872
641555	88.8497
360605	88.3414
360600	88.328
24380	87.9899
313594	87.7600042875395
313594	87.6914029632587
300886	87.4851
287633	87.3119
170913	87.2745047404
78956	86.73365888
311311	86.6032
306582	86.5171
309591	86.0168
291948	85.5824
360589	85.1316506461
306886	83.7459
171406	83.5289771818
296178	83.371617558
309986	83.3424
307820	83.2549
25558	83.2232197552
499020	83.1824
360230	82.9127
24218	82.5259
25253	82.0749
85272	82.0477
170946	81.8965718572
316205	81.5586
116506	80.8469
116506	80.8469
500638	80.5783894539334
680006	80.5413
292622	80.2979
192129	80.2891208458
292124	80.2339
500989	80.0081
689582	79.3678338814036
25232	79.1058
56817	78.8546
56817	78.8546
56817	78.8546
25750	78.5482
291320	78.4018994798652
25429	77.892
289264	77.744645464
302373	77.7188
311622	77.6965
363243	77.3835787711
29254	76.2274
311478	75.7797
246760	74.8640255023
64549	74.2262
64047	74.1834
65197	73.6166
170842	73.4702
687031	72.9626
84575	72.5701
24603	72.2293
306141	72.1193
303399	71.8629
116550	71.6491
287615	71.2107375477
286970	70.942
360726	70.6283
314785	70.4753080907168
25124	70.3744
312331	70.2623
679906	70.2471
25544	69.5354
65248	69.3558750823
24170	69.2641
500137	68.5485
100362678	68.4799
311405	68.3137
140923	67.6017982824
117280	67.2302
171329	67.0827
316421	66.6961
116589	66.6695569336
24954	66.5051
287474	66.006
296708	65.8839
85428	65.8174
310677	65.2612
266773	65.222884792
305687	65.1544
56725	64.886801347
305675	64.525453995
305675	64.525453995
365377	64.2286
286934	64.0634
314788	63.9559
308958	63.5062
93662	63.3301
300474	63.3209
680229	63.2761840756
25743	63.2592545682526
311487	63.1604
553106	62.6897
295663	62.2282
114506	62.192929948
298801	61.5631
29492	61.4393
290629	61.4085215895
312634	61.0452
313488	60.9966
116665	60.5753
299117	60.3957
309457	60.3065644378
306994	60.1453150822
361632	59.90655
300950	59.582
24957	59.3717
299923	59.2778
117180	59.2427
29146	58.9298
500131	58.8174312904
362911	58.690029641
54296	58.6289
313049	58.4158
301007	57.9083
303514	57.8094
192359	57.7958
140939	57.6483
298377	56.9605
298867	56.5818
171552	56.4868428961307
170922	56.3774
260327	56.3043
298024	55.2506085376
298024	55.2506085376
24316	55.0403
25260	54.9146
192357	54.8487
29215	54.8059
301618	54.5882
312052	54.5484505444
78961	54.5311720237
287765	54.4128
292721	54.4067
310207	54.3511715906
294408	54.1112
307905	54.0982
54320	53.8841
306608	53.7736399818781
295645	53.5917
302396	53.3377966365449
292724	53.3307
245903	53.2253698394
304714	53.1524959285
302965	53.1193
619580	53.0647
81748	52.6286457856
296259	52.6188
282582	52.4459
50654	52.3335
171494	52.3042
291352	52.172294424
293408	52.0412
310086	51.8133
313053	51.7323
307070	51.5491
246116	51.4391625300961
309622	51.3892
64824	51.3503718652
685258	51.2191
310250	51.192
59322	50.8924
29443	50.2856806453
