29361	94.80440832
311730	94.3059965962119
304522	94.0853178892492
304766	93.44117
26295	92.6060137073
474154	92.43326
313581	92.0645
252880	90.4553476132
25752	90.2913112656
309280	89.9216291904835
83469	89.7183747784
171444	89.5360477486164
315741	89.4659738084255
64204	88.6387619059
64204	88.6387619059
64204	88.6387619059
64204	88.6387619059
64204	88.6387619059
64204	88.6387619059
64204	88.6387619059
64204	88.6387619059
64204	88.6387619059
64204	88.6387619059
64204	88.6387619059
171102	88.4562243874449
114489	88.3277721292
287702	88.3136
266685	88.2038
501563	87.5441200976
307547	87.2428
361071	86.9508
170917	86.46090382
81732	84.8446
289264	84.543234832
25573	84.5223
25055	84.5079948616
50622	84.332014489
25123	84.326
25701	84.3068
310178	84.1506
306587	83.8702
310843	83.8602
140587	83.2131
307148	83.1912
360821	82.690959988
29492	82.6594434690709
689852	82.388
307724	82.072345168
301119	81.5635561590056
353231	81.5117
304670	81.0729
361814	80.711
293676	80.4201
81657	79.8672
117269	79.7759981992
56823	79.6724
312828	79.1587
304714	78.84717859
116545	78.7375
363577	78.674706431428
306376	78.6677
363412	77.9137398219264
29398	77.6808
59073	77.63
498171	77.6179424498
292267	77.5732
65193	77.3351
286953	77.0995
303604	76.8768
289335	76.8585
304786	76.6011800555162
315094	76.452829066
24684	76.4461
81820	76.2203119315
299940	76.2183
266762	75.9302670106
315722	75.915499608
192226	75.8995
300027	75.8239743823
140722	75.6218859377495
116675	75.5497
29323	75.3907
497770	75.3592
498840	75.0612302775493
50686	75.0426
690188	74.8441
155812	74.7060920464
29431	74.4958
293488	74.2248
311575	74.0721
192350	74.0335
362283	73.502118451482
306600	73.3489233656
300668	73.2681
313575	73.2093625581866
361103	73.1644096231558
363856	73.1166
287940	72.945998404
81518	72.764
24239	72.162434654
362591	72.0637485937
65146	71.4654
306400	71.3960836153679
81613	71.2238429566
287418	71.1614960608
360570	71.0868
29337	70.8713
293024	70.6257590080505
303070	70.557
303542	69.9828245052
81613	69.969884304
64032	69.5648
304825	69.5595
305884	69.489785398
289712	69.4152514452
307302	69.379799792
305470	69.3383401244
296762	69.1730663691
25592	69.1593
65048	69.0688
298182	68.5867
360743	68.567182892
316164	68.5061
286898	68.5056
260321	68.4206
362759	68.4165423195
365382	68.3879658883
303212	68.3393014994944
305472	68.333413523
306007	68.2834
360520	68.2378
313020	67.9601990794286
306562	67.757
361663	67.6943042419
293135	67.6891148242
25294	67.6586
64364	67.3768585216
312275	67.3143797712
316539	67.1830928089
60430	67.0358
298317	66.9751
287545	66.77315
29748	66.7022
362463	66.4487
315348	66.348
308345	66.2457
304286	66.1254369278406
685229	66.0938
362065	66.02258642
24923	66.0009117106
306274	65.6806079268
361069	65.66035
316205	65.6036
246217	65.451978921
114214	65.3343
304784	64.9693
117557	64.9133692921
680465	64.7963
25261	64.7021
114593	64.6574
314619	64.5566
362164	64.5058442832101
29138	64.3958213057475
501002	64.2117080788
499749	64.0067
29511	63.8360749168
298384	63.8078
24564	63.3127
117179	63.2367
292878	63.1827490564
29610	63.1607
306332	63.0915321325308
316317	63.087
25367	63.0809773932389
25367	63.0809773932389
25367	63.0809773932389
25367	63.0809773932389
312504	63.0548567933
85426	62.0921
312678	62.0106967227429
192276	61.789
304885	61.773289833478
79049	61.7531
303304	61.6887
192280	61.6766
266712	61.6487
83526	61.4664036735204
315609	61.3256
294228	61.1394
316232	61.0603
295217	60.9998
295217	60.9998
287537	60.9314454221681
81707	60.8279971092
84595	60.6278629406
308869	60.5229
683713	60.5175
287447	60.4316
288597	60.3951
554172	60.121967732
29597	60.0917
689560	59.9499
298006	59.8427
299638	59.8315
311913	59.785274212
500200	59.7259402664
315880	59.6920845406936
100192314	59.53957512
24790	59.3618283875
316136	59.2728
361606	59.1564
361191	59.1117
361833	58.9494
24795	58.8868
100910872	58.5487
287527	58.4822
308602	58.4720962
292756	58.4405
308846	58.2477037051449
315136	58.1789806677
312912	58.1455
304474	58.1051191708
304325	57.9822053134575
294410	57.7354
297705	57.6533
362015	57.5576398976
170520	57.4659
25203	57.1985
100360302	57.1673
24184	57.0101
81005	56.9061210857034
305624	56.897
24660	56.5616
286993	56.5104
290802	56.2793
294010	56.2732413829
303824	56.2613
303824	56.2613
287927	56.25066382
306257	56.2001
360613	56.1232
294973	55.8192
292263	55.528
361659	55.5136918932
315962	55.4421197785575
301120	55.2733
691149	55.1795
287721	55.1707060928699
83575	55.0744
360559	54.9014
89843	54.8316
114521	54.7286906083
304653	54.6105326985
287278	54.2333
288657	54.1849
116686	54.0973
315723	54.0689
301112	53.8728
117559	53.7930891755
79242	53.7823
299620	53.7764624866
296162	53.3909
29191	53.1907
301337	53.183275234
289740	53.0124546304
54292	52.9991580482
306357	52.9459
50676	52.8213
361624	52.7727
83726	52.7282
290230	52.6427
83800	52.5881
287532	52.5007
361271	52.3229
500418	52.3187181452
286896	52.2465
313548	52.196319294
24664	52.1667
79246	52.1541
362810	51.9574
291359	51.8061
140665	51.6822
300443	51.659
362246	51.5691104266
363545	51.5430901063
305095	51.4530823808
290864	51.4124
290864	51.4124
305679	51.3619
361970	51.3074216350493
54251	51.241218824085
303010	51.2365
81708	51.225
361845	51.0926388348
56768	51.0773
289783	51.0556
65272	51.0389695854
140666	50.830583767
116693	50.7197165175
299201	50.42255078
292548	50.3559772106
363002	50.354554637
303342	50.0
84402	50.0
306327	50.0
114705	50.0
308451	50.0
294048	50.0
294948	50.0
