305941	97.36614
362550	97.12976
293415	95.64514
303836	95.2599986089
25501	93.2266276525
305974	92.8435669711796
300384	92.67332
116839	91.69553
117538	91.481167691
29650	87.800628182
116839	87.096
59116	86.0987
294806	85.1044
360733	84.89
309548	84.7877
114505	84.7098
25652	83.6679275759319
302553	83.4489
305935	82.8893
85264	82.8563501752
100362678	82.7263
292584	82.4996
311901	82.2387
294503	82.1335
60669	80.1945
306387	79.7111
64679	79.5548
500047	79.4257
296461	78.8564
25261	78.318
64462	78.2343
25742	78.0882699442
117254	77.4935927744
297872	77.2376
362251	77.0826
501052	76.151
361431	76.0203125456
292007	75.9732
171048	75.7991
498486	75.0706
498486	75.0706
311236	74.7257
25560	74.3605
84431	73.8765
117271	72.5529257562
304786	71.8709177055
304592	71.8511767350845
310538	71.1022
290549	71.0939
304741	71.0805869595896
302697	70.9762
361698	70.3288
24161	69.845
246311	69.631528822
362591	69.5558596256
171085	69.1815
304301	68.6808
25505	68.347
25505	68.347
25505	68.347
295956	68.2633879126
171052	68.1546
291923	67.2131
294643	66.593
306562	66.5776141956016
363045	66.1373
361060	65.7152595474
361944	65.058
290637	64.7751
155918	64.2806
312154	64.1265
24161	63.81
24161	63.79
100910806	63.4597766488
679712	63.2242
58839	63.2219
361289	62.8019
314855	62.398600213
100361314	61.982044249
25425	61.9305
65040	61.65525
65040	61.65525
288025	61.5542138815
100125363	61.2162
687105	60.8005
300129	60.6546
84686	60.0243
312492	60.0012
293566	59.6897
303803	59.663
64440	59.5102
24273	59.2589
314028	59.0614
312675	58.8427792393
500300	58.659
362776	58.2417
24273	58.1522
50554	57.4734
613226	57.4722041576
306152	57.3502348168
300664	56.8031
312728	56.7812914587483
310643	56.5343850655
363545	56.0790304465
288291	54.9147
296580	54.895604232
192107	54.6367
155140	54.6292482732
60577	54.3085
311861	54.092
299204	53.920353025
498909	53.5688
291130	53.330183552
315600	53.248
100360066	52.9379
360605	52.7580531171
363578	52.308422248
266711	52.0869646040275
171458	52.0324
294422	51.8284
291394	51.5524
312705	51.5276
293992	51.4795
170928	51.4627
312689	51.03994039
362151	51.0238
361191	50.9307844231
313742	50.6597424824
312678	50.647071256642
25022	50.6427575824
25022	50.6427575824
25022	50.6427575824
25022	50.6427575824
25022	50.6427575824
25022	50.6427575824
24716	50.534
296267	50.310726707
313588	50.0
