65189	95.26793
305448	91.66087
50552	90.49022
25652	90.17826
303991	89.8443
171329	89.6053
310538	86.9719
500006	86.5548
317444	85.3886
25570	84.5449
363005	84.4691
29641	82.784
554172	82.1992129582
171090	81.8385
81800	80.4513
25069	80.0665
24174	79.8587087180195
303539	79.3128
79011	79.2325611115
309533	79.1032
313510	78.3058
498299	77.8170072975
315047	77.4569
116690	77.0930484751177
116690	77.0930484751177
116690	77.0930484751177
116690	77.0930484751177
25532	76.8491
298410	76.2851
307724	74.6499
58857	74.4272
289809	74.3817
303101	73.4413
298859	72.8535119916255
25293	72.4686
25293	72.3712
25293	72.3712
25293	72.3712
25293	72.3712
116464	70.887
293456	70.4695
298867	70.3487668369327
361384	69.8893
291000	69.8096
64188	69.3352
362713	69.1528
314352	68.601
289515	68.3882
29145	68.3133
363256	68.0429
689404	67.9184
502901	67.0703075140525
310633	66.5919
246282	65.5707
363460	65.0074
361060	64.9566
25696	64.4143
303070	63.3789
25537	62.9112
84600	61.1893
24949	60.5266
24949	59.5682
25613	59.2914
301076	58.7702425573227
314157	58.5731
315554	58.4762
312806	58.1383142707
54244	57.6878
29433	56.917
499689	56.4615
295965	56.342
287441	55.6165
116720	55.4968
29741	54.858
59076	54.365
59076	54.2237
287457	53.9596
360511	53.715
361967	52.4587
364033	52.4249
362665	52.3807
302591	52.3268
303180	51.4862
59322	51.0116
366697	50.622
305984	50.5515
314336	50.0
266732	50.0
303090	50.0
116635	50.0
