306571	97.19018221218
25605	96.042233936
313262	95.10259
500199	94.75643
314824	94.5289866048
83685	93.97713
497757	93.95957
298792	93.852176198
94165	93.19017
308632	92.8973059483
297865	92.21049
301118	91.3298788367948
499337	90.4351245355733
311800	90.12239
303101	89.8196659322
316064	89.7224690939571
302980	89.0233
309053	88.5564
312030	88.5346
29476	87.3623403586
25043	86.646
294074	86.464
307604	85.9907
307997	85.0819260728
29456	85.059995404
497811	84.5325
295382	84.4871333527
365652	84.1576
114116	84.0321
292199	83.7725
308113	83.6572
360697	83.5094132699901
301265	82.4664
307271	82.0762
305918	80.1601
361585	79.7586
100361376	79.6334411952
361554	79.4798
24336	79.4742
298598	78.1932
364786	77.8150534309
313974	77.2252249394
308361	76.8921696443928
296312	76.8589266892694
294400	76.5642
363545	76.4307
100125372	76.2401
361580	75.5465382255
79240	75.5176
171369	75.4595
117280	75.3163
282829	74.9411
292090	74.1416
25654	73.0992
24356	73.0342
689161	72.9788729328
85263	72.7991
307779	72.2448
303542	72.2187
50665	71.9419
286959	71.9392
116590	71.6632998904
100363074	71.5752
310463	71.3255
295669	71.3181
316384	71.0658
306376	70.5248
303300	70.210130008335
64394	70.2051
307343	70.1634
360616	69.5104
29735	69.4084
289237	69.0910944538
497988	69.0679
81717	68.7107986624
29376	68.5971
290555	68.16
306152	68.1233320042
100126191	68.0855
295692	68.070508516
360833	68.0250130511
308961	68.0185
296501	67.6979
500131	67.5672155225
65165	67.1366
58954	67.0367
24718	66.9059
289623	66.669308833
363578	66.112
306886	65.9133517026154
361714	65.8733
100328908	65.4884
64530	65.3166
25196	65.2651
306647	65.0294
64026	64.8726
266711	64.539842726313
312675	64.4389006098
54287	64.4112
306222	64.132
311591	63.9404855761
315023	63.7213
85420	63.4587
289392	63.30024428552
682988	63.1786
58853	63.0351
301076	62.954
81520	62.8077
298091	62.6216
301555	62.5432
252889	62.462
301378	62.3448
304592	62.30006813
304601	62.1057676674
365948	61.4061
79249	61.3708
360600	61.2908
298024	61.2608146514382
298024	61.2608146514382
287638	61.04794374225
315696	61.0444807973
116718	60.765693403
366169	60.7536
24516	60.630276152
245925	60.3181
315707	60.2099
65052	60.0658
366962	59.8573
117103	59.7915407827
24211	59.6933
310533	59.6545
295384	59.6253161314
404781	59.1921459312
311651	59.008
306324	58.9829228827
298681	58.5568
303272	58.4163
315746	58.3249
170568	58.0672
116725	57.9772
25502	57.6517
25502	57.6517
25502	57.6517
313507	57.5914637440755
25673	57.3528
362826	57.0660675096
300813	56.9598
29454	56.9301475739199
316235	56.87576397
304244	56.74
170641	56.6943
140568	56.5264
85268	56.5258
246235	56.1619
113938	55.372
497961	55.3457
303753	55.3388
293112	55.3180439885
113990	55.2732
313825	55.2194
113990	54.975
113990	54.975
687575	54.9196
363465	54.6685
365797	54.6507
303016	54.4053
289508	54.2998
687147	54.299210307201
687147	54.299210307201
305000	54.28225
114507	54.2069
303132	54.0979
292462	53.9877
295706	53.9619054921102
113938	53.9076
297998	53.7048
309456	53.4489155777
309456	53.4489155777
296467	53.4393
363443	53.3389294198
500200	53.2857060004
63938	53.1245
289150	53.0817
289150	53.0817
114561	52.9576
313048	52.8795
313242	52.8759333509
313339	52.7206
58844	52.7113
79250	52.6837147897
302369	52.5495342168
116564	52.5159
309164	52.0642523172818
29673	52.0608
289584	51.975184408
312616	51.8168444488
266687	51.787107076
170672	51.6777
259237	51.6356701082
362849	51.3688494535
307724	51.308
304786	51.2609118468113
66013	51.0223
315259	51.0179
362607	50.9336
81656	50.8335
297768	50.776
293938	50.5903
362923	50.5017
25311	50.3291621705
56082	50.2619529416958
113990	50.0
295953	50.0
365410	50.0
170840	50.0
294051	50.0
64531	50.0
301509	50.0
24255	50.0
25023	50.0
689890	50.0
360914	50.0
94272	50.0
