192357	99.6813577194014
289733	94.73361839662
303614	91.7997
302976	90.19597
287433	89.8381
312192	88.7222052649044
25238	88.7086
84050	88.643
362491	87.9384
315496	87.3355241767
288783	86.582880232
29480	85.533
302593	85.2516
290843	84.3429210616978
65195	84.0023
65195	83.687
65195	83.687
293494	83.5238124791
361725	82.6497
301555	81.4248
25429	81.3095
24268	81.1856
54282	81.0338006206125
286981	80.1170521867
360602	80.0437
25671	80.0174
362776	78.7344
300284	78.4105
116469	78.3489
29417	78.2797
365895	78.2039
313418	75.9246
360698	74.6394
81643	74.4087
360557	74.3668
365652	73.9170805402279
315936	73.6903
289754	73.3252
303292	72.8059813285
308857	72.3555
24404	72.3118
171179	72.2632
361859	71.9253
192181	71.8575047235
117036	71.4361353443005
308361	71.3277
313575	71.2851559534
295293	70.8834
64045	70.6476314674
297699	70.2327
64442	69.7181
364081	69.6531
289754	69.3661490903
294410	69.0889274865
299145	68.9968
306722	68.8506
83571	65.9481
308667	65.827
287962	65.3535336475
29448	64.485408069
314993	64.1023
361842	63.4845
300901	62.7413510502
300901	62.7413510502
304203	62.2181
58812	62.1486
360726	61.9898
117556	61.730950385
304286	61.284
360834	61.0275
317271	60.7318
80849	60.6844
25601	60.6351
25601	60.6351
25601	60.6351
25601	60.6351
25601	60.6351
25601	60.6351
25601	60.6351
25601	60.6351
60443	60.5577
60443	60.5577
60443	60.5577
64519	60.4137
314964	58.8612
171564	58.8049
85246	58.6074360696
306281	58.607
313588	58.5791
64475	58.5768
292022	58.3076
299199	57.995
312828	57.5293944225
493574	57.463
100912032	56.8005
100912032	56.8005
24708	56.5978016687901
501099	56.3733
24208	56.3015
299156	56.0705
310914	56.0561
289993	55.6126
24558	55.5079
25216	55.297
313243	54.3164
24173	54.2848
305203	54.2782
311726	54.0937
289546	53.8834
308306	53.712
304741	53.7067883614713
64469	53.6444
315524	53.5385013192
25589	53.0389
679682	53.0263
304900	52.0038
293452	51.9217
312083	51.8614
29430	51.2048
317418	51.1182
50563	51.0361301368
498301	50.8596557231
24586	50.8333
360540	50.5782
314028	50.527
299138	50.0
303470	50.0
