361096	92.253
296119	92.0551
362530	91.70596
306886	90.72486
362339	89.7211
117513	89.6359
313878	86.4641
310086	84.4593
312634	83.6288
259237	83.0936
307973	82.8155123947
315883	80.9805
360492	80.9374
361814	80.2063
497961	79.6368
84508	78.4716
24241	77.8046
25106	76.8353
305443	75.1238
365394	75.0353
84395	74.969
360600	74.0506
309002	73.1338
287436	71.1767
361940	71.017
309798	71.0107
361005	70.7468
312203	70.5273
300756	69.8834
361679	69.5581
366478	69.0389
63868	68.9068
29424	68.8298812
310540	68.6645125272
117048	67.2302
497988	67.1819
501110	66.975
304601	66.5416
116727	66.3579
60666	65.9578
58857	65.2985
312077	64.57
100365872	64.3522
287593	63.0865
360602	63.0488
499425	62.6461
117515	62.0091
292658	61.7088
25668	61.4584227832
302810	61.25205
314814	61.0275
25358	60.9707
362171	58.8647
287871	58.6198091584
313067	58.0588
116728	56.7631
291309	56.6815
303602	56.3568145045931
64226	55.8419
365380	55.4766737856
685620	55.1436
304741	55.104675932
308409	54.9928585216
100362347	54.7055
100145871	54.6999
29606	54.6965
292760	54.307407065
50658	53.9637
50658	53.9637
292686	53.9103580058
291540	53.7861
140584	53.7036
24772	53.6846506156
291660	53.4932
687105	53.2642
308417	53.2014
25743	53.1011715553504
114029	52.7957908541
312113	52.5311
288917	51.9432
288333	51.9173
311151	51.8062
83513	51.5794957608143
24717	50.9755
497227	50.0
309680	50.0
24414	50.0
