300173	98.9786036066584
688555	98.52421504012
681337	98.0795642082301
29381	96.6002674380718
295928	95.6731986857
307200	95.5787556474736
291023	94.3232450467
304709	94.1950322734887
315434	93.92273
25714	93.86635
24640	93.85441
24640	93.85441
24640	93.85441
286973	93.6044866918
361069	92.78838253912
25469	92.1081435156
29597	91.97008
295538	91.08553
282585	90.81057
682507	90.797875777
300947	90.2820169725
366203	90.22383
289236	89.4802
79435	89.3710902016
25367	88.6539
25367	88.6539
25367	88.6539
25367	88.6539
25267	88.1166290563221
360833	87.9368
311349	87.7316
310769	87.6883880427996
24699	86.9132512363
24699	86.9132512363
24699	86.9132512363
24699	86.9132512363
24699	86.9132512363
293165	86.8843
289481	86.6476074307
361940	86.1535060265818
362279	86.1122866849992
293897	85.1378417707
362490	85.0378
295457	84.8038797387
116463	84.6844
306459	84.472257244
83708	84.4703
207123	84.1242
25613	83.5948
302935	83.4121
25553	82.8524092033
117558	82.7170489202
83722	82.3089
287709	82.2085
295490	81.4552
361384	80.7157734994
84475	80.4109
66013	80.2055
361042	80.1463
289521	80.1415910169
309544	79.7124088792
24392	79.5607449742
50690	79.4988
302424	79.0266
364975	78.6728
595134	78.15296872
305826	77.9282
25390	77.5346256528
64314	77.1869
24457	77.0105
171406	76.9463
266735	76.6976
303212	76.3997
25126	76.271868487
170919	76.1502
365024	76.033
313539	75.9749614057
500564	75.692231034365
307505	75.5395
554172	75.3616236185
304960	74.383
361030	74.2237244344
311406	73.9817
316742	73.6665
362960	73.4276
308118	73.0396
300652	72.6481
365407	72.3762857749088
79431	72.3305629896857
289312	72.32893782
81531	71.812732858
85493	71.7488
246262	71.6910695056
64157	71.5609344916
192180	71.458638205
315546	71.3275
303399	71.1513030061
64455	71.073452128
79119	70.9006308928
641452	70.8399
309729	70.8006603291
289736	70.7869414975782
156435	70.5705422892
292918	70.4269
293627	70.0309
365802	69.9617609652
25012	69.7423
25012	69.7423
25012	69.7423
293551	69.739
315189	68.9043
502674	68.1258
117045	67.8884
113960	67.7944
25705	67.6591
310352	67.5697161506
311118	67.1552
25416	66.3758
294568	66.315496103
24260	66.0884077588
316101	65.9118
310958	65.7407018902813
294320	65.6855
300053	65.4695
362269	65.3401
366508	65.1188
79237	64.8075
291923	64.6056
117553	64.3742
664630	64.2838
308267	64.1464499512
366251	64.0894001701
287927	63.7647
314148	63.166
113975	63.0680462512402
83785	62.8568
313876	62.8307
366227	62.7199
315286	62.7041
60334	62.6353
685867	62.6123
100362678	62.4982992346
361649	62.3469
685465	61.86112846
296468	61.8239
294043	61.7895
296278	61.4741
60430	61.4319
313873	61.4079
288916	61.3039
66019	60.9641515524807
25613	60.9111
295382	60.7332
295543	60.6397
360584	60.4882
299699	60.483323017
25248	60.3975
301013	60.1423
84394	60.0187873970682
360681	59.6914001634854
24908	59.6401
25589	59.3818041676
266735	58.9322
266735	58.9322
114845	58.504857436
304071	58.2695
291824	58.2278474141
303132	58.1998311773638
313262	58.0142
114214	57.8496757858
313323	57.7598
257645	57.7521892009
303259	57.6533
289264	57.6432823352
84587	57.6422
114517	57.5998
246334	57.4571800083658
246334	57.4571800083658
296161	57.2336
246334	56.7516103395154
246334	56.7516103395154
25216	56.4666084172
300679	56.259
362246	56.0886240792
308971	55.9813414902
294014	55.8621
81503	55.8497
361432	55.6635
192147	55.3659
362106	55.3593
360886	55.2413371093894
85243	55.1338107971
362464	54.8622
58856	54.823
287357	54.7968698772
25743	54.7100936699963
89826	54.6485
308173	54.6132
310288	54.5192520445014
689954	54.1761
25648	54.121182053894
24415	54.1165
308134	54.0277
64566	53.8157
309532	53.7307217754549
81678	53.7094
25478	53.5313
314386	53.466324323
304786	53.3786925331226
50564	53.2798
307848	53.1848
299762	53.122
363266	53.117
317335	52.8990271216
287721	52.802017184
24398	52.7668726345
24318	52.639
308509	52.627326834
304474	52.578708664
314751	52.5730061055
308051	52.4211
312381	52.2164
297758	52.0301
25574	51.83731441
25574	51.83731441
500989	51.7088
310399	51.5408
680229	51.0377661064
296167	50.7956
29547	50.7909
315915	50.1847719892
361696	50.0
292696	50.0
311171	50.0
303312	50.0
691556	50.0
