679712	99.3861147825681
246769	98.3659052656
246769	98.35644564055
170837	96.9438332596
81801	96.8973287037607
689116	96.673298883
287927	96.0448093520804
295378	95.7535941393742
310749	95.6593997044241
290046	95.260245939
290046	95.260245939
290046	95.260245939
29436	95.21725
83629	94.99663826736
85384	94.54290434632
25424	94.23999
140587	93.87105
296390	93.71205
316400	92.2205211728
29623	92.07884
24248	92.00976
29218	91.9972370645
432358	91.6357340656
362384	91.13349
292172	90.99561
290912	90.7876
306129	90.56492
310395	90.46811
84474	90.00431
315567	89.976
686611	89.8699
686611	89.8699
25615	89.8315
301513	89.7466646868053
171015	89.6784
296474	89.308108993
361628	88.9291448532
360917	88.8315
313427	88.8158
85250	88.7685737717892
287709	88.6307
29755	87.8442
689883	87.1842
363076	86.6654
65166	86.2237
58840	86.2056
287954	85.6493
313861	85.4539
500077	84.6151
298884	84.4800856873
450224	84.4060815564
306630	84.3721522204834
64040	83.7734
500037	83.5483447693
292770	83.1879
292770	83.1879
246046	83.1554
298992	83.1236304628
311450	82.5194
29384	82.4302
365652	82.3487
58940	82.173
116590	81.4109040064
288152	80.8213
680717	80.7839
296394	80.5339
64469	80.3912822845656
291352	80.24182723
360993	79.7703
361030	79.6864725196
303403	79.4584
29365	79.4412463615
29179	79.2224
499020	79.2217
499020	79.2217
313352	79.1122101307426
54296	79.0369479683
291750	78.859
83462	78.7928
171100	78.7722
24674	78.3961
313647	77.6763
100362347	77.4646
500538	77.0521
500972	76.6242
170908	76.3302
25585	75.3909
100911235	74.6184
295224	74.4951687096
24546	73.7966
313130	73.391
314126	73.3706
366697	73.2915
64558	72.9952
289233	72.8735442934
288740	72.8085
291022	72.806728624
305270	72.3472
299261	70.9532
83515	70.7901
116631	70.3881
116631	70.3881
116631	70.3881
294335	70.1392
25405	69.966
117043	69.5561
305908	69.5121
308265	69.4731
367714	68.8816
499660	68.5349
294734	68.4656523937
306183	68.2179
64185	68.1705
81531	68.049
310352	67.7052
291464	67.6803
679668	67.43823487
100362555	66.9054
100362555	66.9054
64194	66.7589
309804	66.7469
315953	66.6737
689404	66.6361
364754	66.6086
24356	66.374584072
83626	65.8664119739
29483	65.8091
29483	65.8091
29483	65.8091
29483	65.8091
81742	65.3707
362288	65.1604
83501	65.1262
497961	65.0457
171563	64.7449
100233176	64.3329
308267	64.2121
292486	63.6401
24254	63.0371
80338	62.3074
302935	62.0584
64456	61.7905
315439	61.5223062952
116500	61.4199
25301	60.633
171361	60.582
313609	60.3553
307016	60.2066840872
29183	59.8725
54254	59.7218
306506	59.4851
297406	59.3097
502970	58.7568
314721	58.5715
296753	58.5267
56042	58.327
287212	58.2051
54319	57.9703
25594	57.6577
365299	57.5232
293165	57.2684
192235	57.2566
192235	57.2566
307855	56.7314
25603	56.5236
300733	56.2941
259237	56.1826
308709	55.9095
362226	55.7906
117098	55.6646
79210	55.5643
64559	54.4263702123159
116600	54.3826
64366	54.3475
64366	54.3475
300236	54.2609
361207	54.2087
364712	54.1295140048
315804	54.0413
399475	53.822
302290	53.7976
303831	53.6035
360668	53.545
313348	53.5443012014
366624	53.436
298483	53.428
310399	53.4074
297720	53.3252
25643	53.3220159976
314212	52.7813
171121	52.6853
362293	52.4346
312054	52.335
29588	51.8321417017
315926	51.7587
303918	51.4036
680419	51.1592
311911	50.7142
266776	50.5266
360983	50.436426862
314964	50.0
305482	50.0
297486	50.0
316021	50.0
59109	50.0
