501088	97.94463092
366975	96.1355918582521
116728	95.4435
308632	94.71475
311311	94.03624
287155	92.43902
363133	92.237823307
315665	91.87363
64827	91.62988
24922	91.57385
304809	91.22274
307485	91.00231
287392	90.39499
314906	90.10466
170911	89.4707
100361314	89.2141
288264	88.7728221600005
288264	88.7728221600005
313510	88.5552522631
302845	87.8106
294988	87.7136
363084	87.42522337
294103	87.2574
64186	87.1166
94338	86.9820964579
54321	86.7946
685072	86.6218
685072	86.6218
295061	86.3043
117043	86.2216
171179	86.0085778705
353256	85.86092549
313609	85.796885321186
84394	85.6393213816
192235	85.4870937838
192235	85.4870937838
305895	85.4343933199
245981	85.2084
24827	84.1489047298
287541	84.1158
288593	83.9195
113919	83.483175783
360887	83.3025
315160	83.1956
171495	82.8173019989265
287593	82.1778
287454	81.5062
361271	81.3766
302946	81.2445
315073	81.1663
83572	81.073
294862	81.0424295752
24874	81.0060269279982
287280	80.9031
60417	80.7339731944781
362557	80.7108
363016	80.3928
83825	80.0610428006657
312952	79.8378212064
302934	79.4771
305896	79.2936
499322	79.2068
314683	79.0807
303824	78.526595936
303824	78.526595936
314436	78.4014
292067	78.2221
364678	78.001892623
498309	77.8835649755
170900	77.7038860918
360537	77.68128106
299204	77.4469628388
25049	77.4166
363603	77.2182
691947	77.1267
362962	77.0523889234
303923	76.9632
315686	76.9058033932
298552	76.6414
304807	76.6101
301555	76.555592321
292087	75.8032
310463	75.46
294208	75.103209232
140929	75.0723
79131	74.6476
306562	74.5798442131413
365548	74.5607416232108
29511	74.5559377256
56011	74.5092
64442	74.0709925736
24943	74.0281
25094	73.9674783925829
64525	73.1952
64525	73.1952
64525	73.1952
64525	73.1952
310721	73.1849
24616	72.9749
500086	72.890850256
362165	72.6764
25537	72.244
474154	72.1131
25707	71.9227
292188	71.2977
294269	71.2972336447
286926	71.2832
29179	71.189
291582	70.9009
114029	70.8985950090304
114492	70.6984
294806	70.3853
304522	70.1462415397006
116590	69.9276230224
293950	69.3219
301289	69.0978
246324	69.0170744784
309798	69.0135727145578
117275	69.0019
686117	69.0014
94189	68.9714656905
313020	68.9135278144
291921	68.8713247102
500540	68.8111
29398	68.767908471
360243	68.7001
309656	68.6795
311429	68.4477
309376	68.2130821366
117048	68.0097
363577	67.825204091
117036	67.76866513
287543	67.6519
307124	67.5827936494657
288666	67.2259
25441	66.9285
288702	66.8092387418778
316583	66.7341847516
361321	66.5554
304670	66.3534
58868	65.8996
117269	65.8425
306600	65.7287
310411	65.6322
29503	65.5247
25467	65.3777
117558	65.31115
29130	64.9744
84475	64.8871500254767
29362	64.8641373418
304290	64.7223
301245	64.5961
361555	64.4923
260323	63.8195869576324
360559	63.8174516389
291967	63.7084
314288	63.703522128
363452	63.6984111468
25501	63.6321
299811	63.4185
303132	63.3440982157307
315158	62.712
191572	62.6720462272
304785	62.5813001115
302967	62.469
260323	62.3096300550362
308582	62.3071
307919	62.1486563743
298524	62.089
689852	62.0771
295327	62.0641
81744	61.9686403753426
364785	61.933713612
54315	61.9078
501110	61.8886625606
50549	61.6245
192213	61.6077
117280	61.4877
305171	61.3625
500690	61.3035
24511	61.1243712244
304786	60.9976831831454
289809	60.7271248452
81641	60.3682
29337	60.092
294606	60.0502
288651	60.0485
292584	60.0447
301085	60.0408508844
301346	60.0299
54302	59.9350065004
54302	59.9350065004
301442	59.933
116477	59.9178
116477	59.9178
116477	59.9178
306152	59.8972
310769	59.7549
114500	59.7382
308912	59.541272884
81529	59.2359
316333	59.2147438527466
294010	59.2147133
299979	59.1919700992
266711	59.1728010774982
306013	59.1483
24788	59.1369
360969	59.0699
309828	58.9488
293864	58.910732577
307212	58.7385140012
114613	58.64
113955	58.6375
310667	58.5088
291936	58.5083
298914	58.1977
300047	58.1855
25605	57.9814
399475	57.6687
362164	57.52775368
360854	57.2585
25743	56.9553052402928
293410	56.9436682739223
314647	56.7748
294207	56.699756806624
81531	56.4118
305888	56.32660513
290668	56.3
303470	56.2765271384392
29430	56.1221
116690	56.0093354628973
116690	56.0093354628973
116690	56.0093354628973
116690	56.0093354628973
313598	55.9153
300679	55.7450261101
313594	55.6776285322
314245	55.5558
313594	55.5387781684
59312	55.4343
287615	55.3465
303753	55.2624256315
312656	54.9986
311622	54.9854653195594
360589	54.9817
361103	54.9778786915
361984	54.8128
288779	54.6431301055
315173	54.5755
690575	53.9105
29430	53.739
300027	53.6725221094
79223	53.3223398269
170946	53.2423
312559	53.237
50565	53.1271
294048	53.0469
303298	53.0226130348
311494	52.9341813454
499561	52.9321
25066	52.921
296510	52.8211
362454	52.69997945
298487	52.4406341458107
317464	52.3816
360725	52.3702548736
287979	52.2837
316325	52.1729
94202	52.0988
94202	52.0988
315746	52.0707
360959	51.988058483
29492	51.9872
25360	51.9862
362329	51.9667531171
300886	51.7722915808
500282	51.7526
316421	51.4504
25054	51.2991392317508
289712	51.1743066216
308843	51.002819258
296616	50.7631
317399	50.5317
315722	50.024369884
25389	50.0
306873	50.0
363545	50.0
304278	50.0
