294809	99.8177162951763
27080	98.44861670085
25654	98.330834755
305104	98.28359290652
24791	97.41041736141
290644	97.20566
290905	97.1505044724
301012	96.89553689848
116741	96.6948
313125	96.49551
302396	96.48336042382
444984	96.45341
365868	96.40984
25043	96.3590214487375
292999	96.23053
298084	96.1922288735027
308821	96.188
296624	95.43804
315879	95.30347
303285	94.9372493576
84032	94.73195
60379	94.3797661411135
85250	94.2898
311406	94.2784284898116
64831	94.24994
83785	94.10349
83785	94.05811
83785	94.05811
83785	94.05811
83785	94.05811
83785	94.05811
83785	94.05811
83785	94.05811
83785	94.05811
83785	94.05811
83785	94.05811
83785	94.05811
83785	94.05811
360681	93.84378
114521	93.7154237244
302946	93.6931864943466
291463	93.65267
363469	93.45279
65162	93.41152051666
312566	93.3689198602
298069	93.28191
83462	93.00278
298894	92.85857
554172	92.75505
65129	92.463326625
295678	92.38906
362900	92.26422
24660	92.1765
502886	91.89303
24482	91.66343
24482	91.66343
24482	91.62035
24482	91.62035
171387	91.28619
315114	91.1303476168
308345	91.118124358
313609	91.0917828736
84396	90.9629872851
309812	90.8131216254
306765	90.7929160688
29344	90.36496
84016	90.18709
29393	89.8001284839258
60447	89.417198117
289992	89.3289
308790	89.2458
29670	89.19906508
246142	89.1061
301363	89.090161088
25625	89.059
302935	89.0281445031556
361920	88.9673
314655	88.711
361944	88.6897
361944	88.6897
315939	88.4747
192675	88.411810871
304758	88.2984
289034	88.2188
305012	87.7533
315804	87.6107633439
295588	87.5094
65208	87.142
312113	86.9061733207
302913	86.8885170355958
314405	86.6456
60430	86.6435
317413	86.1223
316214	85.9585
114591	85.7743
298184	85.7192
311182	85.6617012471
303068	85.5666472762836
116665	85.4182
170914	85.4115
314785	85.2564
114635	85.1765248262
362831	84.8836487377248
170673	84.7683
363287	84.66665
117271	84.4572586919217
24851	84.3741
79119	83.7124104948
313155	83.432
288109	83.3629
94338	83.2149
171563	83.151151022
444984	83.1289
24790	83.0826992852592
294018	83.0069
24706	82.8843
114505	82.5418
140669	82.26
298376	82.2364
317260	82.1959
310909	81.8998
116548	81.7215925181923
140939	81.6015
306941	81.5565
289201	81.502
301737	81.4322
79117	81.2574
116675	81.0518
296467	81.0237650278
360990	80.9229
60447	80.8931453084
117549	80.8829
312690	80.6965423989
293493	80.4291
29345	80.2165
83807	80.0774
287532	79.605
29517	79.5487
29517	79.5487
29517	79.5487
295105	79.4443
315744	79.2783
25416	79.0918
680668	78.9856
306274	78.6815
117036	78.6592
317241	78.6256
310483	78.4466
29278	78.0596901442
29611	78.014
293614	77.9242
24511	77.701565876
311718	77.6981310575
24851	77.6455
24851	77.6455
24851	77.6455
24851	77.6455
362466	77.2946
313861	76.994
293627	76.9621329732
287607	76.8601
308509	76.6574
311783	76.6129
361700	76.4106
114494	76.2415152985
689883	76.1821
361821	76.1395
116502	75.9669
365744	75.8922
192228	75.689
313974	75.1763740101436
315308	75.1758
25492	75.0148
303614	74.9981
315716	74.7798
317435	74.5911
64545	74.2504
362828	73.8658354369
317335	73.7178
25027	73.6433
84510	73.6165
311530	73.4386
304799	73.2955
296344	73.2493
309722	73.0249
24477	72.5084
362788	72.0353036861363
498309	71.9365
79210	71.882
309380	71.4742
307070	71.4475
114495	71.2238
29619	70.8815
296956	70.8491
360627	70.8286
309456	70.7471
689995	70.7061265036
60371	70.5364
29492	70.356
691947	69.8873
365410	69.8481
290823	69.7033
316482	69.7013
24628	69.5632
83513	69.08732319685
308392	68.9089
308392	68.9089
365842	68.6825
140914	68.4047
361171	68.3084
444985	67.9707253534
301128	67.8365
300950	67.7689
171052	67.623111415
307820	67.2141305424338
192154	66.8959
293024	66.8592
311721	66.6104
304809	66.5948
288921	66.1386
25248	65.9605683988
315136	65.5323380548
315732	65.4391
307124	65.217
307973	65.0421
113990	64.9206
361390	64.8191
113990	64.7658
113990	64.7658
286959	64.6629
307526	64.5146
81508	63.9291
25253	63.79
312279	62.9332
361400	62.871635623
315949	62.727654175
65051	62.7161
65051	62.7161
362018	62.6959731448
266805	62.6842
297554	62.662
303251	62.6581
303132	62.6464089588
300891	62.4643
83526	62.396141645
171159	62.3852
300034	62.1298
362329	62.0501
246282	61.883
116479	61.7578
288482	61.4221
113990	61.2637
83518	61.1647
306356	61.1625944162
305679	61.0735388348
287585	60.8947
170907	60.7958498602
304555	60.6923304516
298410	60.6543
302810	60.3826275925
316370	60.3489
363425	60.2581
245961	60.2056
303798	60.1706
266762	59.8294
290529	59.6763
246174	59.6079
100912292	59.1442
311622	59.0833
311130	58.7143
360635	58.3068
306328	58.2111
304474	58.0371
54400	57.9266
25592	57.8406
100362678	57.3277
683788	56.9704
360734	56.8413
287989	56.4545
312563	56.4241
282832	56.2647
116740	56.2569
292483	56.1945
29637	55.77119029
81710	55.7235620263
363545	55.5882149316
308869	55.5566
50655	55.4466197557
304109	55.3667
171355	55.2257
366624	55.0824
295284	55.0802
307485	54.8486
84394	54.7678
246310	54.7283
79426	54.707792305
313304	54.4804
114482	54.44747962
287361	54.336061956
690188	54.2903
83507	54.1375
293897	54.0133688884
290668	53.9402
260321	53.9117
290744	53.8232
363254	53.8073
289094	53.7362
24624	53.6635
116506	53.4882
116506	53.4882
312728	53.2945310594088
292464	53.2896
313662	53.1597
361688	52.7588
316740	52.699
305055	52.0722
24943	52.057
299818	52.0553
296271	51.9959838574018
64194	51.7094
83799	51.7057
287543	51.5864592482
689388	51.4716
293023	51.2445266254
315962	50.9858
287873	50.7241
25342	50.682
25675	50.2356275164
25744	50.0767467376
25717	50.0
25690	50.0
296470	50.0
25690	50.0
24629	50.0
287592	50.0
361103	50.0
690911	50.0
312927	50.0
