83764	99.9801687637206
83764	99.9801687637206
83764	99.9801687637206
316213	99.5621551065896
303382	99.1213862421881
360962	98.7653622681529
373544	98.4077928572229
171500	96.4547699839294
171500	96.4547699839294
25289	96.4337913516233
25289	96.4337913516233
25023	96.407669728
58868	96.36436
299685	95.2617693316444
493865	95.2440480904066
29263	94.98752
79215	94.1733074706553
363287	94.1313690208
366061	93.81951
309449	93.46612
29562	93.26487
116723	92.84794
280671	92.536967436535
89783	92.3872900231
293960	92.29622
362876	91.96452
116675	91.90559
500832	91.75629
25731	91.52187
290280	91.4309794301336
304816	91.2341763553808
316211	91.2229676590259
54270	91.04986
498130	90.9792170545
245709	90.7686916089438
306630	90.7219576259317
192281	90.64872
363544	90.38735
310749	90.31717
682988	90.2616539192
360908	90.1852829084097
289311	89.870914569
363256	89.6979966286
56064	88.8922
303470	88.6432
84575	88.5419845403019
360202	88.2079005652038
304721	88.1838675499188
364594	88.0687
81754	87.9444
500989	87.8178
289278	87.7287
313418	86.6466
291713	86.6322568422686
316067	86.5591563733696
294313	85.5494
287474	85.4714
312227	85.3300441236
682930	85.2439286477
302669	85.21733368
309969	85.1198
117260	85.0786
79123	85.0462395484
266674	84.6460940413305
310662	84.5096
140673	84.3709187780586
365410	84.3387
292263	84.2572
65205	84.0635
291824	83.90952828
295446	83.8232544965697
365382	83.531507674
300674	83.3607
171126	83.0110786974
310710	82.9105564662
305889	82.8199
294508	82.49583136
361181	82.4937
307973	82.4344909036
170818	82.3587
296616	82.3578935244927
116563	82.0427796811
24790	81.9353
303824	81.8279839872
303824	81.8279839872
311857	81.754909496
293990	81.7288
287199	81.4578335652116
293820	81.1017
296267	80.9738474696243
288599	80.6309
25624	80.5131231076
498650	80.4745380110216
363462	80.2045478554
287828	79.9256
296368	79.7274
306647	79.4456391561224
171109	79.3959973548
81649	79.2843092752484
246760	79.1718
114483	79.1058
311412	78.9471
191571	78.6497
361554	78.6473404764
25267	78.606
29521	78.546843217
305428	78.4322885368
691149	78.3036
501195	77.9856
25501	77.8184
301742	77.6421
305268	77.6094
500040	77.4164
303575	77.3996
25517	77.2772
316137	76.5971
310764	76.5643
304809	76.4748
361944	76.2488
361944	76.2488
282838	76.2191
290614	76.1309826991
309391	75.8776204940722
300983	75.8027836866
81663	75.7931670301089
290921	75.7912
307907	75.7090448300861
29627	75.5842
29722	75.4399
114024	75.2279
29362	74.9539
317343	74.8931
306672	74.8718885286
311911	74.7646743128506
313874	74.748
313512	74.506576891
363256	74.50361389
498538	74.3639450686
690315	74.35065398
360855	73.9999
498650	73.9598654113342
29260	73.8443
116741	73.6731
303399	73.4469147676792
313994	73.2149976005499
316021	73.0710710849469
303602	72.9756918956578
361437	72.949903129
363836	72.780568898
361069	72.7762592862944
287275	72.7082
685781	72.6885916072
294088	72.6343
59107	72.5247
103693419	72.2918
306091	72.2514
114096	72.2013
116633	72.0967449154
25049	72.0697
362196	71.9572
310753	71.815
83633	71.4814
50688	71.461725896275
65144	71.4191875675844
366169	71.2508639864
304825	71.1883
360581	71.0817947746
29492	71.037
29741	71.0365
291314	71.027500253
362720	70.8959
24167	70.7235730249539
24167	70.7235730249539
24167	70.7235730249539
24167	70.7235730249539
24167	70.7235730249539
24167	70.7235730249539
685144	70.6949
360839	70.6862
288161	70.6450043278
100361520	70.5448
79428	70.3442392654
25510	70.3325
25510	70.3325
287544	70.2902
414065	70.2881475616
689074	70.1239
365355	70.071
25560	70.0274102019
361512	69.8612
314273	69.7362
302488	69.7216
81661	69.7186
25218	69.5462
245979	69.3882
114028	69.3817
64443	69.3759233047
288079	69.0318
292139	68.9575
25080	68.9527
84018	68.8643
84018	68.8643
290668	68.8080093443041
304000	68.687
266764	68.607
25181	68.5989
363266	68.391
292139	68.3731
25672	68.3563842489
85382	68.2381070008
307309	68.1789
295500	67.9947
300083	67.835
50655	67.7746848962
84596	67.6539
24716	67.5711528116
25743	67.5527151757687
311919	67.0064601114795
298848	66.94949064
314205	66.7976
60660	66.6511
25054	66.5786890113761
29464	66.4888
295461	66.4411
25721	66.3981
313125	66.214637611
315305	66.176
81741	66.1366
361842	65.828430171413
314384	65.8060098904178
499913	65.774
303478	65.6888
294154	65.623474999
498910	65.3818098628
25479	65.0847
29358	64.8041397319319
309858	64.5091615834
361431	64.4407667275
293061	64.0797
24225	63.756289648242
24225	63.756289648242
24225	63.756289648242
24225	63.756289648242
24225	63.756289648242
24225	63.756289648242
24225	63.756289648242
24225	63.756289648242
24225	63.756289648242
24225	63.756289648242
289733	63.75568222
302855	63.7042
289315	63.5861
315297	63.5010261531905
362962	63.168622830363
117519	63.146191074
313825	63.0529233733653
81515	62.993383239
81515	62.993383239
64134	62.894334808
360594	62.851
171103	62.8268763528
362788	62.8013012001
365592	62.6161726559253
312828	62.399889569328
300783	62.252786305
292696	62.0795
25248	62.0433
24217	61.9341
296956	61.8114
24338	61.7271621848
29456	61.6995
294674	61.6070596828
58970	61.5276
309986	61.4781723884582
298992	61.4316
25567	61.3893
29659	61.3731
25715	61.0317079926437
306825	61.0198792576
64460	60.8703083575
361442	60.7018181992528
294091	60.6958
25151	60.471
290802	60.4527632725
246118	60.3245
78958	60.0827
291130	60.0649681668
24256	60.0338
24256	60.0338
362246	59.935669872
25558	59.8993
690188	59.7581232540817
25113	59.6645
84018	59.5568
316064	59.5433
288661	59.5226
310392	59.3857762757
266600	59.3047404821
116500	59.2592
311336	58.9262
315870	58.870422095
500132	58.8188692629251
83629	58.6618082128
291987	58.5627
315093	58.4996
301076	58.47835
29430	58.4769
360973	58.4438
292878	58.3532
691075	58.3371
364033	58.3017
192253	58.0583
64525	58.0087262194124
64525	58.0087262194124
64525	58.0087262194124
64525	58.0087262194124
314649	57.9434
287424	57.8627
83527	57.8037
83527	57.8037
83527	57.8037
83527	57.8037
295243	57.7499
65183	57.6758115666
291736	57.669656769
171080	57.6041
289094	57.6008
308564	57.5675
289783	56.9639
691209	56.9262
24333	56.8119847072
24333	56.8119847072
498003	56.7691125994145
25613	56.7559
303554	56.7479378296
304784	56.743
29430	56.7319
690489	56.6162
307343	56.6084372564416
81749	56.5784791273
297607	56.2993
300666	56.2791
64047	56.2502635671185
293704	56.2284
300474	56.2139031116072
363153	56.1434
25622	56.0182830819445
25622	56.0182830819445
64832	55.9583258572
290519	55.8872040448
307820	55.876486362548
25416	55.8708
100359982	55.861
64152	55.8091
360803	55.746277576
366251	55.5571
50654	55.51723823
171454	55.513
24223	55.4312
361992	55.3374
316539	55.2946
360917	55.2598
84588	55.1903
305826	54.9022
100359982	54.8499
311802	54.5897
25674	54.5567
680229	54.3283334815
289635	54.2249
315953	54.1775
309639	54.1681
294375	53.978
25430	53.909096986
680014	53.8687
29644	53.8645
365548	53.851247885
298074	53.7967
114519	53.7673
366889	53.6786
25430	53.58925954
308765	53.319758413
288772	53.2581
290235	53.2256
65196	53.0990027632
292548	53.09
112400	53.0146522261
112400	53.0146522261
112400	53.0146522261
112400	53.0146522261
112400	53.0146522261
112400	53.0146522261
112400	53.0146522261
112400	53.0146522261
361907	52.9428
305310	52.8208
501925	52.8206076822
53949	52.7623
25155	52.7311
25433	52.6229
287110	52.4254
303604	52.3961872512
25552	52.1824
299197	52.1257
361309	51.9800660758
54268	51.9212
360704	51.8802
362912	51.8456
313067	51.8216
192126	51.7686482428
299828	51.7332
25343	51.6986
680133	51.6967344361
298851	51.6494
691231	51.6246
361755	51.5540602487
305253	51.5428195209
361388	51.4500750512
170837	51.4318
305888	51.3106
252924	51.2816
306274	51.0460313738279
297601	50.9036
306809	50.8392253177
305816	50.8344
315189	50.8194
24208	50.8056
192274	50.6627915494
304286	50.4739487433545
59076	50.0
25737	50.0
293128	50.0
289026	50.0
25149	50.0
313050	50.0
308267	50.0
170946	50.0
361810	50.0
364838	50.0
59076	50.0
