83722	99.1765069717035
361388	98.8882735202001
29316	98.72608828014
360480	98.6987144689044
246771	98.2287021392
360632	98.1608404157784
304218	97.95544356069
362011	97.68823
79212	97.62275098
312915	97.59731126862
303016	97.40851220797
309126	97.2762497375861
307724	97.1557792984231
304218	97.15563462615
78963	97.1496917546
309798	97.13152
24962	97.07496
303439	96.96111
310392	96.94455216478
289257	96.56355
286989	96.49817
81002	96.1872070804
291750	96.10717
315904	95.9509656623
404783	95.82031748887
315000	95.7597932276
29619	95.6315829008
29629	95.4348229521
29629	95.4348229521
316583	95.35581
299900	95.10376
303070	94.9216206125114
362831	94.9025304125
245980	94.71767
289584	94.57209481702
363227	94.51598
360722	94.43388
291133	94.22565817213
29758	94.15304
499745	94.11856
314818	94.10199
303132	94.0969630195
170911	94.02071
361601	94.0169098782
299618	93.9589733159
288233	93.9495155666
171159	93.86723
25159	93.85337
500715	93.83154
50662	93.6828583216
25664	93.63736
25664	93.63736
25664	93.63736
114906	93.5703
303396	93.41968
64394	93.1134631575687
24170	93.05602
289521	92.8812698529
170899	92.5788779048
360426	92.45121
360426	92.45121
691774	92.34775
81925	92.19346
303068	92.15201
311193	92.13123
81633	92.08652
361627	92.06378
296603	92.0365583488543
100188944	92.03084
100188944	92.03084
309069	91.94303
289482	91.92915766111
114093	91.87147
24831	91.7787242793704
24831	91.7787242793704
310086	91.7224859247
499964	91.6767592168
25469	91.54042
314196	91.3552484796377
305505	91.26198
84395	91.1864974484
100360880	91.09787
295647	91.015457644
24669	91.0026407548
304012	90.94871
24167	90.6615995339831
24167	90.6615995339831
24167	90.6615995339831
24167	90.6615995339831
24167	90.6615995339831
24167	90.6615995339831
311384	90.63970966
305835	90.61551
293117	90.55152
304055	90.4768
246097	90.4744
303592	90.37041
83626	90.3588565883
171563	90.32626
29456	90.1792581024
311854	90.13361
503214	90.07894
362741	90.06556483
64154	90.02658
364430	90.01353
306147	90.0095
84482	89.9859
362279	89.9126163745043
307075	89.8426
312652	89.8222
286758	89.8111
362291	89.772
362859	89.4776
84407	89.4284
54289	89.4019
78975	89.2737
259241	89.1573
59266	89.1494
361688	89.1421
65172	89.0804
314800	88.9475
306157	88.9321
306873	88.9319909524
501145	88.7338
288482	88.7199243918
314330	88.6112
64558	88.4404
595134	88.380043930995
301173	88.3503482125526
303336	88.2603
309962	87.775
307398	87.5887613612197
78965	87.4065766575
246294	87.3199
300652	87.2768962172
29629	87.2226
24184	87.141803107
363292	87.0760629496
288091	87.0317606611
314655	86.9881
364241	86.9842
301038	86.9329
100361314	86.8805
365842	86.8574
301285	86.8269898064
292172	86.7483997108
316213	86.7475
313954	86.7196
83825	86.5660657224
298859	86.5468
302920	86.5200930148
553106	86.3459
360640	86.0608
286931	85.9006
362911	85.7303
54297	85.6926064392
366205	85.5737
113975	85.5319
50558	85.5193
679712	85.4898
63886	85.4663
364069	85.3951
296390	85.273
252882	85.2548
309399	85.2258
114845	85.1721292858
294088	85.172
54348	85.1034
295445	84.8384
499073	84.6772
84402	84.664418013
282819	84.6219772594
116725	84.4242
306141	84.3861
360821	84.3811
315958	84.3728503372
29668	84.2571
83532	84.2432
304150	84.2382
24412	84.1703828457144
297514	84.0315080816847
360990	83.8836
117522	83.8337566188
300849	83.3344
501097	83.2988
29194	83.1849142884
298992	82.7643342772
100359680	82.7153
25577	82.6895
29259	82.538669872
116459	82.535153531
171136	82.5117
303336	82.346
24954	82.325
24420	82.1666
291130	82.1346041190565
309888	81.9104581156
24159	81.8726
312440	81.8714
305268	81.8527
362550	81.746
309828	81.6650414336
309243	81.629138413
291841	81.6021
291912	81.507277918
364208	81.4642
288707	81.422
304735	81.4002
315137	81.3057
297486	81.0985385785
25023	81.0502
25267	80.9604662914
494500	80.7577
494500	80.7577
494500	80.7577
25433	80.6559
117089	80.5852
360161	80.5066
360161	80.5066
100360066	80.330614945
303376	80.123035108
81504	80.0859
315439	79.945
170670	79.9361
317247	79.8123139417292
80897	79.4844066666
64701	79.4596
289874	79.4555
293491	79.3717759248
305795	79.1819
501563	79.11225
301346	78.93635
192178	78.9045424920256
498650	78.7362
81916	78.7165
84360	78.6997046668
296623	78.6910581656
294606	78.6809
301264	78.6195
192235	78.5718
500137	78.5452
100294508	78.5371
307296	78.495350032
297942	78.4100505368
58839	78.3592
315500	78.309268123
315508	78.2723
83683	78.2311
192154	78.2136
302373	78.2007280783
312694	78.0516
361159	77.9396
296968	77.9115
291100	77.7094
171088	77.6373
294862	77.6174422618
100362554	77.6126
116469	77.5582412169
171447	77.3112
24596	77.2945
25405	77.2317000482
266600	77.1210337971567
171131	76.9332
303181	76.6426
613226	76.6193621278
314157	76.597
59087	76.5598
25675	76.4255774097
25344	76.3819
305623	76.3201
297504	76.2206491172863
313598	76.1596
316384	76.0279
171048	75.8354
85262	75.656222176
363165	75.5368
59317	75.5018618546594
366061	75.4223
367562	75.4065
360920	75.3472515330077
79254	75.3213
25100	75.3088
83619	75.0936
288108	75.069699777
24329	75.0576
310806	75.033173108
171059	74.9341
360518	74.8136
362595	74.7721
84510	74.7588436129878
291813	74.7455
100360552	74.7429
25467	74.7223
64526	74.6588
292401	74.6396227963
314384	74.6069
29750	74.527
361467	74.4264
295965	74.2581
56064	74.1414
313339	73.8323178131
499353	73.7266
64200	73.6944
64200	73.6944
64200	73.6944
64200	73.6944
25615	73.499
317346	73.4059
294410	73.0445
290997	73.0159
64042	73.0142087788
366889	72.862
65161	72.688937512
311607	72.5037
408243	72.4157
310533	72.0078
64017	71.9
140940	71.893278119
192270	71.8493047358
498678	71.6685
315352	71.5515
29331	71.5392
116500	71.446639696
298682	71.399
315806	71.3966
309628	71.3354
300813	71.3215753184
299331	71.3089
307206	71.2484
25592	71.1749
500384	71.1423
29628	71.1169
315579	71.0839
311604	70.9011
29721	70.8727
311903	70.8623
298765	70.7435
64462	70.6980742772
362871	70.6726467713406
84383	70.4470900195
317324	70.4365622024
310812	70.2343
25743	70.2223542455526
25245	70.1612
25245	70.1612
293551	70.1148353281175
299982	69.4647
287275	69.4298
252889	69.427028352
361431	69.2826971539
304023	69.223
680549	69.0678140153
24645	69.0141
317673	69.0050158528
300472	68.8629
79426	68.6789
362301	68.6684
362301	68.6684
367252	68.6465827669376
367252	68.6465827669376
65190	68.582160891
25571	68.5167
80338	68.4963
112400	68.4519
298504	68.3829
362316	68.3205
309812	68.308736325
317343	68.1761
306492	68.149
292847	68.1149
25095	68.0873
313370	67.8271726576
83726	67.7824
294518	67.7054979475
497961	67.4910160588
25187	67.4183605320356
25012	67.3179179105
25012	67.3179179105
25012	67.3179179105
308667	67.0781
294747	67.0701
309419	67.0396
50555	66.9496135166
499529	66.9246
81656	66.8601647696
360874	66.8336
25620	66.751
25620	66.751
25620	66.751
25620	66.751
29637	66.7369
305471	66.7229
300341	66.603
498232	66.4648
361195	66.3658
25411	66.1026
59312	66.0484164313
497198	65.9320091462
290850	65.9096
117064	65.8983
360869	65.8947
24684	65.8685
29516	65.8147
313845	65.660242358
303792	65.5312924756
362283	65.4998520943
25398	65.4970552916
310399	65.3422752220472
300514	65.3045
308708	65.2138
302495	65.0546374396
302500	65.0427
499653	64.9379
301337	64.9348658518
360563	64.8307
684871	64.7023
25604	64.6769
24835	64.5931
81649	64.4434
311098	64.3288
266761	64.219150175
298943	64.0286
117267	63.9964
29140	63.8963
25478	63.8565
308361	63.835170256
59328	63.8184
140666	63.7562
29461	63.5964
317435	63.5553
309639	63.5489
360600	63.5232274084
59303	63.5226
171052	63.3542191024
291157	63.2888
25289	63.2504
25289	63.2504
360906	63.1875
311059	63.0363
64157	62.7632
24299	62.7233
361994	62.7002
24397	62.4454
690987	62.0884
314824	62.0726635347698
294324	61.9988153679392
310261	61.9691
301261	61.9372664962
60378	61.9263
252929	61.9051
117041	61.8657
289143	61.811
59303	61.7242
25596	61.6512
362495	61.649
297096	61.6104
24225	61.6085290961354
24225	61.6085290961354
24225	61.6085290961354
24225	61.6085290961354
24225	61.6085290961354
24225	61.6085290961354
24225	61.6085290961354
24225	61.6085290961354
24225	61.6085290961354
24225	61.6085290961354
361940	61.5752662105
29645	61.1014389414337
297570	61.0724976392394
83627	61.0469
303206	60.8958864412
311332	60.8603
293976	60.8561
300913	60.8495
497815	60.7823682208
292728	60.6939
81507	60.3191
309456	60.3169067161
304157	60.2759376388751
25293	60.1769
688466	60.1656
25293	60.0668
25293	60.0668
25293	60.0668
25293	60.0668
362876	60.0178
25248	59.9894
291309	59.9547
295378	59.9392
315037	59.8897982237
362106	59.8002
311530	59.7562
293050	59.752
291691	59.3533
25687	59.349
29278	59.2614022878474
24718	59.2391
60666	59.2244
84394	59.059717266
300173	58.7974
364786	58.6861
497948	58.6624
25373	58.6368
308959	58.6328
500037	58.63
306619	58.5766
59317	58.5706
79209	58.33695
313873	58.2661
315711	58.166
24609	58.1255
24609	58.1255
498609	58.0036567822
292686	57.95
291597	57.9007
299699	57.8677
59076	57.8227
287521	57.7434
690038	57.6732
59076	57.672
300463	57.6269
81785	57.6155
293048	57.6044
308937	57.602
116590	57.4599125699
300384	57.4447
117016	57.4271
171051	57.4251
171051	57.4251
171051	57.4251
301388	57.4101
288718	57.2997
290829	57.2563
252920	57.1934
304962	57.166608376
362052	57.1599
103693239	57.0047449466
50665	56.957
303882	56.9088
498650	56.8872
288118	56.8542
500199	56.8346
290284	56.6895
29755	56.6817
365748	56.6780023612
116690	56.6499
116690	56.6499
116690	56.6499
116690	56.6499
300649	56.43629967
58924	56.3895
25501	56.3829
296936	56.3336
298426	56.3028825580682
257646	56.2012
307070	56.1802646325
499194	56.1695
25205	56.0765668272
288182	56.02
24158	55.9716
207122	55.7553
365601	55.6662325078
25230	55.6489
25230	55.6489
305471	55.592
365963	55.5665
24603	55.560063388
363040	55.4907
84476	55.4903
306260	55.4617
65157	55.3426
29657	55.3006
25447	55.1698044135
308795	55.065
499335	54.9701
290317	54.8433
50719	54.7220912461805
303755	54.7058
304315	54.6891071294
286923	54.6229
286923	54.6229
286923	54.6229
24499	54.553281229
286924	54.5167
314634	54.5107
171447	54.4191
171447	54.4191
171447	54.4191
171447	54.4191
171447	54.4191
171447	54.4191
54295	54.2992
690745	54.1686
85426	53.9988157044
304431	53.9505
685474	53.7435
685474	53.7435
685474	53.7435
170641	53.6928
310808	53.6852
353256	53.642
361866	53.576
94338	53.5047686104
690728	53.4711
259242	53.2321368588193
29524	53.23
25690	52.9579324474
25690	52.9579324474
29479	52.9007
29479	52.9007
306868	52.7107868034
117272	52.6175
313554	52.5562
691149	52.4319
314751	52.4089
29647	52.3745
315119	52.3056
316539	52.279419158
292019	52.2446
680549	52.1525082261
311341	52.1276
361391	52.027
314647	51.9169
295596	51.7635
25690	51.720467029
192235	51.6836
296280	51.6751
364867	51.5751237828
116600	51.5082
24604	51.4561
362665	50.9784
362912	50.654393576
314212	50.5301
24547	50.0279612848
304833	50.0
81574	50.0
50566	50.0
307016	50.0
85311	50.0
689995	50.0
315033	50.0
317395	50.0
64559	50.0
304794	50.0
303212	50.0
297685	50.0
