313128	99.905139706429
298874	99.8454713558669
307667	99.808434603456
313481	99.63310742436
309478	99.5415268188402
304495	98.58439534992
498256	98.07958089836
295692	97.94813094978
362491	97.9475645596756
114517	97.826580598
305367	97.73544887662
499508	97.59208
314859	97.55486
297486	97.5368736158497
309812	97.4706599821011
25584	97.270690177
362700	97.2609261046823
297942	97.2099874045986
24398	97.11826967754
368042	96.9302387361347
316415	96.90071444793
315798	96.2486928819624
309081	96.09974567
499431	96.0848761405
29358	95.98137074554
24225	95.8898634928245
24225	95.8898634928245
24225	95.8898634928245
24225	95.8898634928245
24225	95.8898634928245
24225	95.8898634928245
24225	95.8898634928245
24225	95.8898634928245
24225	95.8898634928245
24225	95.8898634928245
311968	95.83720099782
29146	95.7459363622
170842	95.66247
360468	95.6409
25565	95.58948884086
493810	95.4326280048685
314850	95.3641529644838
192154	95.1264522538
84411	94.96634
298524	94.93457
117284	94.8542839678
313061	94.8469792128
140586	94.82165012188
290905	94.75535
287615	94.68253529086
307500	94.56458
289350	94.48271
294708	94.42011
298441	94.39843
171304	94.2425030248
79256	94.20627
79256	94.20627
79256	94.20627
79256	94.20627
362533	94.16635
361712	94.1407922482
360917	94.0387263057354
306941	93.83436
300772	93.74892
307721	93.74664
300266	93.72126
308944	93.71912
361285	93.61569
317271	93.5680777129
304960	93.54728
25574	93.34686
25574	93.34686
100362347	93.2203292427
294421	93.10886
306542	93.05807
315352	93.0243795369045
313438	92.99632
308790	92.9884880339252
114845	92.9633907334
25336	92.6930618206683
170933	92.56085
116644	92.40492
361668	92.1951758784833
25514	92.12023
291540	92.112723375
25533	91.98387
307766	91.81883807779
317399	91.7804395786
252855	91.74876
360993	91.6780849
83788	91.65107
83788	91.65107
83788	91.65107
304150	91.5310557558
364081	91.4871405831018
81518	91.42263
310812	91.35044
302975	91.31518
171046	91.25238
171046	91.25238
303394	91.025650487716
25549	90.61945712
297804	90.54804
25686	90.4602122074
306141	90.31025
84010	90.26996
500116	90.1920910865
303321	90.15025
94267	90.1331910755
246150	90.0997900887
308215	90.0916756796179
309053	89.8967
314205	89.8654
29577	89.7842
314894	89.778482968
306404	89.7615
309514	89.6133
316482	89.5942424516104
690911	89.5818
310552	89.5602
317274	89.474
83425	89.4362
365755	89.347
292199	89.1802297825012
304799	89.164
362356	89.1548
307724	89.0940686869
289181	88.8749
29622	88.7614
681178	88.743
311332	88.7312
363076	88.7052141448
680712	88.5185
315210	88.332
25717	88.3318
306548	88.2451
502603	88.2196
362665	88.2025213039604
300756	88.1971880923
291044	88.1628
288308	87.9876
117048	87.9366
317343	87.8987052478
353256	87.8163468073
499022	87.7894
25654	87.727436722
298555	87.724
81816	87.7099384756
293112	87.5906396547
305428	87.5732
290783	87.4797
299002	87.4114760235397
299113	87.387
140939	87.2096658854
500000	87.1666525436
303602	87.1320076604315
257648	87.1263
315034	87.122
499966	86.8480582799095
252961	86.825275971393
252961	86.825275971393
292721	86.7744
305171	86.6649120148
312781	86.6511
316019	86.5854
303351	86.5092
25675	86.4386529174
298875	86.3946
361920	86.2397239257
301575	86.1726
679869	86.1300794100903
301374	86.1200256461787
313242	86.1118825767631
313323	86.0224
290212	85.9891
315804	85.9315
290549	85.8641
24851	85.7596
24851	85.7596
24851	85.7596
24851	85.7596
24851	85.7596
310694	85.7573
503018	85.735
366624	85.655062651
192361	85.5832
170913	85.5465
303132	85.4562545635139
117016	85.3606
305468	85.231450278
497991	85.1876
83801	85.1753
494445	85.1222
311591	84.8665
64530	84.7768997248
282825	84.7291
303803	84.6283
252920	84.5092802325534
293828	84.4943
683788	84.4655
689890	84.2356464032331
24239	84.2033769472
25031	84.1673
29578	83.8646
691992	83.827
64566	83.7748051361771
83572	83.7299557468
360980	83.7178
25697	83.6736
288482	83.569859132
299811	83.5557790419
500244	83.5541668561844
365652	83.5354
314993	83.1994597144
303831	83.1370372192
314543	83.0919
500219	82.9595
293135	82.8391
50622	82.7544
680532	82.7472
25493	82.6813491227
316023	82.4227
291659	82.3729
85254	82.132
29144	81.9277
680445	81.9194913388
290326	81.8453
140666	81.7132196383
24237	81.5337
64528	81.2847
679906	81.2808
114553	81.277698169
366894	81.1613962085
299117	80.7603
64366	80.7123016518
64366	80.7123016518
25094	80.5094319228111
314401	80.4611
100233213	80.4308930608
291314	80.413334254
299872	80.4052
305848	80.3898
360868	80.3638833172
29657	80.3577
303396	80.3491210854178
64023	80.1376
288092	80.1074
308113	80.104537633
302488	80.0548
307855	80.0409
84006	79.9675
301634	79.9339
25743	79.867199198695
114514	79.8525
293060	79.827663473
312159	79.7274478203951
29715	79.6657
303251	79.6116
303836	79.55725
307098	79.5156
682076	79.4536
313838	79.4457
304005	79.4369
314930	79.166989152
100910202	79.1621
114494	79.1538
50993	79.1399
116477	79.0163
116477	79.0163
116477	79.0163
312607	78.8947
170845	78.8146
309095	78.7988
93662	78.7694
25125	78.5795
306817	78.5442
170567	78.434
246046	78.3799
24922	78.3463
363131	78.2814
306055	78.269799776
117185	78.2692
84410	78.246
307820	78.225161365
304074	78.1989
302935	78.0194261176
116682	77.7532
309135	77.6793
117255	77.6524
252900	77.6316
85424	77.6278
317409	77.5788
362697	77.5535
684097	77.5365
307016	77.4934839063
690303	77.4895
360637	77.3385
399684	77.3351
116675	77.1496
301285	77.0537
299180	77.0343
296368	77.0208
117544	76.9252236726
498728	76.788
314824	76.7076686264497
312372	76.6834
25167	76.6573
29366	76.2614
308669	76.2472
24831	76.072
24831	76.072
360990	76.0196471228
192270	76.0041653575
84597	75.8284
304786	75.5601169458568
497198	75.547
25537	75.5337026403
309207	75.5249014235
259275	75.3807
362703	75.2996
361400	75.2892
366452	75.2368
313130	75.119042983
363632	75.013
432358	74.917400826
360230	74.8976
365963	74.8006
25186	74.7268
299810	74.5908
25248	74.5429497578
306007	74.5395
294962	74.5101
361944	74.4804
361944	74.4804
362609	74.4642420572
304833	74.4322
292999	74.4201
171447	74.4011
171447	74.4011
171447	74.4011
171447	74.4011
171447	74.4011
171447	74.4011
171447	74.4011
296200	74.2985
305164	74.2874816173
60447	74.2744915824
60447	74.2744915824
25716	74.2447
170566	73.987
292994	73.8901
24255	73.8466
299691	73.7578
85384	73.7307053576
362862	73.654
24618	73.5228
364681	73.4557
313598	73.231
307414	73.2211
64152	73.2013810988
29628	72.9353063116
29628	72.9353063116
266808	72.5538
311423	72.5414
362279	72.5329
296084	72.4979
307070	72.2706
315915	72.2265
25690	72.2216
25690	72.2216
361554	72.100324155
360514	72.0717
308265	72.0377
25690	72.0105
308807	71.8668
58857	71.7909
368070	71.7825
295105	71.6832
313811	71.3798
25261	71.3457
84395	71.0683
25283	70.989348438
84431	70.8827
64047	70.800699616
307206	70.7009
289584	70.6671
499870	70.6194
29480	70.6187332737
117549	70.6096
298894	70.608958544
369016	70.6023
305571	70.5169
117036	70.374
312675	70.043
116490	69.8705
494322	69.723766445
25176	69.5435
60371	69.4776
362978	69.4484
83613	69.4396
312398	69.3936
306260	69.324473129
500562	69.228
25022	69.2227
25022	69.2227
25022	69.2227
25022	69.2227
25022	69.2227
25022	69.2227
29237	69.0881
299608	68.9003
317413	68.8886
80850	68.8191787804976
80850	68.8191787804976
304709	68.7249051769
65033	68.63110774
289990	68.5712578935924
293343	68.5694
295661	68.4894
25479	68.4829
296956	68.3521
94273	68.3037
171090	68.1153
360726	67.9283919454906
170902	67.7166
58954	67.7129477725
306328	67.3651513948
25202	67.2531
83841	67.1965
363088	67.0372
361825	67.0175
312927	66.9624059456
289521	66.9522
289335	66.9425
293184	66.9045
613226	66.8037236248
60430	66.7325
303403	66.5637
114767	66.5179
290467	66.509
362325	66.378
84397	66.2976
286973	66.2693
25652	66.0158
84586	65.9449
29721	65.8925
289276	65.7268
317580	65.6468
25639	65.5314
305149	65.4311
366163	65.4192
59088	65.3678
310250	65.295
313125	65.2654
286889	65.2603
361251	65.2547
54284	65.1804
302373	65.1608537526
641521	65.0749
170844	65.0696
687147	65.0369
687147	65.0369
291352	64.9668
303614	64.9348
81652	64.833
25341	64.7918
27080	64.7095
306129	64.7046
304063	64.704557755
79434	64.6713
313108	64.561
311622	64.4192
362490	64.3348181596
50555	64.3191
361745	64.2785
368002	64.1289
116647	64.1188
64042	63.8122
294019	63.7035993256
64300	63.5327
366126	63.4716
362051	63.462
84492	63.4148
100529260	63.4115
303310	63.3884
300980	63.2092
362831	62.83550764
29219	62.7708
297783	62.7352
308845	62.532
290447	62.4593
50552	62.4288323432
310074	62.4276
83425	62.4186
308971	62.3608
286988	62.2934
361103	62.2096
24413	61.8993
303016	61.8955
29521	61.8096
64469	61.7218763644
60391	61.6664
293024	61.5949
117556	61.5872
84496	61.5144
84496	61.5144
25483	61.4210938825
302424	61.3906
306460	61.3238
298757	61.274
25672	61.1234
310399	61.0597
64521	60.9346054584
81005	60.7737
362750	60.7585
25647	60.7046242528
56064	60.6349
296501	60.5912
309312	60.5645
25151	60.3389
29546	59.931579451
302369	59.9301111468892
64527	59.9236
303298	59.6716
361057	59.3565
287357	59.3209
494345	59.3056
308663	59.2495815209641
294025	59.2277
84487	59.2050253105542
499947	59.1374567066562
301434	59.033678133
83514	58.7652
25230	58.7367
25230	58.7367
293012	58.7197
171406	58.3285
310086	58.212573796
314399	58.1146
287598	58.109863159
293061	58.07265458
83519	58.0108
499020	58.0097
499020	58.0097
84394	57.9924
24416	57.9163
296651	57.8051
65157	57.7549
313471	57.7002697357
24414	57.6713005792
313554	57.5543
361849	57.4967
116554	57.4217
309798	57.3421
29516	57.2652
192273	57.2515
299194	56.9387
65129	56.9031
170911	56.8962
50677	56.7919
287585	56.7314
498545	56.7118
308864	56.7088
304832	56.6996
79127	56.6356
306630	56.6243104034632
314221	56.4407935834
29335	56.42845
29335	56.407
298992	56.3701
299246	56.3303
295631	56.0884
315664	56.0512
114489	55.8971
83584	55.7984
83584	55.7984
24604	55.6953
100361884	55.4911
65248	55.478619658
29463	55.4556
85489	55.4232
29715	55.3235
29715	55.3235
29715	55.3235
29715	55.3235
29715	55.3235
29715	55.3235
29715	55.3235
29715	55.3235
314746	55.3231
307810	55.1351
114115	54.9366
300813	54.9042743162
261736	54.8618
360983	54.8577
313742	54.736
291414	54.717
310775	54.6757154588
314157	54.6253831628
81732	54.602
364867	54.4779
306695	54.4271844912
311182	54.2877
317312	54.2476
288654	54.1284
499204	54.0984
302920	54.0759
303200	53.99
287436	53.927
171548	53.844
296178	53.8402
24766	53.7905
362923	53.7667
302680	53.7220912792
313370	53.4998293336
291936	53.4635
64678	53.4037
192269	53.3864
78956	53.313757594
300455	53.069
302396	53.0564435504
295669	53.0518
100360100	52.9415
307579	52.8952
312828	52.8272859632
60334	52.8109
314964	52.6244062924
295061	52.6022
307395	52.4211
117140	52.375694392
292264	52.2383
302378	52.2002685232
304286	52.00827012
81638	51.8469982696
500087	51.8192
59303	51.7870089967
313834	51.7288
81740	51.7098
314212	51.406
308523	51.2866466036
170538	51.2699
310803	51.245315672
294981	51.196180988
117183	51.1476
64513	51.1419
365468	51.0704
305956	51.039
300862	50.8615
304091	50.8554
314743	50.8423
29448	50.8392
84482	50.6829
81679	50.6353
287703	50.5381
361242	50.4640086972
266766	50.0
81516	50.0
500048	50.0
687008	50.0
367252	50.0
311171	50.0
24904	50.0
29501	50.0
367252	50.0
289992	50.0
