364634	99.6685181083604
297508	99.095939385351
315958	98.8923004420025
298787	98.372832411
362609	98.1299760433489
317396	97.9557941789447
314743	97.1668926858
81754	96.86850230881
499022	96.60212
361688	96.447172642
690244	96.37777
311968	96.0289679864115
499593	95.8246060606974
64845	95.29856237958
245926	95.2573538302
310533	94.8593460952
309858	94.6560569968304
294380	94.3882220456
362317	94.13291
296787	94.0318751031
314993	94.00222
308215	93.9705515882
170699	93.75540751792
25515	93.3612076624
83683	93.29515
303016	91.934038306488
500921	91.89962
309626	91.6131
361060	91.3269683593
25614	90.991771585
306129	90.90102
65189	90.78533
114520	90.7423375377
24918	90.56867
25281	90.3426095472
316351	90.0337679756
54348	89.7
24398	89.6341
313352	89.5191
306998	89.4139
306998	89.4139
293684	89.0542
29721	88.92942172
117553	88.6415
25283	88.6270363784
499431	88.4588
170920	88.315144537
25401	88.2908
116724	88.1564
29627	88.1508148813
29627	88.1508148813
114494	88.1277
312689	88.0066
315870	87.8984
686611	87.853
289992	87.7334
114901	87.7171517517753
302378	87.5669
315000	87.5516
297783	87.5111
294862	87.1613036543406
360847	87.161
307721	87.1028
29424	87.0199
314824	86.9824
291582	86.9699
246334	86.8808
246334	86.8808
315655	86.8518819112248
246334	86.6523
246334	86.6523
360704	86.5272
84007	86.4106
306141	86.3767
117063	86.3527
360886	86.3272
291877	86.2334
306792	86.1831215871
64631	85.8743
286973	85.3096923394
315615	85.2388585951
290409	85.18025
24413	85.1262173203
306439	84.8736867992586
365468	84.8173
312927	84.7078
304486	84.703
27080	84.5510940964
300756	84.0252427525
299979	83.8964
309144	83.7306144934
288512	83.5792
595134	83.012
301555	82.9154
292328	82.5299
311118	82.1473800923706
171069	82.1118
64547	82.100163565
317608	82.0976
309678	82.0116797336
361258	81.9957
246153	81.9536961716117
367218	81.6334971868
367218	81.6334971868
297699	81.4191
312491	81.4186
117280	81.3703
315666	81.1767
291023	80.995912352
498728	80.7844
117259	80.7652
361171	80.6792
306814	80.5507658488
296603	80.2424
192235	80.0811
192235	80.0811
58820	79.9922
65166	79.9197
25094	79.9071851360155
286914	79.8675
362912	79.8161
304763	79.5232
309126	79.207386977
313873	79.1341840438
501550	79.0018
89868	78.7782
302810	78.762
117041	78.5629
114490	78.547473763
29468	78.5345
24936	78.481
292044	78.4416
25501	78.3606
114634	78.1935105569313
289457	78.1331
114247	78.0705
310801	77.9283306184
24851	77.8529
24851	77.8529
310698	77.6878
290326	77.650992085
680486	77.5531
361930	77.2152
310698	77.104
362485	77.0794
84416	76.9023
305828	76.793
306081	76.5912118387
501563	76.4826169735
310969	76.2505
171299	76.0983
24851	76.0422
24851	76.0422
24851	76.0422
24790	75.7173
309774	75.6248790256
287615	75.5068
291794	75.4575
314830	75.246
83614	74.7596
313030	74.6301794016
294449	74.5035
25708	74.4908
361684	74.3733461282
58923	74.2938
79209	74.1608660579
303518	74.1493
29417	74.1447
305310	73.8142921869
364738	73.5923062936
24316	73.4357
29705	73.3843
306197	72.9547
317219	72.8901
292019	72.5677403218
306571	72.5225
29157	72.425687923
303068	72.3793
498545	72.303565968
306941	72.2259
613226	72.1935337348
304410	72.085
29628	72.027
29628	72.027
299909	72.0261
24674	72.0234
25351	71.9607396236
501195	71.8103
363849	71.2383
295401	70.9024
361095	70.8984485896
25230	70.8087516102
25230	70.8087516102
310506	70.6505084876
294513	70.4339
299811	70.3969598902
303754	70.2068
366697	70.1682
304104	70.1493
65045	70.1232
293960	69.9941
500054	69.725511712
308468	69.6773
288151	69.541
25565	69.532
296084	69.3678
295538	69.2569
309514	69.1191
24370	69.0809
25493	68.9444
317399	68.8964
29748	68.836367721887
316344	68.7449
94196	68.5419
114125	68.4084
29275	68.2801
84550	68.197785093
315648	68.1446
303923	68.0282
360827	67.9203442702
25341	67.6851
64823	67.3268622698
100360334	67.1767
306817	67.1139
361606	66.9673
300253	66.8794
303132	66.7136699608
305468	66.6148
287818	66.2884
288471	66.1687352436
309400	66.087142226
365668	65.8829
360272	65.8820080976
311764	65.6627
29554	65.5132999996
686611	65.372
29244	65.3587
301674	65.001296955
83629	64.9350702784
498545	64.864438401
117140	64.823
313035	64.8182
680229	64.8024
291553	64.6326
81748	64.61
313304	64.3652
308939	64.3351
84407	64.3275170400115
60628	64.1283
171146	63.839
641521	63.7041676228
252941	63.5877
100360066	63.4712250814
296911	63.1963
362154	63.1882651258256
79208	62.9796641123
498272	62.8708
171577	62.8363
302313	62.8283
309457	62.6408
29546	62.6392053536
299197	62.5254
361103	62.5185612115
690195	62.4775
25571	62.2375830322
361289	62.0033060256
25243	61.9588
297865	61.9355
361714	61.7919
296751	61.3326
287113	61.2523
316415	61.2145
171086	61.169377752
310250	61.1621274810439
362223	61.1225
301374	61.112745334
298874	60.7977252462
314862	60.6096475484
289623	60.4944
361632	60.464800153
25675	60.366
313961	59.9111
314788	59.8900551695
25327	59.8314691924
360994	59.7561
296182	59.6633806303
362911	59.316315712
117268	59.3159
290818	59.3018
294018	58.95547728
691337	58.9154
304157	58.7435894375
311311	58.6226
207122	58.5876621013162
304729	58.5657
309901	58.4836
24398	58.1072631432
294799	58.0769870056339
25694	58.058
25415	57.8483
100125370	57.7406
63868	57.6204
84394	57.601777091121
50993	57.4683
24706	57.4327020856
315804	57.4039
362733	57.3991762954
362733	57.3991762954
114500	57.2664
29642	56.6210612298415
313101	56.1777
360600	56.1027160518
365380	56.0944
64551	55.9693
64551	55.9693
316575	55.6776
316273	55.6625
25403	55.5384
25403	55.5384
25403	55.5384
310791	55.3816007444
29335	54.9636195187
293649	54.8737
29335	54.819927574
368042	54.721362695
114505	54.6717
304794	54.6690492469
287475	54.2264
300891	54.1985
314721	54.166
500131	54.0202
366894	53.9849
24716	53.7907333016
25095	53.7703
64440	53.683716133
367252	53.481446127
367252	53.481446127
301416	53.393
64534	53.3852641833
641452	53.371
25300	53.2613
25300	53.2613
100360427	53.1854
84577	53.1476
294508	53.1399
24831	53.1244
24831	53.1244
317260	53.0605
303024	52.8766
289129	52.823
79220	52.529
297867	52.3146
314647	52.2994
296554	51.5867
25248	51.4666
313840	51.3934
29637	51.1017
302993	51.0461
79219	51.0179
289094	50.9433
171121	50.8700081564
307050	50.8449
83425	50.5342528144
83425	50.5342528144
24766	50.0
29216	50.0
499914	50.0
314148	50.0
310086	50.0
291975	50.0
83708	50.0
