84407	99.8089525198156
366894	99.6574372553712
312915	99.468748381911
680445	99.4511428836356
64440	98.6245430054819
305310	97.6421038360451
313647	96.77325833068
29707	96.72721
171297	96.6685268616
361096	96.58662
114845	96.52889125264
100362347	96.49762046298
365895	96.3025811041
654496	96.06113529172
29721	96.0362580675
305302	96.0196
302642	95.80396456376
315958	95.539317868
292199	95.28949105786
307916	95.106508614
64456	95.08023
313063	95.06316
361920	94.6391286668
246770	94.43233
498309	94.366530595
312132	93.87887
304290	93.80792
361285	93.6231396718
29456	93.541727660701
309514	93.4353520304076
287927	93.3931805788
287662	93.25334
84010	93.18337
85384	93.13952
171069	92.91193
63845	92.7298051828
307016	92.7037814572
313596	92.53759
362223	92.40054
306548	92.12996
171018	92.04177
171018	92.04177
171018	92.04177
360895	91.8424673664
302290	91.50964
83838	91.4517860451
311876	91.34963
304944	91.33263
25024	91.270811208
310461	90.98247
299714	90.89888
171440	90.8119086208
64558	90.51718
24803	90.3163580548
114490	90.2278220676016
84395	90.19988
303188	90.00730189
498709	89.9665
24516	89.8729
314993	89.6683
310801	89.4566476258
314157	89.4501
365793	89.1219461967
309957	89.0898
362588	88.601
362751	88.5704
294043	88.168304242
64206	88.1615
65262	88.0414941953
307740	87.8266047723
116554	87.7206646315
315870	87.6181937766316
192126	87.445378264
313825	87.3348
289521	87.1697
24766	87.1365
361940	86.9855431264
64053	86.9758
29560	86.9193
307067	86.7887
24511	86.755
312689	86.5487
295461	86.4773
171547	86.2333
363854	86.1826
25661	86.1407
292486	86.063
364785	85.9428
361289	85.8617
363026	85.741
363026	85.741
29546	85.6296327878195
308113	85.5292
64316	85.3732
679869	85.1635250420523
24689	84.7692965624
306129	84.6937
303351	84.5106
64824	84.3888
315084	84.3351
24674	84.1804
291760	84.0911
309812	83.9981
293645	83.9376
289992	83.8165
25493	83.8119
316810	83.73466464
298942	83.6011
363474	83.4276
315804	82.9882331076
498798	82.8379
305468	82.7301
60325	82.602469018
293410	82.5905
58853	82.4903
29628	82.3027251587133
29628	82.3027251587133
303828	82.2309011766567
114561	82.2278
362384	82.2219723586
307524	82.1075
50687	82.0767
363160	81.8058
287709	81.7167
293960	81.58659318
64631	81.4535667613
314941	81.2716332832
117556	81.1847361924
306571	80.226
310448	80.1566
308939	79.8191478014
117275	79.6272
360906	79.613520396
84391	79.4567315138
286984	79.4540755912
297867	79.1936
297768	78.9692
690911	78.93333162
64513	78.745776328
25279	78.68267454
289443	78.55
65171	78.4142
306764	78.3465
246334	78.2962
246334	78.2962
192248	78.2545
311494	78.2158
312710	78.1376
298874	78.0581291035719
311462	77.9527
246334	77.9491
246334	77.9491
313834	77.2774
307806	77.1563
192356	77.0654
301076	77.0589
361585	76.674127798
312516	76.3512349443
311137	76.2019
315615	76.1549
288654	76.1131
156435	76.0771
311129	75.9753
94202	75.6294
94202	75.6294
292844	75.4968
140910	75.473657757
192178	75.4449
500616	75.3257051811
303342	75.0829
501145	74.9006
292994	74.8920509752
65180	74.4916
24240	74.3287
313929	74.3199
362152	74.3054
259241	74.1072698696
307810	73.9333
25501	73.5688
288920	73.4982
24827	73.4278350226
24790	73.4164
314964	73.2599583562
288025	73.1951039936
79209	72.970241128
299850	72.6248
83501	72.0708041257
362061	72.0637
303394	71.7804350306
64369	71.6587
25062	71.5759
301374	71.481
291539	71.4436
25542	71.3136
25031	71.2356860755731
298934	70.9469
57300	70.8561
360511	70.8295986464
313717	70.6847
368042	70.6791074922
64443	70.4127
310207	70.3998649288
363067	69.9693
304794	69.939495752
292264	69.8867
306814	69.6334
311622	69.5323
313554	69.53
362703	69.4112
360704	69.3803
310806	69.283717769909
306945	69.2074
170699	69.2073
309478	69.2053
29693	68.9845440301531
25283	68.8822864058
29693	68.6822
307997	68.6811
94267	68.6724
65168	68.6642
297508	68.5997
679155	68.4836
306575	68.4128541676
171146	67.9587
298757	67.921462625
300913	67.7574
310201	67.2103
680747	67.1764
83803	67.034
311118	67.0277940288
299511	66.9752
365394	66.9524
309858	66.7271
114505	66.4674
304809	66.4239
100360334	65.9896
298084	65.9355
360722	65.9009
29629	65.8696
29629	65.8696
114481	65.6536
29173	65.6259
297952	65.6166562192
287110	65.5703
679028	65.4775
362152	65.3846794264
170909	65.322
312491	65.3017
366889	65.2737
307956	65.2129858216
315333	65.1762570774
299827	65.1389
25265	65.0641512544
300253	65.0157
688466	64.9600899373
287598	64.9026
291553	64.9003
286932	64.8807
170724	64.8785
298787	64.8422
300813	64.7802
688705	64.7779
307479	64.7468136958
303274	64.7458
286900	64.6489887976
157074	64.629
171447	64.6217
171447	64.6217
171447	64.6217
171447	64.6217
171447	64.6217
171447	64.6217
171447	64.6217
314949	64.5951
25159	64.268
310843	64.077
25603	63.853
360593	63.7829
116477	63.7641
116477	63.7641
116477	63.7641
116663	63.7602
114629	63.4949
192147	63.361
296751	63.3102
689364	63.2531123281
307500	63.1881
58838	63.1112
116490	62.93
29596	62.8351
117279	62.746
305909	62.562
362111	62.5252
29591	62.3913963381646
680133	62.3531
313061	62.2877
308709	62.1944291706
117515	62.1476
365355	62.1407
259237	62.030704784
300849	61.903
292019	61.8755
296753	61.8679
84488	61.8072726656
317346	61.744
29157	61.741
361374	61.7165
362279	61.6028
83824	61.3403
81673	61.3072
310533	61.2394
59105	60.9842
361103	60.9274
207122	60.8208405477
24875	60.8097
294400	60.744866724
25743	60.7442023530806
25033	60.6543
295027	60.5653
84486	60.4832
295252	60.3058
360505	60.2642
299858	60.2088116506
117255	60.0004
117526	59.9928
307579	59.9613
287129	59.9511
365668	59.8923
29618	59.8543
191572	59.7768207691227
24379	59.6322
64551	59.615
64551	59.615
304900	59.4937600225
85428	59.4602965798378
25665	59.0722
25665	59.0722
79220	58.979
83470	58.8426
29714	58.8163
311797	58.7483
114711	58.7289
25711	58.7092
24660	58.6734
315259	58.6063680224
303233	58.4727
313961	58.2007
291549	58.1655270736
25615	58.1383
294380	58.134
308717	58.08739278
308434	58.0465
296758	58.0081
362037	57.9775302967
287437	57.9296
300772	57.9081
306562	57.8532
245926	57.8264
307925	57.7664
317576	57.7346
292728	57.6968
306564	57.6707
306328	57.5781223592
308663	57.5398
689399	57.4767
282587	57.2422668148
25401	57.115
363425	57.0921
296762	57.0804
114028	57.0055
65193	56.7699505368
25650	56.5536
361069	56.4143
367218	56.4012983368
689415	56.103
362609	56.0662
295445	55.8972
293684	55.8802
689256	55.8778
25197	55.8748
25197	55.8748
25248	55.7689
305424	55.7496
64630	55.740543319
303378	55.7361
361627	55.6741
365468	55.5305
290567	55.4381
24669	55.3205707515913
100362555	55.1213
100362555	55.1213
140607	55.0865668744
29705	54.9653
294708	54.6691080985
361050	54.6406
171563	54.5212
298490	54.5154
114633	54.3604
313308	54.3465
83720	54.0091
313098	53.9254919764
301346	53.826
315478	53.686510585
361554	53.6607
305066	53.6035
58949	53.5836
301555	53.523
499964	53.5216
257646	53.4302
286759	53.3352
81574	53.3006522939139
24782	53.2993
302373	53.2757562744
289606	53.1824
64559	53.180241443
304763	53.0049
54244	52.9793496772
315655	52.7383
681178	52.7003
293113	52.5938
65183	52.5707
24926	52.4158
60628	52.324
317322	52.0602
307721	51.85580077
50993	51.8447
362809	51.7894
25380	51.6704
308173	51.5825
64159	51.5095
499537	51.4997
363735	51.28057298
309144	51.2385
362665	51.23662254
303953	51.2302
296312	51.1417
246331	51.0518
100233176	50.8931
192110	50.8673
29464	50.8416
54248	50.832317008
60326	50.8319
314212	50.7828420102
79559	50.7558
246254	50.5706606074
246254	50.5706606074
81531	50.2181976814
29606	50.0
362665	50.0
117016	50.0
65207	50.0
314304	50.0
312372	50.0
290447	50.0
