25293	92.3563435105
25293	92.3563435105
25293	92.3563435105
25293	92.3563435105
252961	90.65073
252961	90.65073
60391	90.51695
314205	90.13214
25694	89.1443419364
84024	88.316
362550	87.2492
84050	87.0134
309262	85.6903
685332	85.4856106229
300900	85.4491
84589	85.3308
289196	84.3781
300074	84.35
680737	84.2666
170917	83.63087255
362591	83.3355
29693	83.2293172695
29154	82.2403
362170	81.9274
690419	81.3741
29704	80.9607
84030	80.1773
170904	79.4552
299730	78.0758
691075	76.4761
310638	76.1707
360503	75.1271
287447	75.0795
310358	74.7708
192280	74.5830743014989
83842	73.9399
361050	73.4455
361289	73.4184
314320	73.2208
310207	72.2723
362495	72.0804363016
83466	71.5683
114499	71.515
25514	70.805
58940	70.5571
58936	69.9821
313876	69.7888
296787	69.433289215
29588	69.382717444
114104	69.13115
313348	69.0294
312727	68.2837
24311	68.0833299628
24311	68.0833299628
24311	68.0833299628
25757	66.9564637456804
689890	66.71605
312154	66.7097
290947	66.6718
113919	66.6519191507465
305922	65.7972
308218	65.6131428302
81661	65.4123
297960	65.1821
690528	65.1294
499288	65.1273
361567	65.0506
25671	64.6217
246116	64.6215978424
25643	64.5674603626
287927	64.1959874536
64559	63.97741264884
25261	63.3782
296884	62.6576
286993	62.464
301086	61.9604
24390	61.855
303132	61.5984594156852
687266	61.4582
363247	61.4413
314824	61.14365
292949	61.0907557771
298549	60.9325
79215	60.8918
54268	60.5726898217
282843	60.566
361944	60.0499
361944	60.0499
25615	60.0184
83833	59.71895
294948	59.5816
29300	59.3759421974
361118	59.236
114553	59.2185
362521	58.8217
65040	58.8154401664
65040	58.8154401664
24660	58.4892
64188	58.3896
288762	58.1007
83580	57.4624
310855	57.3706668230464
288651	56.7824
25743	56.4106582586184
140433	56.3139
362049	56.1293114523936
688502	56.0480950036
300083	56.0189
25687	55.5176459493
313053	55.4447
309888	55.1581291284373
315744	55.13284191
54323	54.944
500988	54.7827
303306	54.3442
24397	54.3003
313594	54.1696189627
306152	54.1282
313594	53.8417989488
306994	53.4014300916618
81507	53.2276002391
29757	53.1652
64547	53.104691575
117268	52.9981
29448	52.797
290317	52.5144762487738
292994	52.4197
315804	52.402
306825	52.1932
25027	51.4955
294018	51.2929
316216	51.1468
286984	51.047
312563	50.907475288
687813	50.8936578136
116459	50.7561
685909	50.7007
116839	50.0
304218	50.0
299971	50.0
286994	50.0
304218	50.0
116839	50.0
360548	50.0
305104	50.0
29181	50.0
