360503	90.79546
171458	89.8198703514941
64370	89.4921
500126	87.2202
170851	87.0353
364419	86.9642
29436	85.128
259241	84.1231757397406
308218	82.506264238
290744	81.66
59075	81.6197
305434	79.5648
315037	79.4758569483266
117278	79.4536
288182	78.053460439
25073	77.8718099071
307251	77.8052
81738	76.692
25012	76.6329
25012	76.6329
25012	76.6329
296762	74.530063786
306152	74.1760058026
246235	73.5042
24551	73.2619
25718	73.1172
170946	73.0215
25235	72.754
500244	72.0948113192632
83800	71.9926
58966	71.7922
362876	71.702
360668	71.0245
301097	70.0465786189
308336	69.127
302975	68.6383
360916	66.7477
306091	66.268
316412	63.5989343445
309170	63.5092719899
305974	62.9382
245903	62.6381
29628	61.3575
29628	61.3575
266773	61.043258107
65198	60.5776
297419	60.4138
291314	60.3910577397965
298385	59.6455
310303	58.6680715631
64455	58.4785
83629	58.1422
25094	57.8930106234
29705	57.1874
286973	56.2186
293847	55.8365
25650	55.537502242
85384	55.3764110238
313030	55.2797
312952	55.0328
24248	54.8136
58853	54.3899
289014	54.356
24644	54.0596
291670	53.6384
282587	53.5474
497954	53.2864198979992
314212	52.9068
361626	51.8635
64017	51.7956427864
305419	51.6873
303614	51.4398
300235	51.0845553091
315523	50.9114
24482	50.0
360602	50.0
65155	50.0
365793	50.0
24482	50.0
64678	50.0
