300173	96.1782524012674
84577	93.42438
688999	92.4173333407
25023	91.55252
29381	89.6159719208377
170920	89.5728
362521	89.2901615068
315333	88.5249
113976	88.3881265459814
286973	88.1059473218
290843	88.0957
317435	87.6293
619575	87.2313960804
24782	87.1527
312398	86.611261682
362220	86.3180475646
295401	85.8983
25231	85.2386196676
245903	85.0620646177
362779	83.9903383453
681337	83.6667246992115
306459	83.2594237432
117272	83.1228
24239	82.0945
302396	81.9244
360970	81.2384
291212	81.1176
64638	80.8416
315037	80.7759568792
191572	80.7427231966
192262	80.6725
29456	79.635304015876
64020	77.9331686137
25197	77.3858
25197	77.3858
308339	76.9954
64305	76.7798
311478	76.6744
65146	76.652
312678	76.3703013802
295446	75.794
310626	75.5859
313860	74.9078
60443	74.3967
60443	74.3967
60443	74.3967
117526	74.3202
289736	74.1176
171406	73.7605
65031	73.0702
50646	72.9918
171563	72.8758596448
29591	72.8260980658
24356	72.7425
54299	72.4895
64042	71.0633755157
291044	70.9949604879
64028	70.5321915976
302313	70.4639
301261	70.3166
313477	70.2058
303749	69.6319
56010	69.1385
308409	67.7967
140447	67.7319
25694	67.6997
25099	67.1304
113975	67.03335692
266600	66.5443
79431	66.5155113325221
307820	66.271055842
64365	66.1543
292461	65.4439
305458	65.3453
304741	64.3389885572534
192147	63.846
29721	63.3823
63845	63.1088
361050	63.1009
314330	62.7759809495012
317498	62.5114882186
170907	62.4858
291411	62.4736870559517
292090	62.1062
363062	61.9638
310086	61.4203586712
291105	60.7211
297514	60.2681
54297	59.8859366553314
171151	59.3258158725
293711	59.1104
304766	58.4754
311384	57.966894221
306011	57.716
361628	57.5691
29611	57.5487692278
246334	57.4643031017712
246334	57.4643031017712
310207	57.078
303902	56.77418716
304125	56.5736
619393	56.2687
664630	56.1658
314148	56.1424
290501	55.8686
497198	55.7278
290361	54.8075
287656	54.8073149367073
309532	54.7351097758912
83569	53.9456
311422	53.6178
85246	53.612412357268
29629	53.561
685332	53.4554
114483	53.2334
287110	53.1624
305103	52.7651
315891	52.1512
25613	51.765
25690	51.6826418892
25690	51.6826418892
25690	51.411056582
690693	51.2406956203735
302363	51.1835
303304	51.1676783434484
116600	51.1286397916
362788	50.8797153745
29668	50.0
311854	50.0
