314462	96.99533478065
313878	92.85025
306873	92.67328
260323	92.6704836126761
24521	92.65614
24521	92.65614
24521	92.65614
24521	92.65614
24521	92.65614
289664	91.87966
289717	91.8487821082
287940	91.50762
307916	90.8804736354753
25155	89.9289403543
300066	89.609
171293	87.6179257656
306562	87.5827872148258
303563	87.0784599196
54315	87.0244348666
293505	86.4980910976
287212	86.4898
89808	85.6880271795607
304592	85.6357837249397
687813	84.9242
29563	84.8039
94172	84.8023335724
287942	84.7438
117513	84.0251
366478	83.6873
363989	83.0974352992
366542	82.7903
305586	82.766
307483	82.2899237239
24680	82.1777
29138	81.1131456528
116673	81.0237750287603
315297	80.4072
312727	80.3759290388955
307540	80.162249065
289594	79.7972
260323	79.7950393764836
171569	79.6830605767
362018	79.3817
294299	79.1970991826
301512	78.8924
293152	78.8211
64354	78.4491
24896	78.3553
85239	78.2430612088
24311	78.1921726194054
24311	78.1921726194054
24311	78.1921726194054
304982	77.5873
83535	77.5202871456
29361	77.4165
309145	77.1626
498174	77.0912
291182	76.5379
304410	76.1812359507
81820	75.8816
312754	75.5842071007
25593	75.5623
298404	75.2085
290658	75.1726708986
290529	75.1237
303608	75.1101
50687	74.8674761482
25729	74.8136
306197	74.6018
641521	74.4977
24896	74.4214
81005	74.0344876644349
289323	73.9704
29177	73.9122
81649	73.831749215045
289859	73.8074
291355	73.5188
114860	72.6779497519
54276	72.6437801204
25037	72.5035421916
308864	72.0140896104085
311546	71.0004
29500	70.9033
50662	70.8729
362609	70.58282804
25024	70.532799315
309666	70.4740727532361
312707	70.4312
681112	70.4197
117556	70.247
25240	70.1975015585
289392	70.0844497992
116498	70.0262
81817	69.6333
303010	68.952
311325	68.6254
300860	68.5937
287622	68.320595506
316101	67.7789
100360552	67.3476771214
65046	67.1135142154
29359	66.9222
316218	66.5006874572
60430	66.094
361420	66.0013
298874	65.9550731665435
315996	65.8314460543
288778	65.5884
312563	65.5509
29295	65.3636
29190	65.27115
294400	65.2379610556
304653	65.142
29542	64.9987
306454	64.6676
291044	64.6044
308398	64.4029
85264	64.2571
170900	64.2171
361613	64.11845878
311861	63.933727455
364069	63.7619
286900	63.498
293135	63.4793
361842	63.4388
407765	63.3784719562
691589	63.2506
81821	63.0267
293939	63.0098
114029	62.5668235872
25478	62.5663
309391	62.3973
65195	62.3565
100233176	62.1925
308912	61.9759
65195	61.8941
65195	61.8941
156275	61.5838
304579	61.570166436
29362	61.2939
301085	61.286775307
25196	61.1926492843633
316005	61.1265899973
117024	61.0563
296285	60.9917
289201	60.5085
301254	60.4241
24827	60.2725830122617
64559	60.2710362985692
29511	59.7972
310552	59.7363
303614	59.5859009487808
298521	59.1761
192260	58.8561312295
298521	58.7705
287885	58.7647112872
361118	58.4975
690195	58.4070456523
170944	58.1815
366998	58.0803
24645	57.9905
24415	57.8293509106
252900	57.821366516
360854	57.8199
294606	57.6994
315388	57.2342
295631	57.0352
313520	56.6008
85385	56.4938
85385	56.4938
296129	56.3640966422
291678	56.3282
29381	56.2124
24482	56.069
24482	56.069
24482	55.9254
24482	55.9254
680931	55.8846
170906	55.837
314683	55.7634
290551	55.6636
83764	55.4018
83764	55.4018
83764	55.4018
311864	55.3569
306657	55.2832
313949	55.28223044
301579	55.20375
113907	55.172580736
58924	55.0700931050758
298683	55.0191190736
84574	54.8768894353712
302913	54.8639
315136	54.6974631932
25289	54.6971644822981
25289	54.6971644822981
65196	54.647266636
297076	54.4816
306792	54.3717
192178	54.0039748544
84398	53.9509563995083
29307	53.6995638884284
64314	53.6674873024
286895	53.5884663952
298867	53.5561
29713	53.4772701939634
25744	53.3866690068
171495	53.305
316642	53.18
24693	53.1306503532
300754	52.9788
140584	52.8256376337253
312711	52.6921
360956	52.6033
360956	52.6033
360956	52.6033
500133	52.5347
361368	52.4966912016
287521	52.4444515489569
499288	52.1843
300050	52.1252
302552	51.9928
171373	51.8702973545
29573	51.8536
192208	51.8419
117058	51.6126
501002	51.502852184
298377	51.3111319841
316640	51.2840766811
311856	51.2393227802
303112	51.0385
305540	50.9859
60417	50.9856282038201
316583	50.7127
311901	50.7105859534
29744	50.5024452388
85246	50.4530922104
301518	50.3153264932
315617	50.1538811284451
84550	50.0819597550614
362844	50.0
84358	50.0
84394	50.0
306619	50.0
297910	50.0
306886	50.0
