363122	95.41273
361389	94.1815
310086	92.84481
116477	92.47324
365748	92.39429
246152	90.06556
59325	88.9321
361274	86.3682
315611	85.5092
54705	85.1846
54705	85.1846
312915	82.2133
296050	81.322
302378	78.84
293967	78.2684
287469	78.0745195451
116477	76.84
116477	76.84
60422	76.7801
29611	76.1445472906
311876	75.7619
58945	75.7346
290802	74.8361413319
363676	73.7605
293012	72.9812
315305	72.8455
79559	71.2712
83613	70.9318
298944	70.1301
287607	68.8765
25343	68.2988
117056	67.8858
58812	66.64960584
304692	66.3754
303601	65.7901
81649	65.3051
298510	64.7704
296762	64.6459865959
315217	63.7554
290875	63.3257652864
689116	63.0531
311911	62.8261337103059
305253	62.408
293704	62.0783
291605	61.632
25253	61.2834
287920	60.8694
116478	59.6275
296136	59.4635
296136	59.4635
296136	59.4635
299138	59.00613401
360797	58.7756
362489	58.5576
308326	58.1568946385
290280	57.5565644953364
308384	57.3649
306790	56.2969
25466	56.2386
295704	55.9147463575
690693	53.345363274
171113	52.9595
362275	52.9002
246209	52.2887
289278	51.9978
305472	51.704
24708	50.6807
298867	50.6361
361508	50.5336
687813	50.0
65189	50.0
304037	50.0
