307820	97.2881148192655
360602	96.31794937198
306548	95.30539
307766	95.0487564368
24923	94.46538
367314	94.20787679881
309804	93.9376267993162
432360	93.74732
306809	93.696723115
314028	92.8448077286771
500616	92.7810859374325
81002	92.7629194096
300173	92.6961454897838
287927	92.0017802459
499947	91.92623
307178	91.87728
313156	91.78151
289312	91.4915608231856
306809	91.4887669765
114108	90.54543
306281	90.49753
404280	90.44683
361063	89.4229
297514	89.220872344
303188	89.1733
306030	89.0360696296
314157	88.9968
293736	88.9580990188
306128	88.8242
29648	88.6187
312563	88.4654
300870	88.4495
294806	88.1079
308215	88.0421
302502	88.0015
295647	87.879095046
25342	87.8121374896
83583	87.5611
294993	87.4701776089
309514	87.4387025506
25721	87.2728
365652	87.20827415029
289055	87.1842
25640	87.1715
50719	87.171
83834	86.7132
500086	86.4943489061
314981	86.2511
289950	86.1199
290280	85.8882456664
25244	85.6683
291314	85.642
63938	84.6484591072
290843	84.6085
293144	84.4625
25135	84.4424
24771	84.3806
81675	84.2121
83817	83.9414
261738	83.7745
85426	83.7036286297272
299979	83.597
313563	83.4429
304786	83.404108633745
360503	83.3885
690244	82.895
303614	82.5374
312052	82.0360052212838
304474	81.9562
311236	81.8937
117255	81.599
310250	81.4204
361732	81.1299
81746	80.9962
685823	80.9198
307206	80.6748
294744	80.3433151808
298851	80.2568
303926	80.2289
117259	80.0373
316737	79.5697392122298
362170	79.5666
25202	79.5533
24948	79.4022209205
294395	79.3358
310749	79.1913
691209	78.7384
313477	78.2406
84427	78.0474
501158	77.985
192251	77.6392
315689	77.5377668304
289992	77.5358
64566	77.3145900527
50655	77.2057
246332	77.1041
25427	77.0837
24552	76.9616
361309	76.85179597
314212	76.8104109269262
292172	76.766882883
362317	76.6917310979
25389	76.6508
361598	76.65
498704	76.4562
363707	76.0702
361675	75.919
307740	75.7346
361474	75.7032
305972	75.3797
302400	75.3472
25385	75.2022
295382	75.0373
314824	74.6861810851203
25640	74.2998
25640	74.2998
29580	74.1529605504
312566	74.0861
362246	73.923
24159	73.2305385913
24159	73.2305385913
60371	73.0962
79208	73.0046
362918	72.86767292
313834	72.7163577733
24674	72.6442
308717	72.4304
84471	72.0717
317612	72.0048
313352	71.7465
25648	71.6102
25360	71.1226612118
192228	71.0249
501145	70.7867
363006	70.7469
498407	70.713
25595	70.2802
316575	70.0865
290939	69.7421
25248	69.6542
25643	69.3003
289711	69.1325
291129	68.6138
65160	68.4891
140934	68.4858
313155	68.4624
298555	68.3939214146
140946	68.3341
29358	68.1413
245903	67.8743
295461	67.8321
305687	67.7203
311607	67.716
192256	67.6120367896
192256	67.6120367896
304670	67.003
498328	66.8474
58976	66.7653
298961	66.4706
289307	66.4572
362491	66.0721
312855	65.9714
81531	65.5441
24323	65.2275
288108	65.2019
80881	64.9444
29748	64.9126
29714	64.8569
282581	64.7407
65165	64.7277
170849	64.4714
308668	64.4258
361181	64.3374
29647	64.3116
689232	64.2679
289400	63.9959005192
84046	63.7677
310463	63.6435
294287	63.3036
306110	63.2704
309126	63.248157194
360600	63.127116448
60447	63.0834
60447	63.0834
294429	62.8462663318
83572	61.9382
314205	61.4621
81755	61.2892
314543	61.2064928701
307200	60.912
303888	60.7071
57027	60.7026
304791	60.560315734094
310074	60.4758
305156	60.3706
192247	60.2532
365793	59.7635493808
296461	59.6261
170946	59.4985078654
192178	59.4727380000714
306404	59.4215
288602	59.3004
64025	59.2411
310806	58.8855
63995	58.8396
499194	58.8162
362911	58.7941091517
314330	58.6467
64462	58.6131
690516	58.5164
79208	58.3823882512
171120	58.0376
116590	57.8895
300177	57.8421
366889	57.6987
690163	57.6405
291320	57.5689
29524	57.1196
81638	56.9417
315548	56.9067918628
296467	56.6513
303342	56.6088766684
29631	56.4837
365380	55.8925122904
116687	55.7334
29747	55.5864
361030	55.4569
309812	54.9283
287129	54.7532
100301568	54.5786
114024	54.473
303575	54.0452
299117	53.8684279942
501563	53.8
316233	53.6871
100360682	53.6039
65129	53.5737
313510	53.5204
365748	53.4496
293847	53.0379
361207	52.9271
84596	52.8963
25433	52.8358
308739	52.8001316494
246235	52.7787010262562
303337	52.7102315944
29584	52.5153
64678	52.3438275568
363875	52.3187
313115	52.2308
315405	52.1844
81661	52.1016
246279	51.6774422746
246279	51.6774422746
171447	51.5246
171447	51.5246
171447	51.5246
171447	51.5246
171447	51.5246
171447	51.5246
171447	51.5246
360983	51.415
25743	51.2436528799614
170902	51.110674716
289693	51.0604
303923	50.9184
305586	50.6962
316209	50.6061251252
366518	50.1746070085
316021	50.1211698208
100362554	50.0
294292	50.0
291770	50.0
64314	50.0
304495	50.0
