50659	95.53461
79559	95.18571
296302	93.47839
365355	91.90695
25336	91.73045
293476	90.69652
81754	90.5541
310760	90.12029
308789	88.9764
361578	88.966
25652	88.3474524793
502886	87.9607
362049	87.0588836602349
83517	86.7775
307067	86.1497
362404	86.1345
293142	85.5458212528
300108	85.4718431868
312560	85.2887
366265	85.0125834315772
25688	83.669
364033	83.635506327
497936	83.6039
29261	83.4489
312083	83.0861
116469	82.8658500062
291760	82.5654
309126	82.4802320318
60355	82.3049
362490	82.2967096693376
287479	82.2020895099
307524	81.6061
309678	80.988112715351
25482	80.556
287622	79.2794
114561	78.9932766156
79563	78.7591
362788	78.6772151286
364675	77.5764
312727	76.7583665138022
299900	76.4574
313825	76.4341
303292	75.6110953163336
25705	75.2503
303351	74.9799
299269	74.6407
360872	74.5861935141
25391	74.3861496156
192213	73.3531
362013	73.2827174234
305505	72.737
64441	72.1347338672
310669	72.1155
81815	71.9904
365972	71.7503
287532	71.5645052275
54305	70.906
363062	70.8137065235
114087	70.1303
362463	69.7903
310753	69.356
24790	69.2331
64158	68.7798
687147	68.7378569255
687147	68.7378569255
306183	68.5302027103
93662	68.0109108968313
312562	67.0059
50938	66.8314
65033	66.5974811044
315524	65.9789
291019	65.4332
298954	65.2208
312936	65.1537
298186	64.8203
501099	64.7902
295051	64.6564
303606	64.2250854064
54251	63.6512
117514	63.6251787422
293489	63.610170598333
307997	62.8767192533119
25293	62.3319171523548
303786	62.2292
338477	61.9617389431
316249	61.9482
79208	61.9158039886
54259	61.746755329
293061	61.6186
293149	61.581
304554	61.3191
679890	61.1744440513518
117257	61.1728655311214
362246	60.9498651552553
307124	60.7978614386042
24708	60.7709
140595	60.3007
64469	60.2721043948
299347	60.1033
308899	60.0954866524
308899	60.0954866524
24805	60.0874981849
24250	60.046884616
361594	60.0384
295401	59.7879479496
116690	59.760594976
116690	59.760594976
116690	59.760594976
116690	59.760594976
25293	59.4177513820383
25293	59.3066741554468
25293	59.3066741554468
25293	59.3066741554468
316328	59.2210599006
29279	59.1893
303332	59.075
24782	58.6024255435
301085	58.5391
29256	58.0653
29256	57.7993
29256	57.7993
499088	57.1439
84046	56.7572
29154	56.368107514
63868	56.3539
312640	56.26470564
301574	56.2323
24660	56.1833
309591	56.1735
25724	56.1074
310207	56.0077867396
291130	55.9114778773
364867	55.8440904806
114100	55.8024
85254	55.5866
304791	55.3748289229203
360426	55.3556
360426	55.3556
64543	55.2165
116600	55.0068
296758	54.8318
500616	54.7846999822431
291015	54.6834
266709	54.359579428
64574	54.1501
302396	53.9095
308995	53.8924
25640	53.8476
25640	53.8476
25640	53.8476
362591	53.7125
315750	53.2439
298992	52.7173
315345	52.4557
312516	52.3608
25489	52.316
29713	52.0475048209
306868	51.7777
304786	51.4786129966948
306387	51.4752
170909	51.3786
299188	51.3165
298280	51.3046
360514	51.2524
171064	50.9206
140940	50.8895
310306	50.8792673863337
362051	50.0
362942	50.0
313130	50.0
