317498	93.8705
680486	92.53823
307395	92.43256
290303	91.28687
287607	90.80436
684516	89.8833
25203	87.349535026
84431	86.5404
287523	86.3591
64469	82.3423
293050	82.1901
79210	81.6921029046
292918	81.6885
305103	80.9601
29663	80.6919034033
300443	80.1771
25066	78.8464562282
24210	77.9048
29354	77.7965
170837	77.7132
314771	77.4792509925
311799	76.9896
311405	76.3216010545
296293	75.7032
313047	75.1063
29174	74.807
29155	74.7357
29650	74.1456
246146	73.8664361224
301085	73.29
246215	73.0781
116552	73.0451
689890	72.2577
362812	70.3451304865
292724	69.641912651
686611	69.5581
686611	69.5581
58812	68.53872441
304577	68.0732
361195	67.6836845969429
315346	66.9319
316384	66.9138
316021	66.708
81739	66.4974
81739	66.4974
498225	66.3795
63938	65.8557
303068	65.566128781883
24309	65.5516200481
24309	65.5516200481
24309	65.5516200481
304124	65.1041
311861	64.9711208759
286939	64.6842
84398	64.3979
313155	64.2102
246333	63.1176
360814	61.9284
24483	61.7719942984
24483	61.7719942984
24483	61.7719942984
84492	61.7111
295455	61.689
25689	61.320462064
295401	61.1023
361508	60.993
309544	60.5658086900211
363674	60.0742326031
24217	59.9424
24644	59.92
287125	59.8748
307482	59.5242658492
60374	58.8748
287940	58.7177
363129	58.4286
303277	58.38045
303803	58.319
25744	58.006645655305
311575	57.6356
85385	57.376
85385	57.376
295384	57.2803
293736	56.9825
308624	56.6543090368
246756	56.1906
303828	56.124856796
361103	56.1187
140928	55.9819297031072
140928	55.9819297031072
140928	55.9819297031072
25049	55.5644
290230	55.2416
362094	55.0433490205
292879	54.9885
287454	54.731
306765	54.5238
362619	54.4555
25412	54.4248
100361520	54.2785
29172	54.0286
362246	53.5075
364754	53.3089
29415	53.0493
113959	53.0312160003202
117557	53.0308
117557	53.0308
296349	52.8289
83806	52.6006450852
307343	52.5396833536
316376	52.5392
293897	52.3934
83466	52.2513
365245	52.0481
291813	52.0022
291670	51.9547
58982	51.8261016616
294065	51.2854496056
317260	51.0645951932
290595	50.9964
24875	50.8240762714
246152	50.6212
304410	50.3061663405
310914	50.0
311840	50.0
83840	50.0
299802	50.0
