294963	96.73341
303330	92.4598
25613	90.61339
24708	90.14337
171087	89.7184
84686	88.8272
691429	88.5779205978625
300860	88.1601
499974	86.8811953794
499328	86.881
303514	86.4483
362490	85.4056
500006	84.8551
24246	83.9089
252889	83.6565
360480	83.3116910727214
305348	83.241
64440	82.9188
287357	82.2266
360720	82.1873
29469	81.9316
363831	81.7072
362303	80.1861
361882	80.1787
116469	80.1155453948
54315	79.9092
298992	79.6378
171158	79.3925
314399	78.5370639404201
366624	77.9621
313211	77.5215
81687	77.155
291609	76.4316
114023	76.1932
114591	76.1005
50672	75.368
300733	75.3434
24831	75.3378863541137
308667	74.677
301009	74.5303366918
296394	74.3391
64670	73.9287394176
84431	72.9574
306110	72.426
25023	72.3928
286975	71.300227834
246279	70.9082472899
246279	70.9082472899
78963	70.8678
300521	70.7785
29376	70.1903886545923
315686	69.7972
364681	69.7385892788
498309	69.6067735614089
246047	69.3203
689364	69.1441
282829	68.7584
25604	68.6076
117280	68.5035
116744	68.3145
317235	67.973
360417	67.21
27150	66.5359
317382	66.3112687569084
688717	66.2908563355364
304601	66.246
114845	65.9565394933
315705	65.3228
116658	65.2198
301086	65.1089
303236	64.9881
114558	64.9604
114558	64.9604
685781	64.8109
680537	64.499
499745	63.7813
24831	63.3003900736421
690899	63.1502
306012	63.0278222711366
690244	62.9076
312563	62.853983561
307900	62.4394227349
58812	62.3643675179048
288718	62.1058863562
361771	61.976
311412	61.8437
81528	61.8295
313231	61.6812037675114
25151	61.6692
680717	61.5854
363603	61.519
315338	61.4288
171447	61.1907
171447	61.1907
171447	61.1907
171447	61.1907
171447	61.1907
171447	61.1907
171447	61.1907
304547	61.0490298594
307302	60.6488
301097	60.6053
84403	60.1944
54398	60.1244
307897	59.7973
296787	59.7052852584
246282	59.664132159786
316583	59.4898
296306	59.0023
171103	58.8421
114116	58.7865
306764	58.4252
498153	58.2211
289831	58.2098
287979	58.1979
54268	58.1398492088
500564	58.0751
316209	57.9555
25692	57.7994
362018	57.64865
498999	57.5727481493079
117536	57.399917725
117536	57.399917725
117536	57.399917725
117536	57.399917725
292918	56.6837
315904	56.5977
311786	56.5298
316209	56.3323
296708	55.986359175
25253	55.9001
114633	55.69669651
300980	55.4201
365948	55.3867
312703	54.47886092
290234	54.3721
192235	54.2128
192235	54.2128
304794	54.1345570345
117596	54.0818
304488	53.4556267235
305451	53.3094
308899	53.2625
308899	53.2625
366265	53.0794511402
307997	53.0048
688174	52.9759
294088	52.857
266670	52.8146
58919	52.8131334706
619580	52.4649
314818	52.3683
24650	52.3382
117557	52.1111
291314	51.9994
687208	51.9726
85428	51.7602400176
83534	51.6830258758
100363095	51.6765
93667	51.557
315798	51.4936527328
295649	51.2958
29545	50.9748
171040	50.8213
64455	50.8162
24618	50.7197
114492	50.5383
64124	50.0
