113976	99.2812984804261
366894	98.78520877034
362226	97.14175
65026	95.03149
498140	94.85529
29432	94.74725
303274	94.19753
81819	94.03567287999
313647	93.82675
316344	93.32686
171073	93.26958
24942	93.15006
296758	93.09331258276
259273	92.81506289
297481	92.4509731827
298282	92.289
310071	91.94608
24855	91.85511
685781	91.78026
362715	91.76789
307724	91.7431620024896
296787	91.68955
303801	91.5176471248
114490	91.46887
29737	91.2708238568
313776	90.62803
289055	90.55859
295674	90.04361
306657	89.5339224704
366624	88.4008
360600	88.3874
304037	88.3873
304860	88.0763
293166	87.9701
114096	87.8760110989
140674	87.8142
58840	87.628860681
313228	87.4984
24582	86.9387
291130	86.9090097673
316519	86.8962
114121	86.6741
690262	86.6155327894434
83571	86.3287
315962	86.151233561
362520	85.631
399684	85.5839
499709	85.309
315705	85.1917
288264	85.1682
288264	85.1682
79110	84.6207
81750	84.1994301345
309069	84.1421
286984	83.5144634075
84396	83.48179401
289278	83.3125
25403	83.2046
25403	83.2046
25403	83.2046
289586	82.9552
307810	82.8768
307604	82.625
83684	82.5349335965
362279	82.4064
362960	81.9289
25634	81.7608
81742	81.7055
24699	81.0870632546
24699	81.0870632546
24699	81.0870632546
24699	81.0870632546
24699	81.0870632546
295378	81.0351
24674	80.844
84391	80.8131
299897	80.6275
314388	80.617
80338	80.3191
363060	80.2232
360807	80.0454
29466	79.6962
296968	79.6351
117020	79.4048
362900	78.8751458660434
56782	78.461
24239	77.9907
302290	77.5902
84409	77.4237479978
313507	76.9753
362871	76.8544
140942	75.9382
29311	75.8411
293674	75.7179
368042	75.6402
29560	75.4447
84508	75.2964
362316	74.8506086252
24924	74.7132
64627	74.68376048
29457	74.3837
300384	73.8148
301416	73.5988
294421	73.5711
64525	73.4963
64525	73.4963
64525	73.4963
64525	73.4963
306081	73.2539
308632	73.0943
291670	72.7396
286970	72.5393
314743	72.3976
156873	72.2513
64544	72.2291
314388	71.8187
295248	71.7909
302378	71.7298
79208	71.4986
171072	71.4780163791119
65189	71.2093
302313	71.2085
302328	71.1951114232
192267	70.9224
25337	70.8854
365410	70.3415
289138	70.2095
100362431	70.0836
500086	70.040832112
171070	69.8858017495
29546	69.8713
361272	69.6738
310760	69.6655144890281
117553	69.6066
64513	69.4421
288105	69.0958711364281
304474	69.028
311911	68.9687259704
81815	68.8134
293615	68.6645
207122	68.6561
84354	68.5013
310780	67.8426
29335	67.6350243795
680668	67.5018700408
29335	67.4412032773
690911	67.1049
362152	66.6565
79208	66.626
360985	66.1839
303918	66.0852
29409	65.9947
361730	65.7392
296762	65.5602
306600	65.489
293561	65.2786973504
312711	65.2471
295382	64.9495
289014	64.8422
64559	64.7370285138696
297109	64.564728816
299827	64.3923245035
366697	64.207
290775	64.1624
287927	64.0198471926
266805	63.6518
300208	63.0218
94272	62.7873
63834	62.5017
81682	62.4605
286901	62.3765
295461	61.3214900168
310540	60.9621
679869	60.9427285249
306110	60.7444
314288	60.581338417
364624	60.517
246153	60.5073
192242	60.4249915883
295251	60.077
25094	60.05615
25675	59.9613763488
24477	59.6192
309922	59.5449413632
314894	59.5230851172091
289311	59.5056
311171	59.3467847228923
24791	59.1766
56777	58.9368
25054	58.8877
311968	58.8535
316580	57.761
306274	57.7063
309887	57.6498
24926	57.46
287607	57.4358
500036	57.20585
25367	56.8944713548
25367	56.8944713548
25367	56.8944713548
25367	56.8944713548
246776	56.8576
302489	56.7392
303132	56.6128
303212	56.4849
314352	56.4789
114845	56.3972238353894
65129	56.365
314028	56.293320221
315648	56.0277
362018	55.968812968
296271	55.9529
363103	55.9055
360726	55.8433
314157	55.7804659735
497010	55.6227
81660	55.2162
299811	55.0189973092
289185	54.9107
287595	54.8864
64161	54.8409
84471	54.4239
360511	54.33195381
291259	54.1947
25205	53.9830654346
294380	53.8194890196
25291	53.7731031598
192248	53.4948
308322	53.4909
81758	53.3179681318
301378	53.1129
690419	52.9091
307302	52.9071
306760	52.5931
64678	52.3587275693
304091	52.1759
313860	51.5312
290823	51.4589
300236	51.3115
301574	51.2042326048
294228	51.0984
288271	50.9006
140923	50.6618
362404	50.5424
291320	50.0005082151
300963	50.0
289859	50.0
300963	50.0
404783	50.0
294732	50.0
314304	50.0
362078	50.0
