295347	99.2763322260933
114494	97.2640550459
24397	96.80172602064
25448	95.15328
100360066	94.2701333504
29431	94.02129
363227	94.01113
314788	93.92566199394
292044	93.90269
312728	93.4563250536
313865	93.4058885794627
307667	93.39059
499991	92.53156490832
56064	92.50857
289736	92.22309
303259	90.89283
25343	90.20095
25591	90.15017287
25012	89.9867459780045
25012	89.9867459780045
25012	89.9867459780045
29517	89.9781
298075	89.520335196
282825	89.1998
83515	88.9719
29317	88.3483
361221	88.1124
309887	87.9958
29486	87.6254
246323	87.4054
498095	87.4051
307271	87.3741
316101	87.2628
315904	87.1794172875
65208	87.1146741756654
116597	87.0285
297554	86.9831
361103	86.9052337411
65131	86.8234
290028	86.7325
654496	86.5983
25672	86.5864764672
29227	86.5575
84508	86.539
314352	86.4975
310808	85.7025723322
474154	84.8983
541589	84.8088
294336	84.6639
84394	84.6378739265452
289687	84.5738
360797	84.4603
307503	84.4593
64551	84.2814
64551	84.2814
312678	84.0270931027
361959	83.9935
309514	83.9850747926669
81734	83.6829
24943	83.5088
50568	83.2748
296301	83.2534
64474	83.1624
56759	83.1444937779
305675	82.7735625433
305675	82.7735625433
116590	82.6274771687
310461	81.8652
309871	81.4522
300173	81.4483531320794
595134	81.3869
246297	81.379
497942	81.0879
295934	80.9166
499020	80.0067
499020	80.0067
25469	79.2416
304289	79.222
84551	79.202647144
360828	78.6477
65045	78.6227
500616	78.5735110124237
361096	78.2823
309458	78.1959
306720	77.9258
192362	77.58
316064	76.92693778
366265	76.793563153
81640	76.6065
24768	76.4205
316021	76.0016807952
304286	75.9291232844
310097	75.8033
308306	75.6964
303132	75.6558886253314
297699	75.6458
288305	75.5051
499929	75.2000210989472
192270	74.9311
64553	74.8293
295061	74.1967
171101	73.9757
362960	73.9201647736
307642	73.6863
117087	73.663
290303	73.6005375488
29627	73.5695378316
29627	73.5695378316
313620	73.4862891985
309025	73.1591297662
309025	73.1591297662
79252	72.9718
309638	72.8214
266759	72.3471
24827	72.0148
304947	71.9689
295631	71.9620191424
291078	71.889
313588	71.6879
303907	71.5664473889
170956	71.5271
29517	71.493
29517	71.493
307652	71.4877
311412	71.4502
286994	71.2691
292994	70.6526
304012	70.5436636629
310677	70.3887793558
307200	70.0917
78956	69.8675
499593	69.8356
315191	69.8232
296115	69.4721
307859	69.4409
287716	69.2821
313048	69.1266
689954	69.1188
289392	69.0342
304298	68.9441
291736	68.8628
360994	68.2168
363912	67.0549
308113	66.9521
25501	66.781
114845	66.0935581174
81522	66.0433
364033	65.8781977498
300253	65.5702172248
84426	65.2259
315137	64.9782
29381	64.7386
684871	64.619830708
94189	64.488717888
313027	64.2982
84478	63.8425
308971	63.4253
362778	63.425
245980	63.2701533694
81683	63.1355
315463	62.9378494621606
313020	62.8844
361920	62.851
296349	62.8028118360418
362871	62.6904
300724	62.5802
314930	62.2406
366142	62.1655
312947	62.0652898324
58961	62.047601008
58961	62.047601008
100361376	61.7875394566
113919	61.6204
29628	61.236
29628	61.236
266767	60.9585
116718	60.8887189318
287776	60.7284
306183	60.6879458368
100912292	60.6642
171102	60.1405756128
315073	59.9807966765801
365972	59.9304
299811	59.7675841404
362049	59.692988943
362304	59.5268394049
303564	59.4398
362037	59.3337
64366	59.2452
64366	59.2452
498089	59.1777559586258
361261	59.0454985842878
312656	58.9520451388
301076	58.9300243461
24215	58.551419496
310864	58.5018241522
81800	58.4848
500987	58.3524
302920	58.2418584086737
317435	58.0858
360871	57.8443560223
89784	57.4986
24888	57.2833
24888	57.2833
292483	57.2274
679713	57.099
292090	56.9031
301506	56.8385
314824	56.8367883108
310261	56.6098291906
294019	56.601
304315	56.5118334139
170911	56.3855
313981	56.3788094191296
362734	55.991
84431	55.9319
307070	55.8414
29251	55.761
29705	55.6952
290230	55.5036
305972	55.4515531988336
298762	55.3783
24225	55.1063
24225	55.1063
24225	55.1063
24225	55.1063
24225	55.1063
24225	55.1063
24225	55.1063
24225	55.1063
24225	55.1063
24225	55.1063
114121	55.0131
113958	54.8891
361403	54.8443
155812	54.8441
316561	54.8205
309031	54.7249
116487	54.5144
292172	54.5001
309196	54.4467
316524	54.3934
499966	54.2136
192226	54.2135
266712	54.2082
289181	54.1323
308265	54.0887225971
501925	54.0656735644
309144	54.000012544
312030	53.9156
103691034	53.8853
302396	53.7998723136
245961	53.5844
29682	53.4731672
301059	53.3791
114096	53.234
297372	53.1807
54242	53.0355
308100	53.03211603
316342	52.8791
291133	52.8544953439
100360302	52.8029788327
100363178	52.7411
498416	52.7372
313594	52.6881
83629	52.4405129734
306571	52.2853
155183	52.0276
313594	51.9209
24849	51.7869980248
315023	51.4095
313056	51.3792
79124	51.3312
304758	51.1631707045
498951	51.0473835327
257649	51.0241
252889	50.8523
500132	50.8259212017985
294410	50.7621816874
311098	50.7
81801	50.6685
85243	50.6575
294862	50.6434
25054	50.0
691337	50.0
58840	50.0
313125	50.0
288710	50.0
311598	50.0
297486	50.0
306328	50.0
