84410	99.6846167162932
24224	99.466317664304
246215	99.1325226831
314157	98.4597123850972
316539	98.3023388036259
81660	97.93959107026
293117	97.8853772825
300652	97.0806494807228
25023	96.42463
291352	96.1666039376
84357	96.16069710445
29376	95.9559178152
155430	95.95139912937
306657	95.6485613827
64185	95.57881
290775	95.43192082408
282835	95.23771
292486	94.99756
29657	94.64838
58961	93.1247694657356
58961	93.1247694657356
29497	93.09519
29497	93.09519
314619	93.04241
299691	92.8122
114495	92.7475874388
501563	92.7078228605195
171571	92.4791442602
297930	92.43389
81814	91.9159246919
298369	91.53278
689917	91.49618
303311	91.33254
25253	91.204129324
116631	90.84104
116631	90.84104
116631	90.84104
114592	90.74164
84409	90.6166715881058
310803	90.474044951
307893	90.35432
81507	90.2731273588
298555	90.24537
297867	90.19214
302593	89.9889
363448	89.9423
287656	89.4509
287615	89.4313051567
24949	89.3858
303567	89.306
499508	89.2678634879
24949	89.2539
296455	89.1843
311346	89.0103
170908	88.9153
362700	88.5754
315904	88.3718
25736	88.1575
29448	88.0721
102554884	87.995975176
316810	87.9856
312675	87.922
84586	87.9086
290326	87.8784
307579	87.8553
291640	87.8078
24170	87.779
313125	87.7015
64562	87.5282
361295	87.4338
361452	87.3533
297902	87.3246
78961	87.2597
690516	86.927
63837	86.8134
116720	86.6915037722
360734	86.5726
305549	86.2028
361634	86.193
50594	85.8732
24477	85.7583
361832	85.7358
302363	85.1609
312952	84.8982
310392	84.615771086
288718	84.0736
500616	83.8862
171299	83.8121178112
25718	83.4793
60448	83.4051
362490	83.3718608458
54230	82.6633
303443	82.6595821388
24679	82.49
500036	81.9241
664630	81.77655
291967	81.7544
81531	81.7156
294747	81.5764
641525	81.468
308458	81.4601
309514	81.3895
25230	81.1939
25230	81.1939
500972	81.1407850074
171058	80.6347
313385	80.6198309503
314212	80.2582
361944	80.2185
361944	80.2185
266787	79.9865
619558	79.832
314273	79.5361
252962	78.9348
362960	78.424685326
362501	78.2979
54251	77.9492267596
24239	77.8453
56064	77.7855
29602	77.2598
303059	77.0401
310764	77.0222
289608	76.7226
294804	76.236
58970	76.1461
64134	76.1457
286981	76.0933
315670	76.0695
116686	76.051
291637	75.9972
252897	75.9972
498847	75.9972
252895	75.9972
291635	75.9972
116782	75.9972
304315	75.7117
304055	75.6853
291130	75.645326332
360833	75.6134
290669	75.5298
310533	75.3305
297508	74.8921313038
360518	74.855
310250	74.6356
64845	74.5632
25600	74.5531
298992	74.5067
309280	74.2427
309804	73.9112
29480	73.3391334726
314600	73.1765
116482	72.9533
498411	72.8419
117101	72.6425308596
690450	72.33
291377	72.026
688502	71.9735
305858	71.5787469097
361771	71.3089
116695	71.2668
498309	70.9361124672
25327	70.9182967483
257648	70.9146612352
299256	70.8962
24948	70.8653384216
303068	70.8616
84588	70.6997
308939	70.5606
246314	70.4927
362733	70.0072
300384	69.7267
305105	69.5651
309207	69.1229
305310	69.1112
296048	68.8342
81737	68.4542
81737	68.4542
81737	68.4542
81737	68.4542
259237	68.3564
306809	68.2637
170904	68.2385281766102
63837	67.9997
85254	67.3375367127
305317	66.5201194015245
315949	66.5113
313742	66.4534
294429	66.2985
170538	66.1363
315496	66.1308
83507	66.0586
25665	65.804339638
25665	65.804339638
293618	65.7836
83833	65.7235
301388	65.6608
310806	65.5975
367218	65.4859
310399	65.403619718
64387	65.3248
289312	64.608
291772	64.5175
317368	64.45
290744	64.1726
116658	64.1564
361289	64.1166232276
117036	64.0682
65248	63.9856535396
291713	63.8814
25690	63.8315161867
25690	63.8315161867
362956	63.762
24904	63.6276
25690	63.4550730108
294963	63.405
304157	63.21414264
294732	63.0137
362859	62.8915
288108	62.7707
361388	62.7466
361055	62.714
25613	62.6796501505
313860	62.2748
313409	62.2339079084
306941	62.185
680668	62.011
64310	62.0074
116596	62.0043
292406	61.8898
289307	61.750987717
287276	61.6465
29588	61.5946573603562
25262	61.5938
25262	61.5938
25262	61.5938
298954	61.413
293142	61.2699
170910	61.1276
310677	61.1061
311622	61.101
289657	61.0979
289623	60.8651
306600	60.4435
83765	60.4236
295500	60.0955924356
24796	60.0057
313678	59.7906
294515	59.7578
363165	59.3309
316611	59.2376
500137	59.1474
306722	58.9838
114553	58.8233
362049	58.664222483
59303	58.6371
314205	58.5049
366061	58.5001
83518	58.1522
64536	58.1218
83790	58.062
311968	58.012334152
310849	57.9945
54705	57.489
54705	57.489
24907	57.2198
302396	57.1883
64545	57.0027
295647	56.9168
306630	56.872506932228
360243	56.6431
295395	56.573
362115	56.4703
59303	56.4183
363115	56.2991
361368	56.2515
292808	56.2238
79220	56.2007
295674	56.0108
24397	55.8679
313594	55.8574158756
299204	55.8552
300886	55.6539318018
25672	55.5405
259243	55.5142
365699	55.1259
307820	55.0418592069167
302378	54.7767445594
289277	54.7468
296840	54.6569
311655	54.395926552
315265	54.3712
25608	54.3291399233255
310358	54.3239
114509	54.2036
63836	54.1576
312279	54.1088
316524	54.0341
59299	54.0281
58839	53.9531
29336	53.8504
140942	53.6345
300756	53.4618
81504	53.3884
364137	53.0685
64358	52.97837923
362037	52.8936
289992	52.7939
315210	52.7166
64634	52.6722
64525	52.478
64525	52.478
64525	52.478
64525	52.478
304007	52.417
299928	52.0066
289881	51.9982309589
314862	51.9014
313873	51.8839
29397	51.8213
362831	51.5675
29745	51.454
24158	51.3867
689560	51.2585
171087	51.0132
288280	50.7218
313554	50.5931
171050	50.2844016289
308800	50.0
78956	50.0
361391	50.0
116693	50.0
24552	50.0
361308	50.0
25686	50.0
114709	50.0
60466	50.0
