317256	93.79023
360896	93.69065
367252	86.7810008855
367252	86.7810008855
362630	86.43374432
79032	85.4847
305156	84.6837
84360	83.7517
84496	83.303
84496	83.303
245961	82.138
688777	81.8516
84351	81.0416
306600	80.8204
302396	80.3104282646004
64047	79.3202756736619
191573	77.4243
191573	77.4243
293059	75.0376
307271	73.5724
140593	72.0885
360492	71.7103
362766	71.0342
29402	70.8352
305858	70.2728
317376	69.3476
365699	68.5502
64551	67.8319
64551	67.8319
29213	66.7132
310315	66.7121
301674	66.2236
25055	65.5904
300756	64.96351264
308790	64.6762
315740	63.1569
304960	61.6755
287610	59.1523
79246	59.1059
365972	58.995
291133	58.3453720619
314704	57.06
300129	56.1543
117024	56.0639
363603	56.0075
25245	55.8794
25245	55.8794
29624	55.6576
64033	54.7171
29748	54.4792
308266	53.8371
303342	53.759
681578	53.656
305984	53.6368
25417	53.4975
316005	53.1853
291309	53.0597341429
312192	52.855160519
362018	52.6259
314996	52.5785
294680	51.6752
295669	51.158164672
319110	50.9178
315265	50.8783
100361294	50.0
25051	50.0
25253	50.0
