252931	97.9618033194
29645	93.58405213893
362261	91.08342
314721	90.18181
498128	90.10082
311061	90.07224
24773	89.2806
24773	89.2806
24773	89.2806
291952	89.1897414452
83842	88.95620935
83462	88.6775
83515	87.9971
311182	87.6503562481
81661	87.4614
686611	85.7015348477
686611	85.7015348477
309357	85.2520555032263
298317	85.0577
286994	84.2388
360905	84.03
25570	83.2565
306387	83.0762
363445	81.9375
308761	81.7458
314180	81.4725
313388	80.8728
362501	80.2731
171563	79.9988
294410	79.2768
311374	79.0217
295457	78.4384
289632	78.0785
287109	77.99898455
29560	77.0559
308282	76.9822
498575	76.9043
289900	76.8216
117513	76.7301
78971	76.4204
362466	73.834
361055	72.8658
311450	72.5209120189
292139	72.4932
308361	72.2163641526246
292139	71.9434
246297	71.8259
309666	71.0858
364681	70.9109
363445	70.8568
312331	70.7597
306630	70.0840285138
25334	68.8890984539
171574	67.8493
116718	67.344777544
502020	66.5996
314157	66.3958229824
303016	66.2223
84357	66.1988
360743	66.1167
286989	66.0532
245921	66.0027
24398	65.2981
298890	65.2651
365652	65.2364
317256	64.638
24948	64.5810385182
432367	64.1955
502901	63.6543
313131	63.5707
24552	62.8941
83720	62.8191
83840	62.7179
290467	61.9663
292671	61.6701
301365	61.286
65144	61.1023
59303	61.0944
25736	60.8822
307505	60.8742
117185	60.8345
54323	60.151195648
60447	59.7609069307
60447	59.7609069307
302368	58.4984
246324	58.3864006756
312616	58.3473
24158	58.2679
362609	58.0398
25197	57.973103158
25197	57.973103158
310250	57.21358358
79238	56.9323
684097	56.1855
312108	56.1277
94196	56.0848
366277	56.0492
25253	55.4529425356
245922	55.2608
291597	55.1504
305896	55.1136
311881	55.0375
117101	54.5420878542
64347	53.8762
299131	53.7382
114520	53.5543
287276	53.5527
60334	53.5346
171142	53.2736
309009	52.5159
359725	52.0416
296651	51.8545749448
287643	51.7101
308028	51.5449
65208	51.5420064682
293700	51.3378
289101	50.9705
317218	50.9431
309858	50.8906421782
83712	50.8539
58812	50.704479484
29175	50.0
171108	50.0
