25157	99.3020535794737
302396	97.9659815374647
301374	97.2351550535017
26955	97.16767683246
362578	95.882
362578	95.882
54230	95.1904445214
317464	94.9622219164
295061	94.78964
114558	94.1938303243
114558	94.1938303243
140666	94.0516785753254
300173	93.2639337158345
360511	92.5985149086088
300129	92.54837
192350	91.4650919517622
305104	90.86404
64152	90.74611
316033	90.39165
314721	90.09215
312678	89.7703036667009
288447	89.7099652274
29381	89.6501
113902	89.59103696
246334	89.4622
246334	89.4622
294732	89.4335
360917	89.155844765707
192235	87.5775544848
192235	87.5775544848
266787	87.1836
314630	86.8752
83684	86.6986
287275	86.0309
361814	85.5851149
362733	85.5105
362733	85.5105
305230	85.3899287123
113922	85.3209
311919	84.5229
24337	84.2881
499593	83.8871
297989	82.8680834295115
171369	82.6292
29231	82.4
117269	82.3241
679890	82.1953
24770	81.9807
314388	81.704
305851	81.5710522988
114490	81.5416
314388	81.5283
361632	81.1243277446
192178	80.6874351652669
362317	80.665755073
312965	80.3848
246334	80.3604
246334	80.3604
307206	79.9762
25744	79.4556745950832
311857	79.4484901914071
288308	79.1648373328
308592	78.0587
58839	77.9969
116665	77.8476215692
303754	77.838843574
292087	77.4860075054925
309338	76.8424318045347
313228	76.7823
500569	76.7535
361688	76.5181429104767
192272	76.2973
298541	76.2767
303016	76.2195911143
252941	75.9983073994
288710	75.9866
171547	75.9527
315707	75.4304
117537	75.0942153316
306129	75.0752
301337	74.9985
362750	74.8761
304799	74.8666827884146
360903	74.6500630382
361755	74.1139
294456	73.8939929365
29511	73.8119
116554	73.6951634025144
116633	73.6678440496
361171	73.5238
312052	73.475
252860	73.2466
305391	73.1589
312675	72.8563215532
79239	72.8394
79239	72.8394
396551	72.8342
574523	72.8342
301595	72.8342
396552	72.8342
396527	72.8342
113992	72.8342
24861	72.8342
113992	72.8342
154516	72.8342
58813	72.6366
313647	72.6010130336
299139	72.2942592677
367218	72.2924833192
367218	72.2924833192
304294	72.2103
84556	72.1732
305083	72.0871
362463	71.7691230112019
293060	71.191
361990	71.1551370928
313609	71.0638033260187
304807	70.57545056
361662	70.5327
302032	70.1688
300724	70.0686184309
316737	69.932
260323	69.7446065512
298894	69.7146
289717	69.7027
83477	69.5006
286973	69.467146758848
364634	69.3456
116482	69.2195
313860	69.2126
361103	69.1446
308265	69.0260333613272
360906	68.9293
361442	68.8429
361295	68.7813
302424	68.7301
308000	68.0868503928967
432358	68.0861399577
304850	68.071402458
291078	68.0429
304786	67.9939206338446
260416	67.9883086084
309969	67.8042
499356	67.6708
80897	67.1255
192350	66.8963
298032	66.8252814900012
246253	66.5509
287942	66.5038385506
79224	66.4748
362018	66.2427799312423
64195	66.1416
311114	66.0684974187964
171366	65.9152
497942	65.907
64521	65.391305314
307075	65.277481155
314399	65.0498718277
294809	64.8715079526095
303801	64.8563
24666	64.8263
362520	64.7493
171356	64.3734
309389	64.3412
289312	63.775
24948	63.6775
113959	63.6164
29148	63.2025
310806	63.1083618801
89868	63.0411851888
305544	62.9251
314830	62.8099
308971	62.7737856334
296708	62.704921816
364785	62.641115512
363632	62.4409
299138	62.3920589392
690254	62.2704529658
314964	62.0732218337
192280	62.0626
64462	62.0329
302492	61.9568
315615	61.5815
303206	61.4710689730145
307236	61.4003
680229	61.3917413226
305501	61.3670691328
24398	61.3406593792
363062	61.25
295678	61.1993
300045	60.9618
294030	60.8678
289178	60.8278
304833	60.597
260323	60.4612
315870	60.0373359365307
117544	60.0308
293024	59.9271259465
289623	59.0904704984847
24212	58.6926877545
117538	58.5084
500616	58.0007
303396	57.9329
288108	57.8890365335
117259	57.7637
297481	57.5968
312952	57.5873551350135
64646	57.44
64469	57.22185
287884	57.2191825855
114764	57.1779
24210	57.0899253166
288479	56.9108
298012	56.7675
140670	56.7393
24787	56.7225
60447	56.6949
60447	56.6949
315833	56.6742430503
313352	56.6524760465
24654	56.3211
81637	56.2323
290775	56.1949
60586	55.9518
114856	55.8936938212
29722	55.853
362267	55.8045
685823	55.7897534118
313056	55.7052
287543	55.6965449048
83515	55.6436
316516	55.6385
65205	55.5374
362304	55.4838856
287927	55.2717
315655	55.2085
246152	55.1897
312440	55.1742
499337	55.1485
298524	54.9585
310960	54.7672
299104	54.7354
500244	54.6843
294606	54.5428
304813	54.4616553881101
308266	54.4519
301097	54.4171
296762	54.3573
25615	54.1414
114482	54.053
315341	53.9115
100196907	53.8079
316526	53.5867
366624	53.5542
298874	53.5158
494445	53.5086
297893	53.5071
313588	53.4829191814
29382	53.477
303088	53.3853
363735	53.3743
84600	53.17304375296
81683	53.1178
64527	52.9188
304721	52.8389160317
94189	52.6960021982
298086	52.4673
313433	52.3218984835
83825	52.2265977905
297486	52.136
293112	52.0984370435
79208	52.0076
192224	51.9609
311494	51.8542950212
683626	51.6852
311137	51.6523
312516	51.6182
24174	51.5134935934753
315891	51.4223
100360518	51.0210995017
363836	50.9870664176
361018	50.9004
116506	50.79699157
116506	50.79699157
296956	50.770742870635
500545	50.7585
315600	50.7431
29748	50.7126764728
687694	50.6474
25592	50.6308
286931	50.569330054
306127	50.4435516591525
309858	50.0978161927
298189	50.0
303292	50.0
64824	50.0
314330	50.0
60396	50.0
689232	50.0
266809	50.0
257649	50.0
686999	50.0
