304983	98.195398006
29278	97.7614076548581
308508	97.67934
79212	97.64495532094
298068	96.8888
303101	96.6007986835
29497	96.3974430472
29497	96.3974430472
301284	96.33302
313061	96.2898170724
363002	96.05168
306439	95.54754
24166	95.14259
257648	95.1405425488
310375	94.86744
286932	94.69747
289456	94.64701
83800	94.0512
246115	93.98626
689161	93.93556
310849	93.20339
81655	92.8586
294674	92.680180816
24673	92.01027
25613	91.85274
29659	91.82239
362375	91.80242
50677	91.6703
288512	91.66929
54311	91.15522
63836	91.14171
79220	91.00619
311182	90.82114
295245	90.60641
81521	90.43127
81531	90.2269
307016	89.1795
83508	89.1027432249
289632	89.0958
361832	88.9631
360468	88.6562
294010	88.6137318486
64823	88.3615720646
24672	88.3557
295252	88.2895
171356	88.1582
305544	88.0233
287436	87.7198
301126	87.1637
25281	86.9827
307540	86.9386281884
298410	86.8966
302864	86.7697417097922
24805	86.7482
362859	86.4627
24397	86.431
80843	86.4272
140923	86.3347
300870	86.2016
294091	86.1543817672
25317	85.5679
360709	85.5307
307745	85.192140115
29517	85.1827
29517	85.1827
29517	85.1827
287638	85.1815442594506
310969	84.5275
116482	84.5155
287607	84.5118
24179	84.463
691966	84.2778
287383	84.2752
296271	84.0822
361651	83.9925
303604	83.9057313613
292155	83.8877
296349	83.8478255078253
115769	83.7824
293736	83.5247
553106	83.289991951
310643	83.1913
313878	83.1314
64358	82.9687487108041
303394	82.7556
305441	82.7172
64185	82.5778750894
501854	82.1692
124451	82.108
312927	82.074
81734	81.859
361632	81.8318
302810	81.5864230306
288280	81.4537
362734	81.2259
314028	81.0834
304474	81.0501
311548	80.9022
311604	80.8943
310801	80.6122
25745	80.3378
81717	80.1725
171361	80.1605
65195	80.105199897
84008	79.94249143
100158223	79.4517
686117	79.1506
287940	79.0473
364706	78.8437
303601	78.6672
302855	78.0433
308890	77.9514
290280	77.9179
308993	77.3418
287709	76.5733
679028	76.5509
302495	76.4296
291848	76.3521
301442	76.21
296624	76.1762
364712	76.1493
114839	76.0625
361060	75.621
304860	75.5683
29662	75.4362
309004	74.9793
294606	74.8535
500037	74.759946751
29702	74.6214
299923	73.699902386
363854	73.5392
680747	73.3371
298982	73.1116
311311	73.0026
24479	72.8766
690693	72.775205056
444985	72.7337
246150	72.3646
300758	72.3393
362831	71.487312902
294014	71.2554
117058	71.1569
362759	71.142
362876	71.0901
293344	70.5628876858
363448	70.3391
81676	70.2367
313594	70.1328976216
362107	69.8571
81651	69.7094
171495	69.3520700098729
305455	69.1935
59327	69.0874
83727	68.9017
310667	68.7003247984
293144	68.5134
100188944	68.1996
100188944	68.1996
309144	68.0233
303563	67.9802
304822	67.9371
25417	67.9175
500564	67.8948574520628
315159	67.8811
367314	67.8399891628779
304758	67.7404
291969	66.8492
303888	66.3280749328
500244	66.1895382183461
24802	66.1481
303311	66.0426
315615	65.9904
302967	65.9718
361745	65.4971
50621	65.4921610548
500318	65.4707
313594	65.4179818705
689030	65.3945
24548	65.3805
84551	64.829
364786	64.7821338616198
100125373	64.6783
315714	64.6488
362483	64.5197
291105	64.3275
83526	64.0748
361986	64.0587
295568	63.9221
294449	63.8201
24184	63.6218
360636	63.1102
298705	62.796
266808	62.2504
363016	62.2463
309156	62.1803
360854	62.0721
24832	62.0705
113922	61.6578
294783	61.6264
65151	61.5946
304315	61.5317
29230	61.1524
65134	61.1031
309145	60.813
29721	60.7923
683788	60.618
65042	60.3554
302502	60.3319
360678	60.0971
362860	59.9549
292949	59.9164
266802	59.7205
362547	59.7067
292172	59.5613
362049	59.302636398
25745	59.0474
300120	59.0448
290741	58.9754
691947	58.6681
360571	58.6411
29311	58.5416
290741	58.5009
171109	58.4893
689256	58.4387
306768	58.3963
81824	58.3223
24565	58.1094
83824	57.863946995
366697	57.8509742312
25697	57.591
294400	57.2689
290562	57.2354
24706	57.2032
140591	57.1954
294380	57.1657
293645	57.1521
307820	56.938
246295	56.8915
501563	56.8043
81679	56.5478
292697	56.5399
306809	56.2871
64032	56.273
309871	56.1303
140592	55.82085
314264	55.620677259
117559	55.0296
361944	54.9876
29535	54.681
305918	54.5541
60434	54.5153
690188	54.4006
310764	54.3301449265
307526	54.2581
305583	54.1693
29627	54.1180359094
29627	54.1180359094
497976	53.9879
282825	53.8053
313609	53.6034
295319	53.5971
29430	53.4566
306809	53.3965
303824	53.3923
171159	52.8907
306128	52.8355
367242	52.6614830272
65195	52.626046092
294012	52.6204075242675
301007	52.4293087726
171148	52.0568
60341	52.044914624
365468	51.5387
59107	51.4335
29566	51.2009
81744	51.0514
25507	50.9796
171152	50.964
300838	50.8784
308773	50.0
362409	50.0
291000	50.0
