29475	97.4350658456648
361810	95.0637893302703
50686	93.64738
24812	93.08736
304670	92.54508509998
25289	91.6202124289
25289	91.6202124289
300032	91.2154
307848	90.79942
311786	90.44389
301346	89.7797133661552
287115	88.4628940834
116649	87.9031533416
315327	87.7273801314
308337	87.4538835388
301119	87.4056104546127
83535	87.1028934313
312675	85.8099887566
289277	84.8837718448
316327	84.8382
362867	84.2935
294303	83.9424
287357	83.822445425
291936	83.5908
79011	83.4500424586
292739	83.2455241532
296083	82.8044
64532	82.4103
298851	81.959373466
314312	81.5283
85243	80.8405
29362	80.4354577601781
688405	80.3599
25359	80.1884
313594	80.1835738147
313594	80.1011209386
24808	79.8264
293692	79.1437425460765
286918	78.8918
314405	78.8173
301626	78.7724
361532	78.6443
295176	78.4181
287523	78.1918
363061	77.5882
360581	77.5575139351
287441	77.5471
310630	77.3416
291819	77.2336
60417	77.1948
114029	77.0321290792
362607	76.9564
25058	76.6198
308473	76.57154082
500133	76.3724
58819	76.3047
58953	75.8717
309391	75.6323
288917	75.3131
84587	74.6755
83514	74.6068
58823	74.4087
289392	74.1985
500690	74.0201
291841	73.8671
298184	73.2705
290744	71.9791
362912	71.6129
300443	71.4221977089488
688721	70.8414
308568	70.6888
29618	70.6515
25031	70.3837
63836	70.1220626124
294504	69.9661
65218	69.915
363016	69.0963
304325	69.014
690366	68.9346468384
25275	68.6718
315962	68.5901
297518	68.5339
64828	68.3977
361645	68.1903
305811	68.1181
116638	68.0853
291975	67.935
300147	67.8181
688540	67.662
360613	67.3407870508
294674	67.1224051849
315075	66.7429
316516	66.4659
364678	66.4237
25151	66.3089664745
79212	66.2826532672
295322	66.2145
314417	65.7324
362196	65.6042
307641	65.5981
29524	65.2145674952247
290668	64.8052568342046
58965	64.7015
140734	64.6798
25272	64.4882
287095	64.4514
292461	63.7848
303764	63.3536
308463	63.327
304809	62.9165
307927	62.8714451268
59106	62.7637
305373	62.4642
84352	62.2855
84586	61.5608
305604	61.2496
309060	61.0322059206
25751	60.9416
24417	60.9007
288702	60.7409084904525
50864	60.7131841385
291673	60.5662
29477	60.2146317277905
305438	60.1578875752
84480	59.5207
361940	59.3624
308796	59.3437
361649	59.2598
171072	59.1836479773
311721	58.9407180209896
690853	58.1445136812
310207	57.534
689890	57.241782177
361727	57.0354
79238	56.7316
360537	56.7067
301038	56.6717
116597	56.6356
83928	56.4097
316209	56.2079
309106	56.0884
293649	56.0134
362295	55.9907368894
300673	55.9687
83928	55.9151
29619	55.8591979562
29140	55.82361374
297514	55.703852308
313169	55.5194527334
293847	55.5004
316209	55.3644
306376	55.3547
287670	55.1201898016
361986	54.8556150416
304570	54.0339425936
303476	53.9857
312299	53.8962
54282	53.656763424
83826	53.5434
25334	53.5413
83616	53.4503204877212
296564	53.3817
291411	53.3715435094
292766	53.0704
81510	53.0242
501099	52.9701345900442
619580	52.8781
304193	52.8135689296
25506	52.271983558
25388	52.1706576176
679713	52.1282
554172	52.0872130675
84380	52.060449376
294503	52.0031
25049	51.9483
113955	51.8771
293118	51.7074
363165	51.6834022186
311866	51.6558593362474
293024	51.5131
687208	51.4215
294747	51.2407
246254	51.1731043867
246254	51.1731043867
307973	50.9888
54281	50.9877
316611	50.6769
307644	50.0228221156
305227	50.0
303602	50.0
24513	50.0
84018	50.0
303505	50.0
502886	50.0
303212	50.0
304074	50.0
308821	50.0
64191	50.0
54289	50.0
84018	50.0
