313536	99.467195423122
303274	89.8882
293693	88.3177
685474	85.8624370058746
685474	85.8624370058746
685474	85.8624370058746
305577	85.4803409176
140591	85.165298076
302965	83.4047
81715	83.2186
58981	82.6252593219
691335	80.603
291609	80.4668
65218	80.3048870044
292751	79.6264927228
83635	78.9169
29650	78.7359
302931	78.2095
171500	77.3909
171500	77.3909
362703	76.2896
361517	76.1413
303991	75.3387
89817	75.0817
311861	74.335837483
306071	74.2525
25625	74.1532
312727	73.6898388854
64315	73.4152
25369	72.9458
497985	72.6824
116695	72.2097
299618	71.8251
85262	71.2096
296267	69.8258281555
298705	69.3891
364706	69.126
291610	68.8856820710681
360559	68.5211
305812	68.3252
309179	68.151072828
300443	68.0151422111
29209	66.8205
290652	66.7904988032
100361506	66.4367
287059	66.0434
311718	65.8786
303300	65.4640689004
81531	65.0812
293701	64.5011405886
286904	64.2299
502886	64.0249695914559
498008	64.0221
303505	63.980344887
315037	62.9762250706
312678	61.3362
305482	61.324
363849	61.1272
307302	60.221
24335	59.8288
309280	59.7966
300191	59.7452
311909	59.0242
315689	58.2588117864
25404	58.1257
25404	58.1257
303730	57.6971109818426
361705	57.3406015638
306352	56.9454
100126191	56.9411
58936	56.8544
316794	56.7049
363133	56.3858978072221
309659	56.0177
498226	55.8238
192117	55.7897442133933
192117	55.7897442133933
297453	54.677
54278	54.408
100158225	54.1541
171079	53.7516
300057	53.7163
365468	53.7048595882
500450	53.2737
362892	52.8074670385
266711	52.4364
360459	51.796
114500	51.2873
683788	51.1806040656
362871	50.9200733312
84359	50.8755
81668	50.6159
60421	50.6024
360554	50.0
298867	50.0
