314930	99.3207356478439
308126	97.62714
154985	97.06277
124461	96.74429
680102	95.84259
290549	95.69755
294862	95.3953791314
308845	94.69126791496
362356	93.97782
317343	93.7257407296
84026	92.84949
116490	92.22948
81783	90.78614
362665	90.6765
60357	90.58924
60357	90.58924
308265	90.50569
245977	90.14611
362700	88.6687
295401	88.576186566169
117016	87.8696
310512	87.509
301252	87.1695
100362121	87.0946
83765	87.05
287436	86.9303
289606	86.8726
303132	86.826
682507	86.4754
24680	86.3664987778
683630	85.6906
84397	85.3103715445
312381	84.8406
309357	84.7965
26295	84.2027
65155	83.0915
306404	82.9557
29554	82.4735
291295	82.053
299766	81.8006456901077
192242	81.7032
24413	81.6176735888
294019	81.5251
83712	81.1674
291553	80.8439
308267	79.4496784264
317274	78.4648
295620	78.0655
287598	77.4028
114122	76.378
114122	76.378
114122	76.378
114122	76.378
117255	75.906891168
309888	75.3513005634659
25624	74.758
100125361	74.6482985606721
100361133	74.5568
84550	74.5567936136
50663	73.8385
361921	73.7761
25594	73.7106810672
366894	73.6265
308690	73.4585
29146	73.2456
25694	72.6542
24948	72.1629
259237	72.1478297514
294429	71.6737999596
116469	71.4633009661
315665	71.3795
307526	71.1454
365699	71.0042
64845	70.9949
309243	70.8109
316611	70.5975
81830	70.1990788528
299810	70.1942
299811	70.0371852456
83807	69.5834
361315	69.5601
303443	68.6123
360992	68.4778
289094	68.0041
79252	66.156
287716	66.1354
192256	66.0988
29486	65.703875332
315309	65.4368
363445	64.9701904204
311166	64.6013
498545	64.1062
498545	64.1062
292267	63.4953
65028	63.3225
300860	62.9873
308890	62.9816
298690	62.6
54237	62.4191
363445	62.304800014
65132	62.1556
290519	62.0756
361628	61.8398
246769	60.451104614
246769	60.3383893309
307642	59.9397
309478	59.832
501506	59.3163
24616	59.0503
360993	58.9879890425
288025	58.949587048
312299	58.8911
297867	58.3934
309400	58.3054
171146	58.0992
64513	57.702230772
313370	57.5572
360874	57.3834
361632	57.2207
305203	57.1019
315447	56.9314576078
301374	56.619
307820	56.552121276
306819	56.4946
301419	56.408
690244	56.012
25460	55.673
83731	55.6259
60334	55.4182
170851	54.7795
66016	54.767
171090	54.7602
312563	54.748
83576	54.6012
307382	54.4898414976
297334	54.4102
79242	54.3255
25467	54.0688
362490	53.9045
79426	53.6615
24778	52.8777
313961	52.7952
498486	52.2388
498486	52.2388
498910	51.7314
24654	51.6510186908
313228	51.495
282845	51.2265
24766	51.158
83474	50.5166
310348	50.4701549746005
246174	50.0
29627	50.0
29627	50.0
305123	50.0
