498140	96.53677653941
310677	95.8616001122165
295461	94.31837596246
308937	94.0706547811191
308790	93.26189
25660	93.15887
311726	92.3655732375689
310411	92.05207
362170	91.4078230506029
313668	91.21777
293067	90.95739
29278	90.857706502
503000	90.17064
298890	90.11233
84006	89.7661105404181
298875	88.9472
29544	88.8654158762334
25430	88.5317
25430	88.43045
286988	88.2783
308173	88.1593
498659	87.8286
286958	87.7611
300445	87.7008659911
303888	87.6139
308215	87.126984176
155268	87.0272
304157	86.8772909824
83497	86.7297
286973	86.3930674913
302711	86.1412256499355
79128	85.8592
25415	84.897
295645	84.8049
29146	84.6541
296511	84.2814
117056	83.8649808187
116600	83.8431122264
297995	83.4394295456
373544	83.0929
553106	82.978296427
170913	82.8299
64440	82.5375019925
303836	82.2642804328
311468	81.4772
114506	80.7383348664
301516	80.594
679028	79.8734
140910	79.6921
299521	79.5087
307178	79.3943
292999	78.8553
497078	78.8454
691534	78.4184
315434	78.3933
360551	78.326578153
100361733	77.9262956586
25693	77.8332
680737	77.6733
361030	77.6027519401
288154	77.2183
85384	77.1767
100529260	77.0093
303277	76.8646003568
360658	76.7674
25336	76.7027
360468	76.3427
312135	76.2735
289357	76.2528
116658	75.8059
300756	75.705641051
114114	75.5489
308939	75.0665
54295	74.9558
361615	73.9221571336
25416	73.4356
287585	73.1417
288092	73.1146
54230	72.956
64553	72.2689
316064	72.1009990324
312781	72.0778
298686	72.0453
310749	71.8874573364
361118	71.5317
299909	70.976
363115	70.8026740368
286939	70.7982
313851	70.199333371
315648	69.8201
289949	69.3522
81809	69.1455
290638	69.1346
500282	68.9212
114856	68.2685
364973	67.4249522605
25301	66.9905
493574	66.2486
690489	66.201
317191	66.0931055319
679869	66.0391
140943	65.9879
303214	65.7326
314148	65.6928
64394	64.534758246
361684	64.4498
361659	64.4459
360673	64.3219547748
94188	64.3027
294395	64.2033
313242	64.1167
362733	64.0659920174
362733	64.0659920174
311146	64.0531
313851	63.9047559164
24659	63.7798
317435	63.7357055622391
289515	63.4205
317630	63.2944
679937	63.2211
303586	63.2145872592
170911	63.16887052
680229	63.1210292672
309525	63.1108
313598	62.8956
679668	62.5823
315958	62.2384
315664	62.1765
691149	62.0294
307075	62.0267
308361	62.008144615
362196	61.9753
24882	61.954309739245
498185	61.8420991024
295061	61.6368
84398	61.5508455554819
294400	61.3734
24214	61.0963
64030	61.0691
497931	60.8545
316033	60.780658522
303614	60.7366
305479	60.6593434222
305935	60.3454
307616	60.2752688098
94267	60.215398421
308845	59.968008856788
300235	59.9152
116598	59.5071
299256	59.4809
303100	59.4794
311861	59.0208
300519	59.0146
84686	58.9867
362393	58.78345
25155	58.5341426281521
116504	58.4613
116504	58.4613
307779	58.142025613
140694	58.091
303403	57.9684
102548228	57.9394936711
24223	57.6246
312030	57.3316
500874	57.3220364704
595134	57.13
114090	57.023449684
304794	57.0200566678826
117059	56.7994
366205	56.7317
312678	56.404669
304000	55.5268
54318	55.4671
252960	55.3371
299762	55.3048
24716	54.8969
292849	54.8079
25748	54.6582
84586	54.4314822806
294862	54.1798
310775	54.0506
295588	53.8513
296374	53.424699296
302378	53.3444656696
245926	53.288
301555	53.2194
293862	53.0191
312516	52.9694174675
24294	52.8699
113894	52.5272
298487	52.4407
25309	52.2955
311607	52.2944729125
291044	52.2173
81515	51.7595
81515	51.7595
171458	51.7048
298024	51.4936
298024	51.4936
25055	51.182452098
79209	51.1426
83572	50.8308
117087	50.5888
498328	50.3151925531
317335	50.1580657414
246258	50.0
304833	50.0
24660	50.0
