81801	97.7549109356
300860	96.9012635248
84484	94.41727
498486	94.0456
498486	94.0456
252963	92.7754370808
317575	92.3397
500282	92.2545665257
362264	91.45739
445442	91.10625
292016	90.83654
293067	90.5552
25479	89.849
316369	89.7511
307039	89.6689
116554	89.3819557941604
289608	89.0084
117520	88.3763135624
117520	88.3763135624
117520	88.3763135624
84007	87.3984
303926	87.3465213728
293710	86.995
84509	86.7281
24706	86.4458
306817	86.3994
308523	85.5816
29616	85.1768235515
292124	85.1756541756
304920	84.5352
287544	84.2158
305468	83.6584
307745	83.0813
246255	82.8543
24390	82.7155
286981	82.2989
315804	82.177831834
54296	81.9684
313905	81.8729
361390	81.3072
25058	81.1433
100362347	80.7627835550521
81661	80.5195
313365	80.4027740704
364814	80.0645879450337
292199	79.865925895
361838	79.6276
291553	79.4590655641
60568	79.1314
286931	79.0396
116491	78.9249
303824	78.264
25255	78.2304
292129	78.1265
29433	77.6938
291339	77.5644
360668	77.4288
297415	76.8436
266735	76.5738
266735	76.5738
266735	76.5738
58961	76.3779
58961	76.3779
94273	76.1881
302492	75.8577
24948	75.7023
304758	75.0650045965
317163	75.0304895734
246153	74.6809
365895	74.4721457495921
84006	74.4359
305835	74.1362
498030	74.0289
294518	73.9683
58953	72.9308208297
288518	72.6642
29397	72.1373
298280	71.789
29748	71.3598
292925	70.8244
299811	70.6096847154
315891	70.5146305816
296753	70.4056
294993	70.3085258478
311909	70.2784
497974	70.0246
299113	69.8619
307296	69.849
307474	69.8478
81920	69.4668
306998	69.31
306998	69.31
29218	69.3021
266775	69.1548
365407	68.9066338408
313049	68.534
501083	68.1185
117096	67.972406848
363735	67.9703858016
303212	67.7088260222
117056	67.6707
296956	67.6460939149
60447	67.5957570392856
60447	67.5957570392856
680717	67.1306
83688	67.0855
289277	66.6796
315352	65.9795
291796	65.9485
304325	65.9126082604
360514	65.7539
301264	65.5321354931031
313560	65.185484312
307067	65.1348
310392	65.0907440176
289635	64.8342503614
291445	64.7529
289623	64.0419815667326
296394	63.5165
29755	63.4487
311487	63.0309
25110	62.1238
25402	61.6345
309399	61.5509
300813	61.536
64634	61.5191
292155	61.2405
361925	60.8633
297372	60.8499
306809	60.7815953489823
308667	60.7745
66025	60.6267
291813	60.5893
29628	60.4113
363243	60.3578251890269
29521	60.0635
310638	59.9491812256
25647	59.9097
312495	59.7643
315341	59.6927
687147	59.6412403135
687147	59.6412403135
367714	59.0618582065
81640	58.074809269
303016	58.0212
25300	57.3438
25300	57.3438
361771	57.2554
171128	57.0738
29430	57.0263455405
360971	56.4304
25155	56.3735
81749	56.1435
289664	56.1253
305812	56.0668722741
64476	56.054
294698	55.8532
83571	55.3278
81748	55.1201698993
100361269	54.2415
246280	54.2343
85238	54.2312
305922	54.2257
312965	54.1931046429
307724	54.1613
303824	53.8786
29361	53.632
311864	53.5905
294071	53.4981
50622	53.4060851398051
293546	53.3077
289144	53.2298
361309	52.9682
494445	52.8863
295382	52.5278
29486	52.3686
287615	52.193
291078	52.1154
307820	51.961851867694
313554	51.850400944
291309	51.6662904334
360602	51.6294
296583	51.5653
297930	51.0914
307024	50.9406
54314	50.7737135945
293692	50.7384
300756	50.2716579048
309126	50.0
313156	50.0
25162	50.0
80773	50.0
