306571	99.1729888027678
361688	97.095189807
290280	95.8453984029115
79216	95.04888
25705	94.4119044688
24948	94.12221
286973	93.9789029072422
50622	93.79459824502
300120	93.367912877516
81750	93.36629
314787	92.88847
79121	92.88566
317268	92.21471598492
24215	92.0088944768677
360737	91.95183
314164	91.71463
245959	91.62676
245959	91.62676
266777	91.57759
306873	91.3594063901009
316742	91.27464
24907	91.23723
304429	91.11231
24640	91.0783018614
24640	91.0783018614
24640	91.0783018614
64457	91.0781556049
64457	91.0781556049
64457	91.0781556049
64457	91.0781556049
64457	91.0781556049
64457	91.0781556049
297968	90.7528
25359	90.62676
299153	90.55632
361628	90.4583461328
296488	89.6674
309126	89.5402898729
302671	89.4481
310785	88.8712
288512	88.8098
305268	88.7520895742698
24654	88.3256
298757	88.0566
312030	87.8216193614667
367252	87.6997
360613	87.5816
309376	87.445051060372
25439	87.1135
309532	86.8628
25467	86.5839
24356	86.3588
291078	86.1361
293950	86.0336
60628	85.8096825761198
295686	85.7507161805
24167	85.4063
25049	85.2000050325
24516	84.8169
24660	84.6311
100361133	84.5276
114765	84.2652
300849	84.2384
309526	83.6708160484
246116	82.9126095985158
362788	82.5379
295105	82.3883
65196	82.2373114867531
306285	81.21619381
286897	81.1957
286897	81.1957
310638	81.1635
288271	80.9531
140635	80.1721
362048	80.1448711795
24667	79.6061
367252	78.9785
170909	78.7778
25577	78.1191632656
56765	78.088
25283	77.9782
83577	77.9467
83633	77.5001
294962	76.6922024146
64312	76.540613088
310261	76.1984560173833
65208	76.004865746
360868	75.9405010141
24672	75.89
304923	75.7899
303991	75.6354
685232	75.5421
687090	74.9530731532
499020	74.93
499020	74.93
306759	74.6355
687090	74.2384952152
311311	73.9916
291320	73.5494
290551	73.2491
307649	73.1557
302492	72.873214705
291760	72.2531
361315	72.1722
58821	71.8555135456
310864	71.5709
296753	71.5175
502674	71.353
502902	71.2958
685465	71.2414307044
299699	70.8663
25700	70.7499
305373	70.5469
303311	70.5035738098
291534	70.0801
79212	70.0652787725066
24503	69.4521345696579
304944	68.8617
312372	68.3604
54321	68.2856
499174	68.1958
687031	67.9687
100158232	67.0067
315804	66.8221184028776
291877	66.6333
288659	66.2392351735
81681	65.819735354
308652	65.7387
306013	65.685
362612	65.659
315309	65.416
84587	64.9434
288734	64.9187
305835	64.8709
308759	64.8478
287622	64.574
24167	64.5403
24167	64.5403
24167	64.5403
24167	64.5403
24167	64.5403
29216	64.5154
56064	64.3943
289997	64.2532
311114	64.201454035
294408	64.1954
29483	64.0922
29483	64.0922
29483	64.0922
29483	64.0922
294864	63.933
116777	63.9283
317396	63.8298
64045	63.7114147602841
362700	63.610281127
366960	63.6062
304900	63.5531594662
361430	63.4159
25033	63.0137
25059	62.9866
80850	62.8671029684812
80850	62.8671029684812
59303	62.7132
360726	62.4053805184
315496	62.2435568448
64124	62.241
192209	62.2108
309010	62.1739
683077	61.9091611804
361842	61.5292
314751	61.217610753
308865	61.217
65180	61.0332530992
298944	60.8605
29179	60.5755
171102	60.5273765280281
306695	60.3577
619558	60.343
287098	60.2327931928
301374	60.1604533938
29642	60.1195802248
314949	60.0489
316412	59.9537
310086	59.6957133091
294674	59.2337037376
307820	59.1570537285985
296787	59.0307
300733	58.8756
116681	58.679
313429	58.4396606776
83572	57.8694501145
24772	57.7342450342
116745	57.6205
310746	57.5359
170568	57.5103
24264	57.1335
64561	56.9364
58834	56.9011
361185	56.831
25595	56.81
116459	56.7335831767
64312	56.687468764
25603	56.439
362403	56.12
314028	55.9807
116725	55.7109
85263	55.7053
298098	55.5659876416
294930	55.5245
29578	55.4254
291609	55.0796
24534	55.0358
361467	54.8624
288108	54.7742
252889	54.524
315939	54.3328
300253	54.3209
299971	54.0951
308173	54.0312
140734	53.9415067645
24772	53.6362098996
64314	53.5894
84409	53.5586940459004
311622	53.4901
81655	53.3111557578648
304833	53.1109
246325	53.0932
25743	53.0474723340106
307774	52.6775
363062	52.658929928
288010	52.6299
500616	52.5721537407
500282	52.4986
140942	52.4851
80338	52.3501
300723	52.3449
362404	52.2775
84599	52.2082
50645	52.1039926828
360511	52.0664864101308
365895	51.8673
307547	51.8165
360550	51.5154454552
246760	51.4837
24180	51.461
291793	51.4514
24520	51.4389
313588	51.419440576
291908	51.2458
291309	51.1816
366061	51.0555
54230	50.9818
292267	50.9467
313270	50.3641528974
293864	50.2311253654
24943	50.0
304799	50.0
498301	50.0
246297	50.0
29144	50.0
