25645	98.569264416427
300474	98.19592532407
311721	98.1470098668299
299602	97.6783029472
81660	97.67629817227
304947	96.35626811656
313782	95.88998
314265	95.08691428051
308028	94.94483115267
245921	94.54135
500562	94.3513662985
303824	94.1806954432
690693	94.036436532
58949	93.9760105512355
25694	93.62688
25385	93.57111
290905	93.36697
289733	93.2195845512
24176	93.12209
64023	92.9967706832
156435	92.87544
685679	92.73068
303337	92.56142272
287940	92.4804346290103
311876	92.2983017761
79218	92.17936
24323	91.97666
362048	91.80083
307016	91.78592
58964	91.71191
294809	91.6544202689
554172	91.39549533
100361294	91.20007
310753	91.18881
29140	91.02978
301118	90.8870254478
294508	90.7845823888
171142	90.32941
300173	90.2065344202
500874	90.11968
58840	89.5274
360886	89.2311
360646	89.1946
291948	89.07107745
50998	88.9934
295649	88.4746119232
310674	88.4254
29434	88.2668
81826	88.1298
304653	87.9214
292022	87.5587
313668	87.5071
287357	87.2244
308995	87.1885
114002	87.0302
306274	86.8799
313033	86.8391
315655	86.8361
360230	86.8122
291567	86.6277278938
316583	86.6207
296616	86.4724
500000	86.1590888218
314480	86.1058
362092	85.9226
312398	85.6983483804
313593	85.6164
170920	85.3141
287624	85.2999
303824	85.2552717871
303730	84.9936
363126	84.2903
304591	84.189131696
313308	84.1706
64558	83.579220118
500132	83.501
79212	82.9048
298609	82.7954
360917	82.7277
63886	82.6272
171079	82.5789
24498	82.4454
315806	82.372
266764	82.2139
286910	82.1387
29591	82.070010106
117026	81.7318
64088	81.6572
309514	81.5626
303070	81.4426
300317	81.328
79146	81.3158
171152	81.0025
362182	80.9967
298894	80.8394865036
501097	80.7615
24283	80.7317
361594	80.7283
288484	80.6942
294395	80.5738
114514	80.52
192154	79.9254
100362347	79.9192
360866	79.4337
307848	79.4114
288587	79.371490202
312440	79.3554
116554	79.1832
301285	79.0911
100361133	79.0541
293061	78.9897
266770	78.9826
313418	78.9768
85262	78.8493
64025	78.7063
140934	78.5358
363232	78.4561759232
360526	78.3435
89868	77.9464
29524	77.7093565732
289486	77.6724
360589	77.6403168151
316242	77.62027328
360658	77.6036
85246	77.4310799998
287974	77.3904
140914	77.3625
306586	77.3607
303586	77.3319
246074	77.2896014615
305164	76.8833
313061	76.7844
292267	76.6902
307302	76.6415
305472	76.5927
311331	76.5886
288091	76.5232
301363	76.2926
171443	76.2508
29683	75.90822559
406164	75.8916
361628	75.6782
309331	75.614
310738	75.1698
307526	75.1489
156767	74.8752
683626	74.765
29138	74.4727
29437	74.1967
29376	74.1381
307075	74.0886264672
25325	73.2626
171129	73.2357285064
64559	73.2274791290009
79107	73.167
24877	73.0658
81708	73.0614
360785	72.8793
363783	72.8507
353256	72.5868
29693	72.524
362979	72.4046
288079	72.3728
295251	72.2708
303604	72.190106133
361274	72.1189
360668	72.0634
310791	71.4209
293667	71.4164
309871	70.9268
308337	70.9044
171092	70.7027850022358
192263	70.4782
314596	70.392337448
309400	70.0574
688276	69.7568635255
362950	69.5204
308896	69.2494
24605	69.1917
311166	68.9674
498185	68.8904
83633	68.8234
312947	68.4338
300142	67.945
295378	67.7339
494338	67.6774
360673	67.2483
83823	67.1339
64469	67.1013
301346	67.0764
361293	66.4972
298091	66.4374
315996	66.4168
360904	66.2571
170917	66.2197
114860	66.1774
25031	66.1391
291182	66.0657
316539	65.8959
313978	65.6633
361065	65.5996
85250	65.4752
293494	65.2155
64553	65.1377
79146	64.7597
289201	64.727164736
315833	64.5198
313427	64.0898
50658	63.9559
312451	63.8479
304799	63.8057
300649	63.7384
307288	63.6623
315760	63.5446
407784	63.5309
301255	63.0542
307919	62.9914
313510	62.4958
24651	62.4248
54398	62.4004
361503	62.22
302920	61.8944
499174	61.862
25066	61.6516529700052
364952	61.5868
688705	61.2657
300339	61.2291
302488	60.9408
29745	60.7254
25716	60.4014
29701	60.3844
315795	60.297
361272	60.2269242764
79223	59.982
688721	59.9328
292814	59.8904
298943	59.7291
361920	59.6638
303292	59.4887
288772	59.48595
309596	59.277
24588	59.0824
83535	59.0792
363984	58.968
300032	58.5742
58838	58.4096
85264	58.3988
361601	58.1412
498287	58.1281
309207	58.1271
116721	58.1121
364785	57.9908
308810	57.9333
293847	57.6894
362828	57.6887
311311	57.6608
309139	57.5042
24875	57.3236351364
298500	57.1766
308457	57.1578
298533	57.1503
299201	56.8571
303306	56.5549
29510	56.3428
309082	56.2146
29510	56.2077
313370	56.1856
298084	56.0747
293673	55.8252574568437
24493	55.8039
289595	55.7308
29619	55.3819
316211	55.3623
114591	55.3436
304758	54.9557
316640	54.8894
366998	54.7414
304277	54.6302
315434	54.4509
294429	54.4229
300120	54.2865
361285	53.4519
367252	53.4186
303476	53.2127
288657	52.8474
498309	52.8002591026
292090	52.7758
309227	52.5026
287418	52.3095
360720	52.2057
298452	52.1566
360800	51.7432
300980	51.6815
361321	51.6751
171102	51.6598
83626	51.432
29430	51.4304939851
64185	50.8996
499801	50.6403
25505	50.0
25505	50.0
688466	50.0
25505	50.0
315611	50.0
289323	50.0
310392	50.0
