116469	98.9424512116204
361626	98.75136165844
25230	97.55069561812
25285	96.82621
362013	96.1744699177
289419	96.14286468706
312638	95.69088
290364	95.30113
300173	94.61065
25104	94.44962
312790	94.2922188510726
65172	93.992586232
500449	93.980900183
293173	93.47133
288109	92.530150576
689161	92.48967
306571	92.04366175231
293024	91.9394072125
498609	91.62254
690139	91.37792
29702	91.2036
691429	91.0013879376551
25230	90.9420520996
116740	90.4326460176
310207	90.380132264
25570	89.9073
59303	89.7073
315994	89.6456
140670	89.14542031
302396	88.9057351296
316021	88.6583791387789
64553	88.2172
29642	88.1798
289777	88.0834
84430	88.0456
78947	87.6019
296284	87.10516711
305236	87.0366
360807	86.9817
315670	86.4681
313121	86.0956
64194	85.8489
362061	85.745329384
24772	85.4418862571108
50659	85.4055
117556	85.3134
310392	85.1895627781511
25571	85.0529
498174	84.8966
260323	84.5958
312694	84.5467
303470	84.521360395
502525	84.1405
260323	84.1138
79209	83.9898
114517	83.8351
299138	83.6685
362911	83.491182248
361391	83.2697
363462	82.6326
114509	82.5282
306941	81.9971
114520	81.9113
298267	81.8258
299008	81.5692
299979	80.9188224718
680945	80.5777
84014	80.5671
294276	80.3761
498331	80.2372
85383	80.1891
500832	79.9545
302373	79.8371
295686	79.668
298690	79.5302
25187	79.2874
688394	79.2359
365755	78.3759666
64032	78.2712
293721	77.2528
24604	76.8351682168
499653	76.3021
305861	76.29
24806	76.2382
24806	76.2382
24806	76.2382
24806	76.2382
116831	75.9471
309399	75.93
171112	75.8912
301229	75.8439
65272	75.5828
294103	75.5041
301345	75.3910859125
361597	75.304
50577	75.1569
60465	74.8108776825
83687	74.8089
312711	74.5547267485
311651	74.5432
291770	74.5145
29278	74.1758013536
299928	74.1018
312727	74.0009220919
246294	73.823
117557	73.4153
64529	73.275
192209	73.1442
298521	72.9798703968
313658	72.7845
292728	72.482706905
362051	72.3506
291445	71.9258
25360	71.4858791644224
192362	71.09201766
83825	71.0268611438
298521	70.9034555636
310780	70.8097
288257	70.463
363016	70.2988
24596	69.8166
81745	69.4152
298648	68.9277
502603	68.4916
288821	68.2529
315609	68.1645
311865	66.7745
362665	66.216
192350	65.651
83519	65.6306
361994	65.5091
64823	65.424
85246	65.1282166845774
64358	64.7588400719334
246248	64.061
79113	64.0035799858
293112	63.86555
499020	63.8086
499020	63.8086
25291	63.7919
245926	63.56
24334	63.4541
100233213	62.8579821304
304063	62.5622
683788	62.0578
362385	61.8381
306387	61.5463
289993	61.1144
301388	60.8163
290234	60.7216458234
282819	60.5643
83466	60.4479154315
308911	60.418083502
315824	60.393
362164	60.0546
298410	59.7319
84410	59.294657575
94272	59.2802
294410	58.385523771
316265	58.2625
301086	58.2624598732
24186	58.131626365
25267	58.0642
29357	57.7247
29357	57.7247
29448	57.5064
171434	57.4503
64314	57.2262
293561	56.8244
83841	56.7237
313427	56.5035
304271	56.4413
290212	56.2518
680782	56.1521892028
289515	56.1136
686611	55.8961
686611	55.8961
362466	55.7066
311730	55.6557864598
304301	55.4864
301618	55.3236
311559	55.1969
362049	55.1715
294375	54.9381111384
60379	54.4335
294012	54.4092
25491	54.3135
25491	54.3135
29393	54.2748
366219	54.2337
291234	54.122
25364	54.0261
29681	53.9349
266674	53.8112838595
25694	53.5051
89784	53.4629
316218	53.2901
295384	52.9505
296762	52.6163
293678	52.5684
288154	52.4997
79124	52.468654112
298423	52.4204
54297	52.261798451
25097	52.0246
24398	51.9389316109
303580	51.735
84586	51.6587640228
362199	51.6428
297865	50.9897
682902	50.8999
296315	50.7922
311607	50.7677344018
140581	50.6416
315648	50.6398
292686	50.5417
362359	50.0
306765	50.0
300783	50.0
298524	50.0
117064	50.0
246216	50.0
302711	50.0
