362923	93.836780102858
64394	93.6759720913085
363469	93.57301
312694	92.52419
302492	92.42376
366542	92.28884
80878	92.09801
293049	90.00654
361771	89.8065
260323	88.669634336949
303088	88.3891
246282	87.0555878344
311163	86.9178180805
260323	86.6737344276462
79208	86.625453712055
306630	85.52928055
363502	85.4389420912
65183	85.2823
290912	85.1049
298584	84.7885
685244	84.2019869624
24338	84.0786
679787	83.3077409984755
303292	83.1929
311487	82.9275939425
317259	82.8466374087
29747	82.4109
317425	81.1669704548
361258	81.0926518445
301118	80.7146493904223
498287	79.8533
298894	79.3498
64206	78.7346
360570	78.2731151808
309217	77.13411652
64521	76.9808
311913	76.854921556
286996	76.2976859568
24908	75.7052
685244	75.4199249942
288779	74.952926272
360643	74.6396
305675	74.3375
305675	74.3375
25621	73.992518722
680445	73.8905
311204	73.4101
360462	72.7187
24167	72.6566324188495
24167	72.6566324188495
24167	72.6566324188495
24167	72.6566324188495
24167	72.6566324188495
24167	72.6566324188495
83500	72.5437832064
50663	72.5313
292130	71.2694
116600	71.1070479658
81529	70.937907775
25708	70.5616
24675	70.4244
259233	70.1032
25278	70.0384
366227	69.4999
315795	69.4929945158
29606	69.3243
362329	69.3038
362029	69.201
64042	68.7653264332
60447	68.691
60447	68.691
689890	68.6871
308322	68.547841522
292325	66.9
303700	66.8724
363412	66.7422241563176
294276	66.7417933201
100310874	66.0162979901
363545	65.94025988
25690	65.8218
25690	65.8218
308478	65.7745
315550	65.7615
25690	65.6119
313020	65.2303347829
58982	64.7002
60351	64.5557136862
171565	64.4149
690163	64.1679
192154	64.0602655735
64363	63.8425
83535	63.7072
81708	63.6529
114522	63.6028
102554884	63.5198396678
65205	63.0066
29546	62.7747507355
303493	62.1709555940015
303493	62.1709555940015
192178	62.0485530084301
311840	62.0086
54290	61.9766
29521	61.765
89787	61.7122
302424	61.4257729576
680549	61.262
680549	61.262
315915	60.9213
25218	60.8802
306695	60.6087
689593	60.5817
311494	60.5809
83825	60.47141578
308409	60.22485
192242	59.9303
84683	59.8185
652957	59.8152
287441	59.7508744702
685384	59.6942624908
308899	59.6268
308899	59.6268
29610	58.9252347236
29336	57.9501870662331
366964	57.9127
314196	57.764
304280	57.6035
308068	57.4982615571358
81918	57.434295084
24215	57.3847
307302	57.2045
314416	57.1064
171103	57.066
499461	56.4104
64440	56.3881
171113	56.295
25217	55.9826
117268	55.8733
315170	55.7862
170956	55.3878
312709	55.2955
315210	55.1369
59296	55.1153
192260	54.9278
116601	54.9232
292847	54.5440868776
24163	54.1498
314847	53.9517
83572	53.93447196
60379	53.4694
683570	53.2701021057
315611	53.099991454
287113	52.9004
64823	52.7576
500464	52.4104
312720	52.3976
54296	52.3847
311171	52.1669974186
307667	51.8551
25454	51.1009
296349	50.9566
303505	50.1270679435
361185	50.0
306387	50.0
246248	50.0
312132	50.0
296121	50.0
