293103	96.9181213429599
291908	96.39522282868
362862	94.92226
261736	93.283493984
29647	93.03503
25642	92.49402
304850	92.2755181594
64440	90.55629
83807	90.02728
299625	89.8006145806816
360775	89.6159
64043	89.296
296884	88.9956
246263	88.4136280112
81652	88.0305
304157	87.7781585616
116697	87.1035
24926	86.9969
500282	86.8762742986
50552	86.528138368
25605	86.5128
29715	86.0944796560077
29715	86.0944796560077
29715	86.0944796560077
29715	86.0944796560077
29715	86.0944796560077
29715	86.0944796560077
29715	86.0944796560077
29715	86.0944796560077
29715	86.0944796560077
64474	85.9319
56010	85.8257331368
362291	85.3377
315190	84.5528
302492	84.3411
59325	84.3359
116718	84.0554
83572	83.9803626728
310958	83.5395532468
29358	83.3360976962
114845	82.6658
303480	82.5023
252961	82.0071
252961	82.0071
171139	81.8833
171139	81.8833
171139	81.8833
304017	81.7861
362721	81.7718
246232	81.3989
314386	81.2911
79256	80.4818
79256	80.4818
79256	80.4818
79256	80.4818
300074	80.3484
252889	79.9340315704
365755	79.7829177847
252941	79.6744
360576	79.5426
308473	79.2183
60430	77.6473
25125	77.437
432358	76.4009
313387	76.2593
65042	75.948756228821
500112	75.0159
89868	74.8490745376
362871	74.2904
364298	74.0282
291212	73.2499
83532	72.9688
291936	72.5689
296603	72.5389403987
81531	72.5341
360768	71.9451516618
116720	71.3976756629747
494500	70.8056
494500	70.8056
494500	70.8056
85249	70.7631
29150	70.5489
116482	70.1947
307296	69.0934390147
64823	68.0442
140928	67.1419
140928	67.1419
140928	67.1419
554172	66.2979
84006	66.2504
308845	65.9369
363232	65.8553
114489	65.7882
366196	65.7073
497198	65.32965
304109	65.2026
295457	65.1351244272
25502	64.5504
25502	64.5504
25502	64.5504
24373	64.4648
307724	64.0232
81668	63.8343
311252	63.7513
246262	63.6473
50938	63.6118
25335	63.4634565436
310086	63.3069734286
498940	63.0977
295661	63.0882
307524	62.6143
313169	62.5006
314785	62.2898
315904	62.1357
304271	62.0252
293621	61.9562
304301	61.6968
84431	61.458401594
60326	61.3012
171432	61.1292
171432	61.1292
287721	60.913
682076	59.9237
54270	59.6121
316482	59.3915
65129	59.3149
311374	59.239
295629	59.1886
303828	59.1797815984
363071	59.0772
309111	59.012
300756	58.6509
307236	58.5067
116646	58.2722
691429	58.1139
307070	57.7322585326
65160	57.6478
363005	57.3738
100328908	57.3638
498940	57.2882
308097	56.9353339244
304546	56.9196
304125	56.7251
293939	56.6887
50622	56.6501
259237	56.4261622818
83825	56.2686397252
117044	55.6425
24208	55.2955
25528	55.2584
360726	54.8366858120744
300359	54.7383404016
685144	54.2446
24782	54.1406
289584	54.1067227542957
25484	53.6502
25027	53.4253
25598	52.9994
299730	52.9846
288150	52.9845
289400	52.7519158522
295051	52.553158292
293621	52.4068
116551	51.8618
58812	51.8149527316
64013	51.5679
64826	51.5527912223
292406	51.2835
170914	51.2777
680537	50.9524
154985	50.8786
101241893	50.7478591035
294324	50.1863687034513
307820	50.0
24309	50.0
308939	50.0
84587	50.0
24309	50.0
24309	50.0
