664630	99.9950713793448
298992	99.2819337249954
307745	99.1187788285934
171093	99.08903978608
171093	99.08903978608
252961	98.8446071809
252961	98.8446071809
296956	98.716353363
116596	98.4800048431461
361921	98.2165396873
290280	98.199608025805
58954	98.1167207289861
362171	97.68022028052
292406	96.982004896
81504	96.85558908064
500244	96.5757394620076
65248	96.4799686898569
313348	96.0873205338
399684	95.75808
298859	95.4868102406053
310461	95.4013068503
292622	95.3797
317256	95.1369179695754
310806	95.09109576825
314212	94.772099356305
299730	94.7699287587424
310399	94.6738955292017
300783	94.6460836608
498486	94.6276927292302
498486	94.6276927292302
29516	94.55656
25270	94.50486
25202	94.3821272538169
81518	94.30998
286988	94.2872124627
296911	94.24955
302920	94.2038784251285
94202	94.0921045216
171146	93.91491
305164	93.8813034331012
79240	93.66904434828
309957	93.64993924286
306492	93.51071
29591	93.29017
314785	93.28098539705
310638	93.1394817771982
314894	93.1137749712792
84589	92.87882
306055	92.836029109
298874	92.814610153
56819	92.71125
304786	92.5474438304978
294299	92.52536
363088	92.51422842399
304794	92.47771
363266	92.4413921649
298555	92.32155
303188	92.1313998914081
246116	91.9950861958
303439	91.7278
79220	91.5830198842
304758	91.5826811365
79208	91.2423761131872
679869	91.22606
24922	91.0597290478553
313876	90.98304
294862	90.96893471515
25584	90.8815677656
56806	90.87228
298066	90.61344
302369	90.5445112192
306203	90.31684
315158	90.2040122905
500418	90.15182
296182	90.1500288541913
64457	89.9949
64457	89.9949
64457	89.9949
64457	89.9949
64457	89.9949
64457	89.9949
308508	89.9867
114090	89.9688338952
360602	89.8998121559
319110	89.8812
308937	89.8809
362862	89.7838
83571	89.7726319710371
291137	89.7596
313717	89.7512
83467	89.6673
306439	89.6611086255916
314964	89.4341
85254	89.3738106594
310775	89.3133308128
60427	89.3044867713984
60427	89.3044867713984
259241	89.24797116
25031	89.211
94202	89.12117296
304429	89.0744
24398	89.0421838385
308265	88.9236524614514
298890	88.915
308668	88.8778
307133	88.8537
25359	88.7870198398
29642	88.6966100453
25481	88.584552176
317183	88.5796
312113	88.4149376716
314746	88.2627
29157	88.1152
64047	88.048
84396	87.9807477999249
81816	87.9541609559936
309514	87.8084220091
289094	87.74665
294400	87.7388882974947
59327	87.7101523036
298944	87.592924134
24370	87.4475891348
170946	87.4143
291610	87.393618895
58961	87.3366907491
58961	87.3366907491
641452	87.3041
294025	87.2061
85238	87.0279435554493
64670	86.9298344026
300849	86.85
300996	86.2286
360990	86.1463
307075	86.0953256416
361866	86.0378
114121	85.9963
288444	85.9289
364298	85.7178
192242	85.5882538402542
288152	85.4867
29393	85.2358
315824	85.18039770723
300813	85.0543
25574	84.9618
25574	84.9618
312372	84.9576490191474
114095	84.7202
29454	84.5471
79111	84.3668
288353	84.3453
312491	84.3302
295686	84.3237
60357	84.2968
60357	84.2968
309144	84.2410802656
116723	84.20815
292022	84.0706
295333	83.9757
65129	83.9654
300710	83.9603
312440	83.8493
309812	83.4966
54284	83.4239
286996	83.4128
498709	83.3961
287598	83.3854
360917	83.1586242432
498008	83.0233
313742	82.9343
302975	82.8397
289874	82.8006
360540	82.7135891024
292044	82.6531
64464	82.6012
309871	82.3972667402
304822	82.3515
171120	82.3347
304023	82.2183
307820	82.1300383305008
310288	81.5561
246150	81.4767241695
361319	81.4286676826
309544	81.3699
305171	81.2842
192234	81.2787
314273	81.2216
305826	81.0645
287109	80.9312
300474	80.8433077643501
360613	80.8358
298894	80.8181
363249	80.7652
685232	80.6097
64552	80.5548
64552	80.5548
288257	80.5437
84409	80.3761827249
25685	80.3292
312381	80.3258193085
25621	80.3071
313969	80.3017
24166	80.2675
364681	80.1448328215
25136	80.1334579944
29715	80.0961
367714	80.0739280808263
313507	79.9981550408
50622	79.865137468
84050	79.5376
305468	79.3947
315210	79.1967
297910	79.155
361338	79.1495374338
300173	78.8240826576758
64440	78.6514193716
365355	78.5694
171497	78.4938
500287	78.3882
81516	78.0547
307415	78.0121
24778	77.8541
360908	77.8313047066704
304218	77.8201
304218	77.8201
498411	77.7939
310720	77.7681
25248	77.6656534194162
25495	77.5444
29434	77.4906
494202	77.4753755230803
54284	77.4562
362519	77.4535
300950	77.3726381106398
681337	77.3481126887184
362595	77.3403
498130	77.272
294930	77.2077
307271	76.9858
289400	76.9521
192350	76.7059065112
317435	76.6876946402379
64020	76.5752
289584	76.4823182785
310760	76.4024186528
266771	76.3776441622
25570	76.3759624875829
297867	76.235
300341	75.987132616
64152	75.9728
24326	75.8781
366894	75.8495774536
311911	75.5546641295393
683626	75.1688
64189	75.1309
100233176	75.1193
313845	75.0649
297930	75.0523
292188	74.7907
282827	74.5174
114028	74.1659
306071	74.1628
192208	74.1006
114514	74.0138
60670	73.9176
29464	73.4173
117097	73.3993
307919	73.305723937
192251	73.2387922382
170704	73.153363631
295445	73.0082
50563	72.9553100099823
363445	72.9264944676863
310764	72.8538367333867
24517	72.8458
24256	72.8384590551771
24256	72.8384590551771
294065	72.6797
314600	72.6507343553386
362521	72.5519617683474
304741	72.202822998056
171387	72.111325459
291691	71.8747
304208	71.8092
294286	71.7952
362591	71.7264
54296	71.3366
501563	71.330780961
311902	71.3268
316575	71.3060332588
64013	71.178
300095	71.0769
361167	70.8404
64462	70.806190654
301306	70.7939
114561	70.241
310801	69.9759
29144	69.9315
192248	69.784368457
362720	69.7355591538
291760	69.6632557346
79237	69.6614
316369	69.5454
362501	69.3758
304850	69.0672128263
307200	69.0213320468
140946	68.8911
314196	68.8599
363445	68.7842806339545
300679	68.7105484852
140914	68.4435802177519
25316	68.34737628006
302697	68.3375414787453
306722	68.2215
64533	68.20588317
291044	68.2007
295347	68.1733
24398	68.1475
301674	68.0272
304157	67.9903830236
81830	67.962989374
315352	67.8208070031009
113976	67.684916395
302680	67.5061451622
65162	67.345231058
314850	67.2919895246
361970	67.267305426
24826	67.2325974466
362609	67.197173118
64516	67.1311
29486	66.6871
363913	66.6858408952
192178	66.472750446789
116467	66.2926
365895	66.1893329709106
171138	66.0162
259242	65.9737
288272	65.8184586323387
293059	65.5802806616
60466	65.4663
140940	65.3991
25628	65.3718
293067	65.3085
306575	65.2248
362831	65.19
171135	65.134
83629	64.9393113152
24768	64.8161895403
64363	64.7895648138417
290722	64.7245
313387	64.7052
304923	64.5935
25577	64.5882
360459	64.5811
308306	64.4066
29216	64.3634802576
301374	64.3214288901862
432358	64.1404904436
100360066	64.076
81649	63.9001732288792
500048	63.782624006
29645	63.6457066173791
315608	63.6242
360779	63.539
360871	63.0848069061975
25757	63.0164
117140	62.9833
690911	62.9815
297893	62.9761
58840	62.8884
294988	62.8248
24766	62.6728333537
65195	62.5045485764
65195	62.5045485764
24784	62.4253
499974	62.420183308
304124	62.4201
170538	62.1533220484
117016	61.9781
313668	61.9
498650	61.847305007943
498650	61.847305007943
311236	61.7055
29366	61.6184
295446	61.5514770516664
361390	61.5448
64823	61.5256
29507	61.4928
287716	61.491259147
289745	61.4842
294394	61.4083
114114	61.2661
302396	61.2545046997647
24765	61.148087622
501145	61.0934
362170	61.0816
317418	61.0238
311326	60.8855
24926	60.5542
313609	60.4109
310808	60.2323
57301	60.1415
171092	60.1355864791362
361846	59.6773
303836	59.656
292016	59.5318
308473	59.4965
54241	59.3471037162
309207	59.2525
65033	59.1377
308173	59.0622
114845	58.9225
307178	58.8422
314862	58.8284902783
367786	58.6570369000208
302971	58.5481
308523	58.4795
303518	58.4531998075
295027	58.4135
361267	58.3882
60382	58.3543
315639	58.3508
25615	58.2085
303233	58.1911
29546	58.1591224949283
310659	57.7698
295457	57.3659812726
309678	57.323
690139	57.3051
27080	57.2944
29134	57.2063
301309	57.1198
300092	57.1118
306817	57.0491
85426	56.9752738491
81809	56.9019183646
305310	56.8945056549657
499964	56.8570675247601
306013	56.3890344904
293538	56.1669
25033	56.113040042666
114017	55.9963
362065	55.8992
50552	55.7715337228
29555	55.7286
303132	55.696050205
24373	55.6614
295953	55.6015
117045	55.5626
85246	55.5045
29194	55.3968
29459	55.3557
310958	55.3435
303602	55.3411447695
25610	55.1916
305675	55.1848252096
305675	55.1848252096
312927	55.1654
24787	55.1215388045
140860	54.9632
24596	54.812
315309	54.7666
300891	54.698966704
140934	53.7009
192362	53.537582986
54290	53.5158
246047	53.4725
304648	53.2738
313121	53.0899007790493
100362347	52.967323174
367242	52.9077
60669	52.7599279353789
362182	52.749584984
298655	52.5029
29715	52.4236
29715	52.4236
29715	52.4236
29715	52.4236
29715	52.4236
29715	52.4236
29715	52.4236
29715	52.4236
289311	52.3570491984
287615	52.351
688869	52.3196
24413	52.2387583917
309361	52.2362
362741	52.199619993
24260	52.1931
301034	52.0687030984
295384	52.0678760004
81744	52.0588
25537	51.9920740064
84356	51.9319937103
361659	51.7511
361674	51.645
299809	51.6191
297486	51.6161
59265	51.5485
314539	51.4864853731
29521	51.2955
299276	51.2465
64369	51.034991813
363455	51.0088
360905	50.9392
681024	50.845915531
498545	50.722
498545	50.722
314523	50.682
295538	50.5023
83580	50.3913556936
309804	50.0398271674819
305935	50.010011146
170895	50.0
295252	50.0
291556	50.0
363091	50.0
291556	50.0
689404	50.0
64028	50.0
50566	50.0
308449	50.0
192154	50.0
302313	50.0
