29645	95.6299047989379
24831	95.35080607663
24831	95.35080607663
29381	95.2618154164512
316539	94.816616115327
63995	94.65031
307745	94.6203198748496
288161	93.9130551133473
295647	92.70547743455
494202	92.6306195666625
171113	91.8856576947288
307016	91.6661921910206
362612	91.37417
498130	91.1551951792
64823	91.0064880929034
298584	91.00121
288057	90.9152158322
683514	90.80531
304150	89.7202
192280	89.609
291527	89.291
310074	89.0893989679
315763	88.8804
303394	88.2881
291760	88.1798
171010	87.8046
294400	87.6823820756918
363135	87.3717014857663
25750	87.2651
361242	87.1106
305230	86.8697
25508	86.691
311911	86.4404758455751
362900	86.3690953096
287433	86.0921770724
170672	85.8267
81504	85.728
361321	85.595
300173	85.5281480767776
362317	85.1423
307178	84.0427
315824	83.7653113973169
300950	83.5528711159545
83684	83.5307
312372	83.4484631795
361207	83.3288
688502	82.8541359733914
170843	82.2055
291709	82.1816729073191
312947	82.0711388160077
287593	81.9597304569
24923	81.9044234435239
117016	81.8262
116741	81.6877
315158	81.5118418827
171092	81.2922606166275
498241	81.2492
291130	81.2477669074
282834	81.0304
308810	80.781
191572	80.69414263
257648	80.6645397468603
316085	80.1356483815
289014	79.9687428472541
689388	79.9134
29498	79.8916
307070	79.4168
308766	79.3151
304547	79.2112
305922	78.9979463146
171146	78.6745
681337	78.5441020185643
315608	78.3385904742304
83825	78.27261346
500131	77.6561274079128
497978	77.2813524235
689364	77.1897927343493
360764	77.1680494402
296161	77.1597240068591
307398	77.0936284808452
25231	76.8413
305714	76.772031436
305714	76.772031436
310775	76.5433
299188	76.4277164546274
24307	76.4061
288182	76.1867
25690	75.9768391468
25690	75.9768391468
296280	75.887835216
58839	75.4084
64366	75.3532710442
25690	75.2995591312
362291	75.066
303188	74.9277892546
312113	74.7686
29516	74.6182
64018	74.0163
81740	73.9809
294864	73.8794
310764	73.763871924164
29715	73.69
29715	73.69
29715	73.69
29715	73.69
29715	73.69
29715	73.69
29715	73.69
29715	73.69
29715	73.69
64226	73.4699
306012	73.0758
500048	72.6444457948
116493	72.566789965
140941	72.4659104641825
305150	72.4112
25415	72.407
310638	72.2460318494507
688405	72.147
361060	71.9155749537812
294799	71.8629
85254	71.8421953783
64521	71.714683284
170837	71.1782
170641	70.9373
310250	70.8339
117044	70.6970890690991
366894	70.244917754122
294010	70.1802682680895
81750	70.131
312301	69.4491
288615	69.4475
362246	69.0907054319
84430	69.0259
299810	69.0041
64366	68.8742589004
25327	68.6905
301346	68.6494258931877
85248	68.4937639891
24954	68.4798717759
81707	68.4394
89817	68.3646
290823	68.1939
307842	68.1924
307302	67.9001
252963	67.689
360908	67.6180172710237
79011	67.4744913281864
192178	67.3264851779939
25248	67.2185398071219
287585	66.981589597
58857	66.8983
314539	66.7243798035
303836	66.5174
24334	66.2850286348
365895	66.2639392777168
295417	66.212
690693	65.9774
304280	65.9690893148
360459	65.8447
303744	65.7529
313139	65.5454705481572
304884	65.4899
315119	65.4126
309665	65.4021157276
306765	65.203126561
432358	64.9501002925
301513	64.82814484
307820	64.7810248926958
361554	64.7657225288
313130	64.7456523381353
367786	64.1439
116561	64.0999
290802	64.0140739301801
83610	63.8021
64464	63.7686
367252	63.7586090511975
367252	63.7586090511975
498704	63.685
89817	63.2818
25152	63.0744
307200	62.9641507854
298487	62.8762
498301	62.6664498564459
64547	62.6249695066725
314423	62.5279
314423	62.5279
84394	62.3091597298189
312656	62.0123810343616
313323	61.8672
312566	61.7445438024
501563	61.734003103341
498959	61.0415
171114	60.995842167959
171114	60.995842167959
171114	60.995842167959
171114	60.995842167959
316519	60.6887
85238	60.3569
25049	60.2759285131
114209	60.1626
299971	60.1156744255
554172	60.0879275277016
360917	59.9943
364681	59.9001250367
361990	59.89595
24260	59.7815850157
24710	59.5421
306261	59.5406441910613
113955	59.5107
291075	59.3716
306014	59.333371656
294804	59.2615117503112
89784	59.2447
84487	59.1435773119701
306809	58.712153516
298533	58.544427616
308959	58.46951328
315524	58.4355
54233	58.2417
64013	58.1867
293561	58.1734850504397
360613	58.1093
313067	58.0521
299138	58.0416789266342
500287	58.0217
299356	57.9598755483548
66030	57.902958871
314028	57.6794
116723	57.5565
300985	57.4798
65196	57.4586239228
679934	57.4528
299738	57.3972
306695	57.0806194691
313348	56.8923
311187	56.8301
311617	56.7892647630448
337920	56.7349
313539	56.7321
259233	56.6213
303101	56.5029
360463	56.4782
305571	56.3272
117268	56.2995
84550	56.21682848
311422	56.0769
306600	56.074
302489	56.0026
307919	55.9301079331
294208	55.9128
259241	55.8189
309957	55.78372054
293674	55.7818
58954	55.4596368314
100158225	55.3773
305066	55.248317388
304741	55.2456322269917
315000	54.9618
295663	54.9069341674
313861	54.862173728
309514	54.8252
309804	54.8143246977921
360834	54.7145757779
309126	54.5210162288
287473	54.4599
304914	54.2767
24398	54.2067
361226	54.0355
304546	54.0048
170919	53.9431342275
24271	53.9263
289521	53.8995
289201	53.860833156
691075	53.8006
305164	53.7193021121
292739	53.6767
298024	53.6224688786305
298024	53.6224688786305
64394	53.5926260745655
300341	53.4059962016
288482	53.4058
54241	53.3860701031641
288264	53.3622
288264	53.3622
360855	53.2612907845
303350	53.2611
29138	53.0658320825937
303373	52.9343
64462	52.901
308857	52.8409
64443	52.8373842374
282825	52.6673
89811	52.5397405108
291534	52.4949
81663	52.3907
114482	52.3655
316256	52.2808237288
25416	52.1686
363067	52.0558292656896
304881	52.0275870447631
54251	51.9772577644
304786	51.8590740841301
170538	51.841130578
500562	51.8290010310741
312678	51.8081
317409	51.6332141965
500384	51.6113
140923	51.5266
295284	51.3492
171099	51.2642
297357	51.2554
29459	51.0307
309458	51.0062023623
245983	50.7816
60669	50.7030905679353
29150	50.5538
501145	50.519
295384	50.2698925771403
296925	50.0
362170	50.0
303968	50.0
297784	50.0
298504	50.0
246187	50.0
309513	50.0
304289	50.0
58823	50.0
171159	50.0
