25376	96.29135
24680	94.80883122239
365699	94.7792896661611
690693	93.513838326
296840	92.6107
116483	92.294398723
317312	91.21985
619558	91.185
307820	90.4430638050085
60356	89.5163425248
24924	89.2602
306687	88.6485672784
501195	88.5482
353317	88.0603
140734	87.3927
29510	87.067567266
245959	86.7405
245959	86.7405
171329	86.2255
114700	86.1675
282827	86.137466113
60399	85.8543
81673	85.7956
29510	85.3740091867
289392	84.3433317808
363849	84.3235
307833	83.6918
303212	83.4539139162183
293939	83.0973782054
362049	82.9458080567449
363285	82.89949112
293960	82.8972425870517
311236	82.1302
310352	82.0603
311944	81.7406
117520	81.7177
299138	81.7054
64370	81.7049
116718	81.4441443553
312890	80.9194529106012
25367	80.7320256579
25367	80.7320256579
25367	80.7320256579
25367	80.7320256579
404783	80.6804
293526	80.6282
309887	79.7003
50998	79.5006
361065	78.5902
312566	78.538023985
685232	78.381
315939	78.1411
295053	76.7283599881
289217	76.7051
297483	76.6057
306328	76.3253
313053	76.2133
314641	76.0205
314641	76.0205
64626	75.5951
58977	75.5754826478
59300	74.8904
497961	74.567
364206	74.3657
307868	74.3529
501560	73.6835
100328908	73.5525
303443	73.2823822125
365652	73.1856439392
116665	72.9338754229
689588	72.3055
81663	72.1393
24152	72.1346
25095	71.7396
79210	71.5695
64536	71.5602
25742	71.2979
303206	71.0735880593
306128	70.9745
313125	70.773
245960	70.5615
497991	70.3059
360600	70.2934
295922	70.2164
58942	70.1929647711
295922	70.1039
260323	69.6570994463581
25162	69.500790388
83526	69.4564
303396	69.4461
315259	69.2799582353
29359	69.2198
24255	69.1482
291772	69.0904
680066	69.0769
289264	68.9262483475226
24586	68.7556
260323	68.6442242275796
58958	68.4071
690188	68.3299
301033	68.0856
311730	67.2297529091
29436	67.1599595987
100362678	66.8882
300221	66.3512
313427	66.2571447832
307745	65.9524737169
360583	65.9342
299159	65.6087
296466	65.0024
309774	64.875982234
117282	64.6615
64358	64.0986
498266	63.8234
81506	63.6753
303132	63.6140847442
64157	63.362393698
301419	63.023
310506	62.9797830971
65192	62.8377
361688	62.64318064
363013	62.5848707072
294289	62.5848
304822	62.2002
315655	61.7097
361167	61.5479
29685	61.0911
246215	60.98480378
282832	60.672
500069	60.5628
498538	60.4148
360593	60.3966
500244	60.2932
140666	59.6937
316400	59.6348
79119	59.3549
289992	59.104
53982	58.907298922
287662	58.6232
299052	58.5098
297902	58.4008068196
302396	58.29235
25743	57.9344296720122
310969	57.923
315439	57.865
313776	57.7897336464
315496	57.7528
300235	57.5184177237
114024	57.2927
298184	56.9277907712
85257	56.7322
25293	56.6994544
304786	56.6843286798
25293	56.5361428399
25293	56.5361428399
25293	56.5361428399
25293	56.5361428399
313481	56.0503
303439	55.9851
29362	55.8924646775881
84409	55.7244082558
305464	55.6297
502902	55.4033
306600	55.121615875
290823	55.0498257950921
308282	54.7371
337920	54.6977
494344	54.5872
368042	54.4428616135
293694	54.4376
171563	54.43
294239	54.1519
294239	54.1519
24784	54.1138761136305
85264	54.1113
25136	53.6619
80843	53.3999031591333
498999	53.0594
288353	52.917357988
309888	52.8881505868
315804	52.8856
117520	52.7657
117520	52.7657
299707	52.4248
292228	52.2916
24674	52.1782
299266	52.019
312132	51.9355
83515	51.8577
313131	51.5115
683927	51.4180779688
306261	51.2699680597864
304582	51.2447
171500	51.2128
360673	50.9656
292406	50.8311
641521	50.564221452
24539	50.5308
171101	50.5136
314855	50.2666352425
362715	50.0
315036	50.0
83626	50.0
