296284	95.44309
360980	94.4218939691314
291952	94.13767
300075	93.83354
116658	93.7754835015
679668	93.28865155094
299611	93.2463091412926
294324	92.4257960008783
24915	91.8294459006
65153	91.8214296299931
293692	91.4726317792
25510	91.46406
25510	91.46406
29140	91.176694813
317413	91.13457
500282	91.04678
361879	90.3630228216
291553	89.8921525048
309172	89.780248590134
170698	89.496
312689	89.1797377381803
83633	88.9302329329316
155430	88.8629
65205	88.7592
303439	88.1641
315617	87.93212874
362245	87.9251
81654	87.7542
60660	87.0527
288659	86.669011798259
303088	86.52
293060	86.4823
117282	86.0372
361069	85.7244516493
307643	85.662114613
361765	85.5469
100188944	85.5056440803193
100188944	85.5056440803193
315345	85.4344362922623
64507	85.0179151622162
29705	84.953
59107	84.8949
361907	84.491
29693	83.847907435
295401	83.7716080197
24208	83.742959194
311405	83.6522649816735
311163	83.5399
171116	83.264
312754	82.5993
117268	82.552
24267	82.0724
291105	81.8600266028
140666	81.6591
313427	81.6299666632
25046	81.5743
300664	81.5248674694
292756	81.269
29606	81.1508
302373	80.9304937593
25603	80.8695
316101	80.545252523
24873	80.1231776621
303024	80.0852732316224
681989	80.0842325584
25639	79.4293908248647
311604	79.3369943941
362316	79.3267
81755	79.3005052456
299285	79.1942
313512	79.1545411475
498416	79.1368193763089
309812	78.9241
298982	78.9213400028
292994	78.787
287982	78.6124
81754	78.5907
301388	78.5873685876645
304813	78.5712644449633
315073	78.4806877798
117526	78.4614513112
312690	78.3667
24851	77.984754056
24851	77.984754056
24851	77.984754056
309451	77.8077617452275
83526	77.8049938411961
25154	77.6558
304092	77.6178
290775	77.563
688466	77.517
360511	77.5151918734084
312113	77.5081336496
290232	77.329239195
360678	77.2977979027
500244	77.1854717291305
54268	77.1052510314
307833	77.0654
360520	76.9992
364678	76.8648
309207	76.5361301734
25745	76.2843717189124
25745	76.2843717189124
171402	76.1830364785169
140928	76.1700443736
140928	76.1700443736
140928	76.1700443736
25117	76.1446
287367	76.0907
293570	75.7673
290633	75.468691639065
302935	75.3621562801
81507	75.2504164201
362281	75.22843355
361651	75.178617828523
309126	74.6949667636
25243	74.6821229401
362665	74.6757
367252	74.6198
367252	74.6198
361618	74.5805365036
363646	74.5489362985
54267	74.2660173475
313478	74.1121980046
680407	73.939946501
60350	73.9163
83805	73.2723
290669	73.2579673397725
296634	73.2285
361018	73.117
304799	73.091
171495	72.9251690246
300016	72.7766
310506	72.6344335755124
84573	72.5924581384834
24948	72.3297
25393	72.3283913288
286905	72.2863
305831	72.1835582371
308309	71.9445013996
499528	71.8879
24851	71.8
24851	71.8
304023	71.7715
291610	71.6845
685465	71.654987684
100294508	71.5737023483
288743	71.4833
59301	71.4242
688869	71.4158
314655	71.3282
361807	71.2248
305454	71.098
304286	71.0625478345179
290564	70.96
306257	70.9405100008
29758	70.9174
309586	70.8603279049
353303	70.7589
29477	70.610862372
362849	70.5842
192178	70.5444013828449
60582	70.39885
191573	70.2314
191573	70.2314
308739	70.07691408
25164	70.0102376452
85489	69.8617
25718	69.8543926768
29398	69.806888314
299199	69.6469
171099	69.5711256453631
296271	69.5620191164
307070	69.1371
361845	68.8018597705
292008	68.615257645
312504	68.5879
57302	68.1912
116721	68.039
78958	67.9796
363061	67.9231
192183	67.8248948060104
117271	67.8173388292
29591	67.7903
29885	67.7108
282581	67.6077729602542
309060	67.503503391026
116633	67.3804526604
94172	67.1052728576
29362	67.0153399772136
363985	66.9517093657
85264	66.6585051612
64519	66.6214630796265
300656	66.5687200816
291689	66.3368
360161	66.1733030700958
360161	66.1733030700958
290549	65.6769
89819	65.6194
362675	65.6180634776309
366984	65.5844
297481	65.5829
308069	65.5060049758347
301000	65.489385813
291921	65.4489239580545
361071	65.3832946798
303236	65.2184803657
295211	65.2016
25715	64.693187544693
24247	64.6213
24247	64.6213
683788	64.5139
312915	64.2841
299204	64.28145
64204	63.9961740555236
116493	63.6316
29588	63.6166130356
310999	63.4997
311919	63.4102150375
79239	63.3992479485
79239	63.3992479485
25486	63.3925
25486	63.3925
25486	63.3925
365398	63.2943
64628	63.2663
690188	63.1988
298686	63.1964
79433	63.1691
50686	63.0112
300659	62.8265
57302	62.7953966029
57302	62.7953966029
309684	62.5858
304410	62.5364330423235
296603	62.4176613152
300320	62.3088352679
89787	62.1007
315723	62.0023
192117	61.9722
192117	61.9722
294154	61.9181
171102	61.8927
300105	61.6961806509655
25216	61.6917014263
361195	61.5573
301579	61.543809227
308404	61.4013
303306	61.3536
360540	61.1814
140940	61.1767005950875
302977	61.158
24933	60.9926
192255	60.9436
306672	60.9054
313668	60.8780147905
310745	60.7772
499362	60.7136
311478	60.6184
290629	60.6091580224
691393	60.5047
100365921	60.3807047875
25631	60.3097465204328
29213	60.2798
362607	59.9688
171360	59.8872
25743	59.7346532345741
300206	59.7168
64226	59.528695333365
260323	59.4119
293526	59.3142625818
24417	59.0330885521
308436	59.0288
685072	58.893934384
685072	58.893934384
65190	58.8866640630176
81642	58.845310501
79462	58.8241
301119	58.8047371906734
81800	58.5973
60666	58.5860417014
362826	58.4805174136
116589	58.4109
79434	58.3519020553
295231	58.3206793184
310207	58.2862529472819
684516	58.2616
498206	58.2375
310677	58.2286833892
362107	58.1994
287113	58.1973
299982	58.0905
292483	58.0212
116649	58.0152743416
306600	57.6437
29190	57.5607
290632	57.3784
310756	57.3631
308775	57.253
84510	57.1705
306722	57.0129
287526	56.9472
361677	56.9077130925489
29292	56.7339323146
81707	56.6578
313211	56.5883
365946	56.5368
297952	56.5272
308668	56.2662
365948	56.1691
85238	56.1689752996
499020	56.1674
299743	56.0752
295333	56.0666037960887
170946	55.841
291352	55.6992
24835	55.6456
292305	55.6337
310640	55.5051
364681	55.4686
25218	55.3083911503209
313020	55.1642
50545	55.1627762704421
313594	54.9776375075
361700	54.8473904899983
114592	54.8396
313594	54.7801093045
170900	54.7495
83576	54.7110579017969
307868	54.6409713032
365024	54.633785146
79423	54.6144
79423	54.6144
79423	54.6144
286928	54.5782
365410	54.4499820106575
25592	54.4094
24414	54.307616911
300682	54.1925
300802	54.1076
85483	54.0502809776
85483	54.0502809776
85483	54.0502809776
314374	53.9190029311
94170	53.829796176
64204	53.726181083845
64204	53.726181083845
64204	53.726181083845
64204	53.726181083845
64204	53.726181083845
64204	53.726181083845
64204	53.726181083845
64204	53.726181083845
64204	53.726181083845
64204	53.726181083845
360646	53.6103
24167	53.5656547679
24167	53.5656547679
24167	53.5656547679
24167	53.5656547679
24167	53.5656547679
24167	53.5656547679
171103	53.3762
288233	53.1786
316628	53.1402
292401	53.1049
294963	53.0028
300235	53.0018654432
362759	52.954
246324	52.8446809731519
679028	52.7856515614923
304885	52.7356
362443	52.6861
25262	52.6207
25262	52.6207
25262	52.6207
25684	52.5607
170911	52.5330540559227
29495	52.5010334384
25257	52.414332895
313539	52.3653
303068	52.2841560985
293668	52.1802875089
296578	52.1579
24185	52.1483
296731	52.1461
679713	52.1179
303497	52.0539
246760	51.9829
315174	51.9826011454
117087	51.9475
311617	51.913
308309	51.8924973364
114504	51.8167
304935	51.7325917564
314320	51.5480772343
25619	51.4178853472
291819	51.4091146128
140945	51.3824684275
140945	51.3824684275
25724	51.2904
65029	51.1974
360872	51.0849
300053	50.9421
313304	50.8468
85385	50.82
85385	50.82
312451	50.7483073624
29141	50.653
365872	50.6437
493865	50.610233131
29602	50.5137
79423	50.5078
79423	50.5078
79423	50.5078
306400	50.4070198324
25485	50.3578835456224
171444	50.1450552514
29525	50.0
315567	50.0
80278	50.0
287533	50.0
363112	50.0
25236	50.0
245919	50.0
304670	50.0
140734	50.0
287543	50.0
