306819	98.2887520001
291923	96.79694
303754	96.7954980664
314180	96.46607
287633	96.24742438396
308939	95.1998665
303206	94.2440817172
63866	93.72085
302473	92.38202
116665	90.81242
315447	89.6246
290746	89.5951
361030	89.5497829043
303589	89.5438
310812	89.248876155
84402	87.8684271034
116641	87.0066
360992	86.8307
308624	86.6583
360764	85.3095154584
362051	83.8882
24413	83.2744319724
307855	82.8594
25162	82.4025
140581	82.3494
25098	81.0641
306562	80.1930769486312
303394	79.4244
298867	78.8744
303828	78.8080227
288105	77.2408799443
361749	75.7591
170699	75.067
290794	74.7492
301246	74.7015
307178	74.2964
292044	73.4252
302470	72.6962
360698	72.4610932288
311137	72.3206164432
293113	71.911675901
171432	71.7363
171432	71.7363
365395	71.2276
303057	70.5321
307343	69.8853181988401
81707	69.8367
100910940	69.6165
317470	69.4975
298884	69.3003
310909	68.3974
361391	68.1905445376
27100	67.9239
301419	67.8914
301309	67.1457
64313	66.9148
288593	66.3189535009
171050	65.9478
299730	65.275
25315	65.0158
25315	65.0158
29360	64.7119271332
29360	64.7119271332
81816	64.5974
295322	63.9564
304290	63.435096147
362826	63.4204
25639	63.4049
365699	62.6064
246781	62.5991797215
24906	62.5198
100196907	62.3804
360956	62.1138328900826
360956	62.1138328900826
360956	62.1138328900826
305234	62.0831
54262	62.0576
54262	62.0576
170577	61.8155
361920	61.4435
316216	61.4001
312182	61.248
58961	60.4738
58961	60.4738
24950	60.3323
60466	59.734
314964	59.3938
365895	59.202
362316	58.7357
313022	58.7211
305471	58.3415
64358	58.2455
309957	58.1368
294018	57.9317
64088	57.8045
303478	57.5183
360230	57.0834
25743	56.9696790128
114861	56.8542
315883	56.6859
308267	56.2028
500287	56.1593
305471	55.9495
305853	55.7675
304055	55.0283
25157	54.674
308410	54.0413
25679	53.9556
29619	53.6831
25537	52.4055
361632	52.3544614633
25205	52.0621
289584	51.8989
299027	51.5604
306873	51.3973
89842	51.3574
85482	50.916
288151	50.5894
313876	50.5502
94188	50.0
498140	50.0
85425	50.0
117045	50.0
