363225	98.79962
113990	96.7913935219
113990	96.53835
113990	96.51889
113990	96.51889
114023	95.7727366504
317575	94.74272
85489	93.76258
299811	93.2628295585
116641	92.5776681054
25541	92.44128242989
54262	92.41417
54262	92.41417
140943	92.39226
170911	92.0717152287
84354	91.91166
81516	91.72313
24246	91.71949
246116	90.9278395111092
294088	90.77228
292148	90.6651612048
689917	89.7585
282587	89.4147
303351	89.1157
313876	88.8516423316
361969	88.789
29710	88.0465
296580	87.0865
360917	86.599
363989	86.2302
308896	85.9176342608
360896	85.678
25705	85.0933
361814	83.4726
298934	83.3475
298757	83.3309000216
81830	82.9246
302400	82.8382
170895	82.7705
313304	82.7485934815
114901	81.9589
292016	81.4278
192267	81.4
310820	81.2847
56011	81.0355
297123	81.0149216218
295241	80.9451
361821	80.8856
314721	80.7808
117180	80.7604
363913	80.7331
310071	79.674929935
287598	79.2572
296480	78.8549
500638	78.4587
83572	78.4222
289185	78.4174764323
315579	77.2955
29715	77.0954160292
29715	77.0954160292
29715	77.0954160292
29715	77.0954160292
29715	77.0954160292
29715	77.0954160292
29715	77.0954160292
29715	77.0954160292
29715	77.0954160292
116720	76.7089
192228	75.1055
81758	74.564
246247	74.0482
361226	74.0015558419
54311	73.9661
361626	73.4436
313997	73.4226
500036	73.1408
24667	73.0667
313861	72.8075
298084	72.02
360726	71.5576
29560	71.50725
266760	70.8779
363854	70.6142
266761	69.9419
24413	69.7704
363232	69.4761
300944	69.3144
25353	69.2365
58839	69.1434
308666	68.8437
300463	68.8387
289522	68.8268
64521	68.5162
288482	68.419
316482	68.1856111805
361554	67.9658
317274	67.7853
304741	67.4237355390051
361999	67.1566
286973	67.0129
362849	66.8159
171360	66.4559
303193	66.2621300992
287361	66.1121
309871	66.0605110509
25454	65.2063
307806	64.972
171108	64.9261
309243	64.6782
100361092	64.6717
24316	63.9646
100362347	63.9141
293186	63.517009495
363194	62.7061
298874	62.5563319898
79121	62.4145
282826	62.3402
684352	62.257
287703	62.2281
29144	62.023758125
117282	61.3675
24414	61.3293
296395	61.3287165283
288661	60.9193
310506	60.4424543204
314785	60.3138
29748	60.233050462
24414	59.7127
29279	59.5497
315807	59.0898
362733	58.9414038004
362733	58.9414038004
25157	58.724
309164	58.0764
294270	57.884
305424	57.8613
311783	57.3973
311622	57.2877574327
311384	57.0894
25164	56.9755
315345	56.7434
361338	56.5498
298426	56.4984
29676	56.2229
368044	56.1716
309656	56.0167
679890	56.01
317218	55.9745
81574	55.9680170968
29410	55.573
304290	55.4745
305317	55.4414
25409	55.4078
83765	55.3006
499974	55.276
362235	55.0394
298943	54.8992
311129	54.808
25444	54.8072
308906	54.40035829
294734	54.3998
81022	54.2986
360272	54.0808
79249	54.0604151564
295342	53.7495
298065	53.2741
304850	53.2485
29602	53.2388
266766	53.0938
24399	52.6615
24684	52.504
312952	52.489748372
140923	52.4896168061675
287110	52.0949
24183	51.936801812
297486	51.7482
296849	51.6845
306439	51.6288
288151	51.5491
303373	51.1588
313488	51.1391
171574	51.0872
310643	50.8903
100360066	50.7933
293061	50.5466
303828	50.0
114120	50.0
304947	50.0
64846	50.0
363332	50.0
29331	50.0
297416	50.0
85262	50.0
