494445	94.13227
364773	93.85086
306439	90.56294
498089	89.2493158486
296488	89.2208
498790	89.0893
25718	88.9852
316242	88.0747
362855	86.5903
171447	86.5579
171447	86.5579
171447	86.5579
171447	86.5579
171447	86.5579
171447	86.5579
171447	86.5579
170907	85.9040397832
80900	85.2206
314949	85.0977
311604	84.4491601872
362375	83.4772
362979	83.387
24768	83.1249761458
307251	82.8045
25682	82.345356892
691042	82.10897473
503214	82.077736015153
24183	81.7228
293418	80.9267819554
81005	80.8348781164
316583	79.6564715920643
311478	79.5689
84018	79.1372
312828	78.589
83685	77.658
314649	77.566
29643	77.5462
498704	77.2862
311137	76.7347
64553	76.5739
289560	76.4577
312563	76.3369
286936	75.7634
360816	75.7065
307644	75.6305
500616	75.3053974157
304741	74.5697848948346
29721	74.4605
295325	74.2487763992693
313618	73.9541
25411	71.5578
25152	71.4079
305583	70.5689772645
293526	70.3587
29566	70.3204
25640	70.0333329366
25640	70.0333329366
25640	70.0333329366
64124	69.7670596071
296583	69.7117
117059	69.3462
309207	67.4769095502996
305861	66.8873
303212	66.6896153304866
361704	66.0639016975
117261	65.4353
315806	65.4048
79558	65.2841
298683	65.2592
301309	64.7499
170635	64.4236
308988	64.2594
288783	64.0182
553106	63.965277817
85250	63.1104
310640	62.9723
309626	62.2225
293023	62.0389
680668	61.9743
29476	61.8246720612549
83785	61.4483
307919	61.2581
299618	60.6094144491
288734	60.4573
288364	59.9206915
362152	59.8221
83785	59.8014
83785	59.8014
83785	59.8014
83785	59.8014
83785	59.8014
83785	59.8014
83785	59.8014
83785	59.8014
83785	59.8014
83785	59.8014
83785	59.8014
83785	59.8014
304816	59.7669
246246	59.2766
79431	58.6236
171410	58.5134380839
25511	58.4711
312316	58.4601
307395	58.1007
64363	57.8755
299197	57.7909487338
100363095	57.7311
305310	57.4036
690632	57.2177957927358
25620	56.8796691058
25620	56.8654129131
25620	56.8654129131
25620	56.8654129131
25336	56.7864
362788	56.6637315334851
364419	56.4962
287828	56.327
304709	56.3217
64373	56.3188
24209	56.2302
362911	56.1369
288702	56.1212
297705	56.0359
308361	56.0116024128
116721	55.7397
683788	55.6827
307343	55.2204599523809
65052	55.1346
362152	54.4833
287356	54.4316
65196	54.2983
296076	54.089
360613	53.8123
24337	53.7714040846293
307859	53.7184
29629	53.7128
29501	53.7073
310506	53.4936411729669
100910940	53.0569
500282	53.018
362849	52.6155
292852	52.495
58961	52.1982427331
58961	52.1982427331
300095	51.5114
499991	51.1699934246
362443	50.8417
303375	50.5688
353303	50.1084204597
117089	50.0
