313477	99.54738294715
307016	98.20187439664
24908	97.876946886
499361	97.44304443
29410	97.20797
361700	95.66104046897
313594	95.6120183264631
305812	95.58375
691589	95.31776
288079	95.20971204
499380	94.87134
304763	94.76250469586
60562	94.67512
298875	94.61992
287607	94.4272973057261
296623	94.3549
27080	94.1019343353
293056	94.07777
309129	93.90785
362817	93.6271327212
313594	93.243772814369
312102	93.22952
301555	93.02812
296199	92.77344
363278	92.56723
64455	92.35068
312562	92.2761096076
79208	92.2445151867
313845	92.07648
84550	91.57186
155430	91.42432
171381	91.0124
58967	90.75609
362501	90.576
257646	90.45654
293736	89.88566779
170908	89.8831
29694	89.7744891265
289175	89.1965168151483
298410	89.0622
307200	88.9821
170840	88.9214540918
493574	88.7906
171492	88.5607
304007	88.5406
246334	88.3829
306203	88.3351
113976	88.1440993639
304786	88.0806385270293
498416	88.0145
316351	87.5205
305434	87.2508
303394	87.162
116644	86.9847
170699	86.8939
171113	86.7849
25694	86.6292
306819	86.3562
305302	86.1825
361522	86.1357
313339	85.883
116548	85.8427
171148	85.8073
60586	85.6296
294568	85.551
304294	85.3987698532
500244	85.2510240334
302612	85.1426
65248	85.0729381528
100912536	84.9215
311193	84.7568
287709	84.6689
317274	84.6686
25267	84.6356312465
170837	84.3234
289201	84.2826
291908	84.2113
499653	84.1624
360698	84.1499
366734	83.8329
170845	83.7534794524
295327	83.6917
25579	83.6478561658
140590	83.6298
81734	83.607
360853	83.3524
65172	83.1889
361585	83.1206
306695	83.0738981644
29456	83.0511
305164	83.0272
305424	82.7048
289233	82.531863675
294449	82.4666
291352	82.4224755484
170904	82.4038
494345	82.3563
313994	82.2605
29721	82.2503
305156	82.2282
363084	82.158
310250	82.0017
362279	81.9533
308624	81.9467763983
309798	81.8736
65185	81.5586427468
26295	81.554
292925	80.7055
361651	80.668501955186
304920	80.3005
308937	80.1532
25724	79.9788
299246	79.7095
116596	79.3451
317268	79.2953
246297	79.2324
360482	79.1078
24948	79.0949
362264	79.0738
297393	78.9326
114901	78.8959
246232	78.7555
314818	78.572612541
85243	78.1429123205
25621	78.0136
310659	77.7143
360917	77.038649668
54230	76.9207
690262	76.8333
316256	76.5197
171093	76.3929
25444	76.3304
315740	76.1221
297514	76.0542
302553	75.9995543766
362871	75.5796
297504	75.5068
310086	75.4626
288108	75.1859
297337	75.1758
303277	75.076
308709	74.8426
361688	74.7233054701
361925	74.687
316539	74.5952005275
25044	74.1951
83526	73.9884663657861
309304	73.904
50993	73.8644
29216	73.6892
114906	73.6875
292401	73.5575
58954	73.3672
29758	73.1944
282581	73.0742
309288	72.8175
307302	72.7896
309451	72.6652
25416	72.618
24592	72.3326
364712	72.2166
246334	72.1588
246334	72.1588
498749	71.9647
117186	71.8644244295
313554	71.861709504
314004	71.7239530224
64531	71.5655
366624	71.428172514
29440	71.3853
295692	71.1532
246334	70.9104
361274	70.6019
308890	70.3878
288532	70.2613
362923	70.2461
65045	70.1907
362710	69.9327
378467	69.9161
25537	69.7485352646
312135	69.7256
65180	69.4563
65168	69.4054347665521
288057	69.3311
60628	69.213
308069	68.9293080295
307169	68.8219
117560	68.799
312372	68.6589
309434	68.5019
317576	68.445
363227	68.4291
690528	68.425
114764	67.9969
29618	67.9397
79209	67.8104
313053	67.1907
299204	67.1603
79249	67.1512
304741	67.0743238985
266771	66.8948
362291	66.4734
360840	66.212
500564	66.1321
289230	66.0675
500690	65.9875
293570	65.8992
680537	65.697
170820	65.346
296762	64.8382
301085	64.7956
171152	64.6833
690366	64.5853
116554	64.5468
246042	64.4822
292139	64.4451
362697	64.0501
292139	63.8236
25696	63.7442
24656	63.7246
314205	63.1875718504
312728	63.1165916744
306548	62.931
501550	62.7682
299256	62.4865867125193
140914	62.4865
317343	62.4384
291130	62.280921209
81531	62.2250503732
361466	62.1114
499508	61.9158
24256	61.4983
24256	61.4983
303287	61.4451
303101	61.2269
291556	61.1596
291556	61.1596
287441	61.0627
25647	60.9782
290947	60.8261
294322	60.8039
314751	60.7459636811056
294331	60.5593
360920	60.1387
83465	60.1089
58840	60.0805
314417	59.9586
313609	59.9517171674322
297486	59.9283
246116	59.892152283835
301458	59.8494
171087	59.5322
64314	59.5299623425
171135	59.4505
685472	59.3018
287765	59.2243
362713	59.1799
291793	59.1434
83616	59.1272
361069	59.0466
306809	58.4778
289181	58.3128
25050	58.2771
291439	58.1886
309156	57.3091
311405	57.28
29602	56.9222
361063	56.8682
305450	56.699
298079	56.6434
311236	56.4963
25095	56.4656333697
300652	56.3818
364298	56.0402
307585	56.0338
300458	56.0197
311144	56.0098
252917	55.9443
252917	55.9443
315423	55.842
84401	55.7341
116725	55.6978
29560	55.6405
500040	55.3595
288108	55.3552
314906	55.3198
25262	55.2786
25262	55.2786
25262	55.2786
301345	55.0920892258
303292	54.9153749066
60327	54.7722101917
308739	54.5898
311647	54.4172
171093	54.2221
246282	54.2054
498328	54.1782
688394	54.0596
291906	53.9288
309338	53.8733
686611	53.8264
686611	53.8264
295674	53.8046
25367	53.6854798099681
25367	53.6854798099681
25367	53.6854798099681
25367	53.6854798099681
293042	53.4531
81656	53.4091
300944	53.2553
64044	53.2312418615
306492	53.1493
24695	53.0131
54262	52.8877
54262	52.8877
292847	52.8388
301388	52.7428
25751	52.6504
303293	52.6171
362409	52.6141
690188	52.5867
80881	52.5249867556
287643	52.3156
24419	52.271
289407	52.2701402588
306424	52.2298
287212	52.2234
291967	52.2105
367714	51.9668
315666	51.7781
306152	51.7444361515308
305922	51.2927
50594	51.2699
361628	51.2646
296580	50.9594
303604	50.6663
259241	50.0
306352	50.0
300228	50.0
25687	50.0
24306	50.0
