114107	94.2612
65023	93.97414
65023	93.97414
65023	93.97414
65023	93.97414
83576	93.544220956
306608	93.1547449321041
363002	92.10262171
114557	91.98311
114104	91.4100934125
362385	91.0353941745
29256	90.9363346025
501145	90.40285
362788	90.3418729852051
307494	90.29854
24875	89.7536830455
301674	89.541
116543	89.4663
116699	89.0577149998
29410	88.9898
362495	88.377789412
192117	88.3238584607
192117	88.3238584607
116600	88.2344
309804	87.7987464818
29515	87.4673242396
303915	87.1544
308306	87.0092
362557	86.6323
29672	86.603
360583	86.5326
303505	86.0713
686611	85.7788566048
686611	85.7788566048
29454	85.6645829647637
297593	85.4933273074
63882	85.4769
156767	84.9022228952
192235	84.8348575248
192235	84.8348575248
84019	84.741
296410	84.5166333972
311355	84.058729408
291813	84.0333
114501	83.8721974482614
59319	83.8529550416291
116654	83.0137915392589
287607	82.7857769532
288701	82.3
114520	81.8722
300438	81.8683
100361376	81.8433451825038
687147	81.16670201
687147	81.16670201
117526	81.1426
291359	81.0855
361832	80.9843
363985	80.8305583576511
499361	80.4324
305482	80.34731264
291794	80.1889
309911	80.1196
362152	79.9507638975
303399	79.7340902817055
83518	78.6531
24296	78.2664
362675	77.9277564096
313427	77.6672272063
25243	77.4334599966763
29256	77.1960144199
84598	77.0894
361550	77.0297
501454	76.8776
501454	76.8776
500156	76.5681
282845	76.3149
29256	76.2617986075
170551	76.2383
286759	76.2185
304850	75.5566
60349	75.5018
83792	75.3366
364785	75.1638
116552	75.103239356
363024	75.0884
80849	75.0847
116649	75.0773
65278	74.1555
304741	74.1238488036168
361700	73.8179543476
292696	73.6455
65278	73.5214
29381	73.2929064733
286918	72.7217874304
25529	72.5582
313575	72.109700755
315346	72.0414
84008	71.9814
25414	71.7719792245
305438	71.6360869869065
288305	71.4587
362950	71.4507
24613	71.44
292301	71.2109
310698	70.5704998231
296733	70.5455
498003	70.4199343660763
81740	70.3357
100294508	70.1594
313596	70.1431
502227	70.0531
313308	69.8578568276
29274	69.7872
309544	69.7777294852
289712	69.5261
83521	69.2654
312703	68.9100545748
362409	68.8334084992
304900	68.6119
298867	68.5810417652361
59108	68.557
299197	68.176098384
679937	68.0794
309331	67.9663
29508	67.7732
29460	67.7627168585
300514	67.7199
291848	67.5084453247
171304	67.2165
361063	67.0459765184
309139	66.567162633
305248	66.5501
58868	66.5496
307124	66.4754
25205	66.4203
314600	66.4009
300920	66.247478456
362828	66.2194854581409
292756	66.1207
65154	65.8499
116546	65.4329
501099	65.4091673194
24483	65.1568119147909
24483	65.1568119147909
24483	65.1568119147909
298280	64.9964
308918	64.9816
314275	64.9596
81743	64.9247
81743	64.9247
300950	64.8599
81743	64.8498
295319	64.7491
690911	64.715364847
312652	64.4691
301513	64.4105
24717	64.3805972833
29689	64.3749
79209	64.3292087261166
290818	64.2483798799
687813	64.1319
246232	64.0863
365395	63.7246
305577	63.6305
311204	63.5171
171444	63.3684
298533	63.3322
303563	63.2325
312495	63.0051152157182
288108	62.967258564
362169	62.5056
65081	62.4792971947
292687	62.4293
310698	62.2139
171494	62.0424
360703	62.0183522223
313057	61.9557
299618	61.6851957247167
365367	61.5982
298646	61.5516
361597	61.46
312607	61.3785
613226	61.2635833679342
191573	61.2262
191573	61.2262
684352	60.953260982
306387	60.9327
64528	60.87309478
308415	60.866454701
287278	60.5988
288626	60.1075639700358
58965	59.7984
114489	59.7629
207123	59.4845
60562	59.436680542132
313325	59.4147604896
81687	59.3109
64188	59.2736
304325	59.0153696757245
361437	58.8430852759
498728	58.7971
306571	58.7822
292090	58.4661049178117
316642	58.39665
60417	58.3911477775086
260323	58.3622
25481	58.2708
287638	58.2625
29362	58.2267460593059
140607	58.1517
307845	57.9221
313589	57.8849
25544	57.677950615
24705	57.058240605624
315664	56.9547331651129
361686	56.8703
171102	56.7948
260323	56.772
306436	56.7162
170816	56.5854
314788	56.5616642536
316205	56.4199
192646	56.3992
288583	56.3123
291689	56.2646014183
361434	56.2600278882
361434	56.2600278882
361434	56.2600278882
308509	56.2288
24415	56.1607
24811	56.0837
315174	55.9912
83825	55.877010771
56083	55.8654
501088	55.6806
315523	55.5178
294303	55.4646
314548	55.4325
297699	55.4278
299611	55.3520561004
312203	54.9265
288109	54.8551910292
680407	54.7317173872
64547	54.6219
300089	54.6014
171495	54.5644919406
282819	54.430794894
290669	54.3957
287709	54.3608120594
494344	54.3574
50646	54.3359420095675
360564	54.0465
29468	54.0075
361060	53.9692
192280	53.9510928075674
501854	53.9207565968
315880	53.7863530888
25694	53.7707
294518	53.7134
312504	53.609800714
289150	53.5979
289150	53.5979
116544	53.4746652259
94273	53.4289
25054	53.4073400229909
24167	53.375419359939
24167	53.375419359939
24167	53.375419359939
24167	53.375419359939
24167	53.375419359939
24167	53.375419359939
688721	53.3022023211
300649	53.189121112
29331	53.1819
304554	53.18
246211	53.174637066
362826	53.1481809074
29559	53.122337812
29559	53.122337812
29559	53.122337812
500956	53.1147
501052	53.019
363045	52.9547
296408	52.9082
367218	52.8542184148098
367218	52.8542184148098
362703	52.8
301059	52.7029
311332	52.6740162144
368002	52.6550325723
362081	52.5815
84394	52.4774
681989	52.1734
303312	52.0564
170900	51.9432
291978	51.8837
29228	51.8621
25159	51.6939203119
365407	51.5252
24651	51.4949581525
299762	51.464442496
360827	51.3603063539279
24675	51.2614
315333	51.2063
116470	51.001453095
361634	50.8602558532
681211	50.660641933
362962	50.5418559752896
287564	50.4597013019362
288512	50.308892404
313220	50.1040210924
81826	50.0
296060	50.0
313905	50.0
363143	50.0
24873	50.0
266777	50.0
246297	50.0
362607	50.0
362258	50.0
