58821	97.2638937511
301038	96.5013
296467	95.18708112319
307348	94.7661211630054
171050	94.56842
362282	93.3102067762
313594	93.1462375300159
288587	91.110053627
303836	90.82613
315170	90.73899
300173	90.4601678940601
301007	90.1977506848
313594	90.0354155255495
313481	89.7157
24434	89.3304
83501	89.2574
314894	89.106068195
297942	89.0069
305468	88.9792
24765	88.3556
26955	88.2818
257645	87.4025
366169	86.6788
307070	86.5088968029098
24680	86.4092
83824	86.131607373
306455	85.7407
317343	85.1144358032
310909	84.0081
498709	83.6598
25579	83.6362
305470	82.8535
84382	82.7602
25743	82.6379436109868
29497	81.5571
29497	81.5571
60382	81.442
306630	80.9221477980999
192256	80.7311
192256	80.7311
290939	80.1295504752285
315346	79.4597
289596	79.3157
29480	79.2508
54282	79.1289929056
29577	78.9474
117016	78.8848
304218	78.7064
304218	78.7064
282836	78.5742
282836	78.5742
64124	78.5136
84407	78.417545095
315173	78.054
311713	77.3172
315686	77.3109
64469	77.0708
114511	76.7212
64678	76.3294
307820	75.6058127690255
300724	75.4813
362182	75.4425
304923	75.3048
360920	75.0983
54254	75.046
83624	74.9251265231
171571	74.7045531162368
499425	74.3254
170905	74.0995
298744	73.4336
500131	72.9938
298147	72.2755374866
24413	72.1293725842826
301388	71.909309977
24166	71.839
24282	71.6451
289307	71.4438
291212	71.1542
296612	70.0459
65205	70.004750485
79107	69.9728
294790	69.7900808144
53950	69.7158
64551	69.3669
64551	69.3669
498301	69.170332623978
114845	68.7094709428503
316211	68.6213117248
691552	68.2123
360613	67.8166763936
308906	67.67212
311911	67.073987529
288038	66.9913858357
29885	66.9584
58954	66.9229
317322	66.87
25478	66.7821
83712	66.3025
499933	65.7535
299827	65.6798
300673	65.5096
305479	65.4113
310261	65.2849201824
308937	65.1172
25413	64.9439388244
25288	64.5334
113922	64.0236
114850	63.9705750441109
113906	63.9539430061
314273	63.87456272
307907	63.5012451028054
24315	63.322
362378	63.3086
100363178	62.9903
29503	62.708423427
315608	62.5961685293738
305066	62.4501
302934	62.3371
315447	62.2068
304944	61.6913
296935	61.1928
312952	60.7034
362049	60.5688
171494	60.3139090433589
29628	60.2332
29628	60.2332
207122	60.19765
312182	60.1527
117232	60.0176
29611	60.0151
246280	59.604954085
361388	59.3068
79115	59.0756403
680338	59.0328
306809	59.0245605139214
306129	58.8041
286976	58.7371
689030	58.7286
29564	58.7096
192245	58.6872
301000	58.5678380265735
315731	58.3814343839
312154	58.1884
299002	58.0971
83614	57.9217
292155	57.89
300074	57.8805
58942	57.8532675085
25628	57.6751
362665	57.5347
54320	57.4868
295686	57.47451225
170927	57.4084
296281	57.3572615238
297486	57.2270444266
297968	57.0489
316312	56.9206
79208	56.7233
690366	56.7093
311670	56.3595010672
360650	56.2828
500282	56.2159
314859	55.93
303214	55.5576867568
290644	55.5148
25272	55.4898
24877	55.4782
25272	55.2108
25272	55.2108
300095	55.1819144794
25617	55.0925
300886	55.0267958005
286993	54.8102
293561	54.7919166451299
501088	54.5783
286924	54.5765
306782	54.4764701625
29597	54.2339
294380	54.1783
266809	54.0972
113894	53.968
361994	53.9135
301337	53.8123989209
60628	53.7519
690188	53.6771291779
313668	53.4921658910013
25753	53.4491
307604	53.1893737112
312915	53.0613
311427	53.0064398038
286917	52.8244899799
309544	52.8055
29668	52.7494
303292	52.7346360418
113955	52.11
84360	51.8952719612
304193	51.8207
362859	51.7904
304741	51.7367932764
289724	51.4817
171041	51.3146
171041	51.1147
308266	51.0639
140666	50.963
303903	50.9169
171434	50.6732095024
81869	50.5112
170899	50.4105370342
361554	50.0
305795	50.0
366894	50.0
290802	50.0
100912032	50.0
100912032	50.0
140928	50.0
365972	50.0
140928	50.0
140928	50.0
313536	50.0
64563	50.0
298451	50.0
