687561	94.84003
303614	94.1573066823948
117050	93.47253
305884	92.42179
310958	91.9899457489
305164	90.6299567824
306600	90.55844
246209	90.08589
315034	89.7341
362384	89.6509224286
25205	89.5820759082213
171080	89.0845
304816	89.0640955
303132	87.4998451918498
64678	87.3705
29627	87.2886344275
29627	87.2886344275
311598	86.9608752958
25098	86.1993
309338	85.9645
50938	85.5088
361727	85.4344
373066	85.019970292
64152	84.9606599969
690911	84.8723
116506	84.7349
116506	84.7349
316256	84.1284
363578	83.8818
685384	83.5679
313772	82.608
312603	82.4631
89843	82.2605
685472	82.0622980204243
29295	81.8895232552
84403	81.8837
259241	81.4356
499174	81.2784729725
360750	81.1823
361814	81.1195755796
303753	80.8712221841494
29384	80.7881
366492	80.4491045512
25216	80.4404864176
308451	80.3369
309478	79.8156
500282	79.6175187375424
100362764	79.2477
361921	79.0433
311670	78.4422
309804	78.3576807103579
66025	78.2305
366960	77.2437
304218	76.9264
304218	76.9264
29227	76.7849
290046	76.6625
290046	76.6625
290046	76.6625
24917	76.4719
313520	76.41
290912	76.263915254
25054	76.1885
302473	75.8271080675
64824	75.697979434
50622	75.2005049400815
361030	75.0193718462977
140694	74.4551
170924	74.0849
303830	74.048
289635	73.853
363243	73.767
362107	73.5685
25310	73.3164
291709	73.0422502715
300963	72.328
300963	72.147
170911	71.310137018
306055	71.1107
685229	70.1132
308971	70.0350697824
25094	70.0056
301007	69.7942
24689	69.4224
25439	69.4223241496
245919	69.0702
494445	68.7411098536
289990	68.697
300756	68.410337047
362224	68.3062
29644	68.1249
365793	68.0860399882831
292172	67.9993
25012	66.8331
25012	66.8331
25012	66.8331
83507	66.71668837
363076	66.5904
302396	66.4030269430282
313594	65.725795984
116552	65.7142
29544	65.7040171460907
192245	65.6841
313594	65.6042088288
450224	65.4019
314553	65.1271
361065	64.7142
309041	64.5200196494
24591	64.3849656845182
29139	64.2248
500199	64.1537
297481	64.1411
365751	64.0887
689388	63.9458
360602	63.5487
361309	63.4506
288154	63.4142
81754	63.174
364634	63.1345756024489
314028	62.9573
25253	62.8231766215
140639	62.8102
25652	62.8090985981738
298032	62.7801918128
300813	62.6075593922
59301	62.2503
84394	62.1984755675912
116744	62.0923
679890	61.88867600185
64458	61.813
29172	61.5778
192646	61.3325
100125373	61.1774
59265	61.019
361074	60.906787072
94165	60.8904
245926	60.8817
66019	60.6331
361765	60.2003
293060	60.18503338
500921	59.9168
360616	59.266
116590	59.2355241667341
79428	59.1365704525
298012	59.0123
290426	58.8185
65028	58.5877
291571	58.544
288256	58.5187
500244	58.3048
364081	58.2656
24827	58.2560606408
288564	58.2135
304988	58.1468
288181	58.0164
25231	58.0146
170946	58.0146
296200	57.8864
293551	57.5472
81919	57.5203
291608	57.4925
360962	57.465
29456	57.4291
29628	57.2112451056
29628	57.2112451056
29300	57.0668
312563	56.8399
314224	56.8184687461565
85497	56.6909
25336	56.6106
83574	56.5802
312952	56.0788
297357	56.0779710348
298836	55.9224
83469	55.8076
314245	55.7220099402
306281	55.7
29510	55.6839984704
252856	55.6775
64158	55.5739
293526	55.5519
113995	55.540993954
685620	55.3207
29510	55.2924206495
303602	55.2897108708
295538	55.2872
56769	55.0549
56769	55.0549
290668	54.8092
316033	54.7144196705
315608	54.6156
289026	54.3512
24240	54.3505
311327	54.2987857154
287562	54.2887
171501	54.2248
29681	53.9986
314717	53.7792277378
289095	53.7491
301062	53.705909186732
309053	53.6822
101241893	53.6357623225
315655	53.277
60430	53.2680730517
316330	52.9416683874
315804	52.8096680918
66016	52.682
246771	52.4787
171120	52.4503
25524	52.1194037211
25524	52.1194037211
25524	52.1194037211
25524	52.1194037211
246769	51.7198
313308	51.7178
170568	51.7176
246769	51.5499
298748	51.4620519864
25590	51.4369
303596	51.369
361649	51.281
25359	51.1944238506414
170917	51.0247
362849	50.9352599064
25650	50.869
303336	50.8285281669
303336	50.8285281669
306587	50.808169572
307900	50.8001839434
25248	50.7057442587
294043	50.6564
84597	50.59
291352	50.0977803304
498226	50.0090443444
116459	50.0
361831	50.0
306439	50.0
364838	50.0
399489	50.0
25630	50.0
