84410	99.2066657603157
155430	98.64210909293
313477	97.86784023215
291377	96.89405
81660	96.6723385594
314157	96.4743026066252
60448	96.38032
291352	96.1666039376
170908	96.01024
312516	96.00261
84409	95.8106762515
25600	95.32146
300652	95.20569999522
291967	94.73836
25690	94.4645120198
25690	94.4645120198
25690	94.362077528
303068	94.21632849535
83833	94.17145
304037	93.2055166513
81504	93.0298
63837	92.70497
246215	92.69523
25328	92.67247
315496	92.39034
360833	92.35324
170925	91.62522
294804	91.60147
293173	91.21117
289657	91.02039
171571	90.8723901643329
362115	90.76627
56064	90.61408
257648	90.4784909824
297867	90.19214
360518	90.17139
100361133	90.13265
102554884	89.9420167082
500137	89.9416
289623	89.182
192178	88.9769759929923
316539	88.9569752941144
361391	88.7284
303135	88.5735
310677	88.5091
83842	88.4169
116695	88.2515
304315	88.2514
361388	88.1193
312077	87.8377
63837	87.4412
64185	87.3897
362859	87.1772
289608	86.7676826412
307024	86.7281
288108	86.6205
306424	86.3578
299204	86.334163904
24552	86.3105
24907	86.2933
63836	86.2525
288821	86.0209
310785	85.9055
54321	85.7306
304074	85.7154
362049	85.6818
313678	85.6031
313594	85.5557867485
54244	85.3134759604
306657	85.2748022092
362831	85.1422
84016	85.0891
29336	85.0708
308589	84.9338
295674	84.6677
117036	84.5552
290744	84.2995
310288	84.1783
94267	83.9036
171299	83.8121178112
288280	83.6745
287585	83.6636
308126	83.4992
297930	83.3789
100362555	83.1831
100362555	83.1831
689954	83.1032
361308	82.9082
306129	82.8255
25094	82.6898
140942	82.5948
304055	82.5787362823
64310	82.4475
25196	82.3206
171563	82.074
300115	81.6757
308458	81.4601
311911	81.4417
297504	80.509227454
299138	80.3728495575959
373544	80.051
361400	80.0295084126
83619	79.7411
287109	79.2238
24840	79.2194
207122	79.1291027469
689931	78.6085
282835	78.3723
170946	78.2198115938
114490	78.0874
310756	77.9338
64634	77.6077
79216	77.34
314619	77.2843
29602	77.2598
302593	77.2039
64358	77.1755038516
29138	77.0848
29458	76.8358
305792	76.6395
291211	76.4362
499745	76.1262
116490	75.8993
24803	75.5674
360973	75.3117
85254	75.1585517497
679682	75.1168
299618	74.9382
298992	74.5067
362220	74.3511
29146	74.3411
54281	74.0227
246232	73.7715
314384	73.5377553314
25023	73.5277
500040	73.4999
25608	72.3982872981982
24224	72.3647
500538	71.9285
313742	71.8101881812
287464	71.5055450292
361771	71.3089
300074	71.2712
25327	70.9182967483
360815	70.8294
311129	70.5721
554172	70.5524
287276	70.4861
114495	70.3659
140590	70.1545
501563	70.0802428382488
65205	69.6449
308473	69.5465
300659	69.4986
313594	69.1763668168
29650	68.9665
361060	68.7112661511036
310352	68.6281
60416	68.4519
313772	68.3575
362384	68.3321
171384	67.242
314941	66.9719
25736	66.8528
84357	66.7526
365699	66.6063551217
25707	66.3939
306261	66.0217
64312	65.949
25514	65.9256
314930	65.8115
362246	65.6001
367218	65.4859
29657	64.9132
311346	64.8054
25361	64.7320925868
295629	64.7317
312675	64.4723
307893	64.4598
84588	64.4396
65248	64.3528
308265	64.3196
29497	64.1663
29497	64.1663
307579	63.8536
300719	63.8179
305310	63.7204
493810	63.5585433906655
58961	63.4396408272
58961	63.4396408272
296884	63.3485
293710	63.2841
54241	62.5908
292486	62.4005
306941	62.185
680668	62.011
116596	62.0043
300947	61.7697
313125	61.6876
25262	61.5938
25262	61.5938
25262	61.5938
24546	61.2144
315639	61.1722
170910	61.1276
114592	61.1243843848
498003	60.629
83765	60.4236
689560	60.3226155645
25643	60.2632
80899	60.2372
114845	59.981747952
305691	59.7968
302669	59.7581
294515	59.7578
24170	59.5545028156
24575	59.0625
24575	59.0625
24575	59.0625
24575	59.0625
24575	59.0625
24575	59.0625
65190	59.0096
305549	58.8508
24653	58.8162008688
366568	58.6593
309513	58.5546
314205	58.5049
366061	58.5001
308060	58.4915118688
81744	58.2211
24679	57.9956
310849	57.9945
362860	57.7893
314212	57.6089
311047	57.3764
25718	57.3387
307212	57.1988
690516	56.9764
312952	56.879
310086	56.6217
497991	56.6122415992
363115	56.2991
291772	56.0242
312135	56.0177
310900	55.8241452742
306672	55.7569
25620	55.6888
25620	55.6801
25620	55.6801
25620	55.6801
25672	55.5405
259243	55.5142
311165	55.287192421
292156	55.1042
361295	54.9384
289277	54.7468
25357	54.1613
25620	53.5337
25620	53.5337
25620	53.5337
25620	53.5337
307820	53.324902028
679944	53.3047
315033	52.9693
500616	52.7446
25204	52.6992
29578	52.6816
64525	52.478
64525	52.478
64525	52.478
64525	52.478
84360	52.2429272156
305858	52.0657
295384	51.874
25253	51.7336133128
294018	51.7168
306998	51.6465
306998	51.6465
83569	51.4958
29745	51.454
114700	51.2837
303311	51.1071
295325	50.9069380045
29448	50.826
365394	50.5811
690528	50.5627
308800	50.0
311146	50.0
24949	50.0
24949	50.0
114709	50.0
