84014	99.5712086581677
301285	95.1785
312710	93.51335
282582	92.9666964700588
303272	90.70686
84358	88.1791
362665	87.8699
246334	87.1173
246334	87.1173
114116	87.0428
246334	86.8914
246334	86.8914
59300	86.7877329910356
474154	86.6899
311919	86.4589
282712	86.3335
116744	84.9101491768
29582	84.3092152685674
287527	83.8251622222
64476	83.4807525735
29424	83.3910078238489
315461	83.078
315422	82.8902
25218	82.5912
299611	82.3578393198823
25136	81.9818
25650	81.9094
59087	81.2813
289392	80.8876451902062
308790	79.6760005105
368070	79.468
691335	78.8407
58921	78.7966765863534
360895	78.2559
81745	78.1861
315509	77.4002
25205	77.3467337031531
29546	77.1502
310764	75.9313259224989
83788	75.0995
83788	75.0995
83788	75.0995
304813	75.0873336696968
317235	74.9424
58961	74.9064
58961	74.9064
25448	74.8192
361732	74.5647
288264	73.652
288264	73.652
361725	73.3986
690262	72.6597
360616	72.3801
287099	70.9769
25007	70.7269
294606	70.4248
298426	70.3055182666
303351	70.0111
314198	69.7855
100188944	69.7531178476
100188944	69.7531178476
25447	69.7212062366452
308971	69.655
361103	69.4606616369835
313262	69.3877
303132	69.1054
170699	69.0199
24772	68.9825133906268
303059	68.3398
293155	68.20034235
685579	68.1122
312728	67.852134746532
366889	67.7435
94338	67.2367130443387
301119	66.8494
312727	66.8089571317282
312159	66.7858
302553	66.682162349
302938	66.4969
64828	66.3735
100362347	66.3502
303586	65.9361750333396
292816	65.4083
303236	64.968
366227	64.3799871244
301130	64.1437500190512
29645	64.075
287871	63.3367074585
613226	63.2254705994
192235	63.1031
192235	63.1031
297392	63.0678632128
315689	62.7361
311944	62.732
116673	62.0718386503375
307398	61.821421168
171548	61.1409694980294
685072	60.8906596195
685072	60.8906596195
83708	60.7901
59317	60.7794673344
288053	60.1139
50998	59.8106
296603	59.7773407443638
29211	59.731345564
83635	59.5161
24805	58.7984
304791	58.7020219315675
64559	58.5082
308451	58.295478934
311508	58.2589166212
302913	58.221547847
361842	58.1223392865
311405	57.885561237484
307643	57.8721218244
287608	57.8492
307997	57.4685
116467	57.4118
311604	57.2499848947
361822	56.855420317
365355	56.6303
315664	56.54
293705	56.395816222548
246116	56.0620134338103
296624	56.0601390172
313860	55.7519
362269	55.5776150359
25485	55.4289
307106	55.4095
113886	55.0204
366894	54.624938569
311349	54.5431
360640	54.4667
302811	54.2852
301388	54.0647068872
24511	54.042534037
60417	54.0036259138601
688174	54.0002366318371
29381	53.9946
25237	53.9587611101
171044	53.8807869653
24174	53.8713652584585
65142	53.5935
499425	53.5152
304315	53.4713232873
292536	53.4637600768
303493	53.4207358635
365865	53.3697
300989	53.3564
362599	53.262
60666	53.1112015756
311331	52.9447
498309	52.8312031359
303602	52.7663
317376	52.6358890212394
313027	52.611
60395	52.5023
313825	52.4304763436
29140	52.3056573787
295356	52.2598
116490	52.2266
287637	52.2199143777502
360505	52.1245948661945
282826	52.0731874858
286976	51.8668
294324	51.843701294933
313594	51.7537776035583
84595	51.5478
312563	51.3722
679155	51.203117019
500281	51.191669395
298500	51.1264
64442	51.1022941311
291100	51.0298
25672	50.907045904
303926	50.7701
83513	50.7686
315159	50.681231407
29637	50.6641879463
305438	50.6506816663581
301081	50.553
501061	50.505866086
309429	50.4525159568
311224	50.0599764004113
361711	50.0
65206	50.0
117512	50.0
192129	50.0
