685244	97.1053884865
29633	96.3833496881893
171434	96.1946079905
65157	95.4412833052
362860	94.63212
364706	93.78785
84391	93.55431
299197	93.501566422
84010	93.33241
25385	92.55256
25627	92.40629
290794	92.20208
362678	91.94795
296372	90.0751089026514
24626	89.7934
362394	88.5914757418999
299116	88.505
685244	87.5251
304850	87.1047
313668	85.9046
24805	85.6292
501099	85.5282105333946
305896	84.9355
314999	84.7792
308126	84.4617
295230	84.3109
116600	84.2216
295347	84.023
246254	83.787292171832
246254	83.787292171832
303375	83.6068714625
362591	83.0823
293135	83.0193690670946
312806	81.2215996862514
288233	81.0439
307905	80.9704
171091	80.2235
24832	80.008810782
83803	79.975573222595
360632	79.7499
24412	79.7301
290356	79.3623107942
302967	79.343712488
58958	79.2427
294674	79.2022
313121	79.16005
171494	79.1
306460	78.9643
287989	78.565
287766	78.4715
311487	78.435
24311	77.9872690838466
24311	77.9872690838466
24311	77.9872690838466
362817	77.7541772284
287940	77.3623930107856
114595	77.2197
363256	76.851
313058	76.5625205584
296374	76.1705
300222	76.155
303293	76.1234
362152	75.9588
308911	75.8069
311114	75.740774101
295417	75.6899
690195	75.6523083036688
25496	75.2407
66019	75.1795
246760	74.9050155015672
305451	74.8944434698
54400	74.62601453
287464	74.5054249875
83709	73.7659
303470	73.7369
365395	73.4576095
314743	73.2697
498171	73.1665
287925	73.1627
311331	73.106713633132
313594	73.1001284538059
266670	72.9442
171093	72.8772422596
171093	72.8772422596
85243	72.7734
29619	72.7515513532
24498	72.6529
288482	72.432813886
311849	72.427755498
363675	72.3768
116486	72.2827199670402
83576	72.2620191328
317376	72.25732574
58853	71.9448
362931	71.903546656
298606	71.8139982992611
266711	71.796652590425
89812	71.4741
313027	71.4094158101358
260323	70.798551688
25521	70.6359
81520	70.5186
364137	70.4492
29571	69.3036
293500	69.2101658912
299907	68.9055
311558	68.8771
25445	68.8017
308067	68.7462
84356	68.499
317673	68.3921
317435	68.3713
60434	68.3666
497913	68.3002
113893	68.2713535618
117522	68.2511
361208	68.1239
83569	67.8225
298500	67.6627
304282	67.1549
54236	67.1459
292724	66.8920736415
83526	66.8861073015173
24388	66.698
313594	66.6497835992015
313352	66.6124
293722	66.5348
289736	66.3833
171099	66.1818002742865
362295	66.0614
309255	65.9008
689414	65.6517369392
295461	65.437
246235	65.4323
81504	65.2831
360820	65.1565229312
362766	65.1547306432
316516	64.8464
313860	64.8439758894037
295224	64.7828
296358	64.3771
305000	64.2427269341238
287441	64.2254306695
59326	64.1037658185
360534	63.9496953252468
293939	63.9283614373
366783	63.8247
84396	63.5995
287532	63.5039776732
553106	63.2538294675
365183	63.2417
252919	63.1862367648
298690	63.1325
192126	63.1044
114856	62.9733
296200	62.7865
364241	62.63885
116633	62.5529
363599	62.3482
24415	62.3179617127263
117271	62.0605958402462
305691	61.9446
306009	61.8251152529454
66018	61.8009
25196	61.4593783542816
60394	61.098
684112	60.9750047500903
366960	60.9368446333326
24331	60.8567
297518	60.5935
64314	60.5651
364052	60.3384204723
83731	59.9636
297392	59.9192
60357	59.52495
60357	59.52495
282832	59.4895
305675	59.3052601044
305675	59.3052601044
303076	59.1593
171564	59.0416
304522	58.7725381247612
313663	58.63565
360602	58.6268
300797	58.4761
83626	58.3266
29364	58.1992
24967	58.0278
25620	58.0272535436124
25620	57.9952768705776
25620	57.9952768705776
25620	57.9952768705776
315465	57.9284
302424	57.8340413126735
25094	57.6352
360526	57.4807738362
362152	57.4643
303584	57.4596533215
25620	57.3522787959594
25620	57.3522787959594
25620	57.3522787959594
25620	57.3522787959594
304495	57.2967
25237	57.0877784132195
64558	56.6888391943676
303803	56.4939
64551	56.3566
64551	56.3566
170699	56.2639
499337	56.2323
81529	56.1765
29694	56.1561
25073	56.1507
309626	55.9635843592
24782	55.6485
54314	55.3924
300659	55.3212
290669	55.242714976
499308	55.1492868341537
291813	55.1253
290843	55.04
290668	54.7757626430227
114591	54.6525861925
25095	54.5823
363452	54.4945
171305	54.3481
29564	54.3182
29713	54.3066
140923	54.2409
286905	54.2295
302915	54.0056
305471	53.9648708059762
299628	53.9528217471
24790	53.8404
444985	53.818
295928	53.7572994254812
315496	53.5883
83726	53.4883693796
294065	53.4174484
313236	53.3667
63886	53.3309
361663	53.107927764
315435	53.0942
315435	53.0942
312679	53.0751951856
306868	53.0677
117255	53.0472
300860	52.9911
292536	52.8356
313905	52.7934
315435	52.7205
362776	52.7167
316333	52.5834
304193	52.374370632
360482	52.1141
315134	52.0504869952
684516	52.0212
305471	51.9139091972385
286898	51.8891
293454	51.6262
299602	51.6109
303511	51.5214
307480	51.2841
300754	51.2251
81687	51.0533
313242	50.96
315346	50.8909948264
192352	50.8349
304545	50.8308
25696	50.7803
207122	50.7661
315689	50.4921126959479
311713	50.42978932
29264	50.314651798
29154	50.1064708765
308409	50.0
289668	50.0
691099	50.0
365900	50.0
315073	50.0
311862	50.0
317259	50.0
303300	50.0
292206	50.0
