309053	94.2283
289632	93.3809
312398	93.07794
288741	92.33938
689995	91.0828306288
303396	90.68606
24534	89.8126
24534	89.8126
360570	88.1106894898
498287	88.0521
83685	86.9825221318
117538	86.7515
170919	85.964994796
29546	85.3240128562
294431	84.8249604295
304947	84.585
114633	84.3907
312566	84.2080521623031
304815	84.1098
289733	83.7126
311799	83.5529167939
170566	81.3884
293625	81.2632752442
24546	81.1685
689043	80.5332
306630	80.4157
171387	80.0534960639
315795	79.622175046
24361	79.5875
266764	78.3792
691042	77.8069
64196	77.5168
291359	77.1683
64042	77.0935880708513
84574	77.0842408081211
307070	77.0121
298267	76.9661942008
24949	76.7924170274876
24949	76.3953988778739
282587	76.3721
59075	76.1419
303470	75.5064
24398	75.3334111828
307382	74.9311
306571	74.7974
24385	74.7524168705
24385	74.7524168705
24385	74.7524168705
315330	74.3892
65137	73.0274
100359836	72.9171
24256	72.6690339055969
24256	72.6690339055969
361065	72.5241
24666	72.313
362018	71.3150803636
29688	71.223526777
360785	71.1493
84472	70.9629
64206	70.9536
361213	70.6677072798
84488	70.5271
114593	70.3346
680717	69.4728857137745
114522	68.7337
298699	68.6194
116554	68.5937
81528	67.9743
361700	67.0970627284
361649	66.9152362981
315463	66.7186156768
29361	65.942448781
619385	65.7893
619385	65.7893
288779	65.6844
314647	65.282822979
58971	65.069506861
297797	64.621
60417	64.4672
311204	64.379
685384	63.7937
306357	63.6307
307986	63.5558
313130	63.5384
362065	63.4873926112
192270	63.4837
307900	63.109639609
294715	62.9427
29755	62.6547446988
291689	62.6087094502
25334	62.4541469513269
303378	62.3199
317374	62.2179
65195	62.1443825490128
65195	62.1443825490128
361711	61.5566
57021	61.3789
170845	61.3656
64363	60.8683
287441	60.6901907755502
24675	60.3401
25278	59.6319
25716	59.1558
691533	58.9915
292918	58.982
29428	58.7641
300756	58.6816910116
363412	58.1477403212509
311642	57.7943
363164	57.61245
171092	57.4305744895
308944	56.0671
294809	55.9458
313038	55.665400935
365900	55.2449
361261	55.2367676764
432360	55.0731
294018	54.9552
293507	54.725986997853
116690	54.6271406679617
116690	54.6271406679617
116690	54.6271406679617
116690	54.6271406679617
29232	54.4962
310693	54.4877
25364	54.2670179631922
690955	53.7578
685474	53.7476886327586
685474	53.7476886327586
685474	53.7476886327586
288154	53.643
361527	53.516579064
100360872	53.2442
171565	53.1171
25652	52.8646
296267	52.74409919532
171563	52.73274347
497961	52.6218458176
303088	52.5732
25684	52.3801
116642	52.355
297522	52.1082
312316	52.0387
25555	51.2113
25479	51.172845497
311842	50.8234715712
313825	50.8088
65195	50.3680544066
64537	50.1302047308
29500	50.0
312251	50.0
58954	50.0
64202	50.0
304653	50.0
29629	50.0
