170927	97.9926064764354
308362	96.53779
312927	96.3792238504
361060	95.05007
314818	94.6511236409
361736	93.29466
361970	91.19069
311171	90.741789902
24225	89.4281
24225	89.4281
24225	89.4281
24225	89.4281
24225	89.4281
24225	89.4281
24225	89.4281
24225	89.4281
24225	89.4281
24225	89.4281
498609	88.1856
58853	87.8405660951
311661	86.9597
313438	86.2039
64547	86.1457
54297	85.2518
299828	85.1394
192178	84.9738208474
304741	84.1354585879
353316	83.7194
24233	83.511
406161	83.511
252832	82.9183
25216	82.6822
114116	81.7457
313994	81.7438
313121	81.431691198
360576	80.8501
360600	80.5162403025
266805	80.135
308632	79.4549
303292	78.9162908996
304109	78.8352
29194	78.3158
365901	78.0354
117282	77.6516
314587	77.202
298944	77.2
291259	77.0056
50719	76.5538
313098	76.536
117259	76.16
361580	75.839
360801	75.6264
29300	75.0566
191573	74.903342127
191573	74.903342127
306630	74.6027
291023	73.9827
691947	73.305
170911	73.3028
286973	73.1642448128
362409	72.9759081232
299714	72.8256688678
362186	72.5941
498266	72.2009198464
50659	72.1329
297783	71.7145
114498	71.4434
29234	71.3246
287876	71.048802025
25406	70.5086169154
680445	70.4353
59312	70.231440022
306809	70.1398
266777	69.8669
298201	69.549
364634	69.2141477511
299699	68.6174
363040	68.532957856
246282	67.8919
309136	67.5288859425
303518	67.2492
291180	66.9994
25566	66.9214
360725	66.3326
306809	66.3150827648
24255	65.9609
29353	65.653
192257	65.4933
296957	65.3525
360480	65.184781826
307016	64.6877247787
299138	64.549
311622	63.6367
307845	63.3269980342
293704	63.0214
306695	62.9351
360983	62.9231
361801	62.8267
64358	62.1543
24245	62.1346
24245	62.1346
24245	62.1346
25497	61.8113
317259	61.663
85264	61.5255
309259	61.5127
306516	61.4909
29758	61.3065
315833	61.2534274696
303991	61.1669
500564	60.4678867962
171442	60.3818
300474	59.9038
29721	59.7126
303586	59.4489627464073
29713	58.619358214
362722	58.5181
24416	57.564710031
361272	57.4258
305577	57.2913540068
29642	57.1944
497974	57.1044
81660	57.0995
299052	56.9949
171010	56.9741
312135	56.555
83497	56.4396241465
288683	56.4193
305922	55.8886
363253	55.3117
298867	55.0106443225
682988	54.5048
64442	54.2749
288484	53.4383580655
363465	53.3389
362591	53.328824393
266600	53.2558
360457	53.0547
291736	53.0253
307997	52.931067402197
310448	52.6334310395
79434	52.2808
291259	52.2392
291259	52.2392
291259	52.2392
306619	52.1444
114505	52.0011
100233213	51.9113
368002	51.8783
294324	51.2381810512
81919	51.1886
687561	51.1211
300367	50.7814
500086	50.6930385876
287113	50.483716204
690516	50.3577449498
85385	50.1594213325
85385	50.1594213325
365215	50.0977295152
