288280	96.090256792
363442	96.01295
288416	95.77705
685258	94.0526966756
300756	93.2827607890231
493909	92.71720831107
114557	91.18645
24316	90.4729226318
29458	89.6253013072
84420	88.8527023616
287670	88.7961
314930	88.7695
85263	87.9576
363577	87.9431
171402	86.8050329875278
24616	85.9819
25262	85.8044
192356	85.3948
81640	84.5357
25577	84.3871
310533	84.3861
246331	84.2526
311862	84.1714
360589	83.7513965328272
307050	83.4994
65040	83.3651722239
65040	83.3651722239
24223	83.232
362918	82.7483
25745	82.0216
25745	82.0216
361069	81.7307
317470	81.4577
81655	81.4408470877
501046	81.1903
25537	80.9781
25673	80.7754
81818	80.609
297783	80.5831
116741	80.4492308595
365797	79.8387
290912	79.4227
79431	78.8748
298792	78.476517908
252855	78.4229
313755	77.2891244642
306817	76.9493
84030	76.8066
287526	76.6922
288353	76.255453512
298369	76.1964
65248	75.7603
311130	74.7499
171138	74.3224
296787	73.6902
25262	73.094
25262	73.094
307900	72.7526290972
295319	72.5203
308896	71.9938140662
300886	71.4723
308939	71.4083
308523	70.8329765555
207122	70.0387
81678	69.7638
192253	69.4901
54297	69.3338
79116	69.2725
360906	68.9703
295669	68.8136
81660	68.2849
303692	68.2821595207
450224	67.8504
25211	67.8037
305002	66.9422
117520	66.6901
117520	66.6901
117520	66.6901
24298	65.5095
25672	65.4153
305156	65.3638053025
304286	65.1814
362778	64.87839432
54289	64.7303
313348	64.217
305177	64.1064
302363	63.8660168774
170904	63.7861
29628	62.9012062025
114122	62.8736609404
114122	62.8736609404
114122	62.8736609404
114122	62.8736609404
29715	62.8295
29715	62.8295
29715	62.8295
29715	62.8295
29715	62.8295
29715	62.8295
29715	62.8295
29715	62.8295
29715	62.8295
293454	62.801
294322	62.7652
301742	62.7027
311129	62.5677
64313	61.2805
292148	61.0517
363002	60.9954
54227	60.6083
300083	60.4891
58940	60.4858
319110	60.3182295811
298609	59.9754
681211	59.4091
116557	59.3589
295325	59.2254
29602	59.1647
114101	59.1392
309887	59.0431
298648	58.4236
361239	58.3409
312566	58.2578
317335	57.681
25613	57.4485
83519	57.2529
25615	57.2504
252963	57.0193
289278	56.7511
311872	56.6003109101
500069	56.3788
246248	56.0911
117016	55.8543
286898	55.6884
305269	55.1145
84388	55.0006
287076	54.9873
81514	54.8505
292244	54.4443
365355	54.393
300866	54.3464
301442	53.7521
54259	53.4460816566
25517	52.6825
117524	52.5171
307652	52.3991
685332	52.3532
361668	52.2448
316137	52.0053414185
293673	51.6274148596
29150	51.3781
171052	51.0247
311919	50.9207873854
24588	50.6753
310969	50.6622411688
365371	50.6533
79011	50.4187786012
25743	50.2944743791632
309280	50.0
29395	50.0
360498	50.0
84608	50.0
25647	50.0
25571	50.0
293570	50.0
