170911	98.77199326264
363061	96.72025911724
117016	95.7354689705
310820	94.1376601965
117282	93.78005
24242	93.5313830896
363005	92.6883462062
24413	92.1516
192242	92.061596632
361814	91.56694
365345	91.00693
293736	90.533760259601
81526	90.19428
29167	90.13423
64531	89.9626206655
308796	89.9576080183
80846	89.9272
80846	89.9272
291433	89.8127
297930	89.1516
25022	88.4427541299
25022	88.4427541299
25022	88.4427541299
25022	88.4427541299
25022	88.4427541299
25022	88.4427541299
295701	87.9176753954
360726	87.7672
299811	87.0214150304
64631	86.9276
290280	86.7345137860212
307745	85.5136455809915
25218	84.6093
295378	84.4526
363662	84.3369
114768	84.2425
54287	83.6688
310780	83.654
293618	82.7719
291699	82.4939977374459
304763	82.4643
361751	82.3149
25732	82.0697
25732	82.0697
309548	81.2851
679934	81.0495691304
363412	80.7762220215867
303888	80.5967654044609
500200	80.4861
679712	80.4431
316209	80.0933586575
299766	80.0631
305035	79.9672
689890	79.937562483
100125370	79.9332
140938	79.151
84487	78.8368
81785	78.8034
498545	78.0558
498545	78.0558
363135	77.8971
613226	77.8268
65202	77.1953
54241	76.8626
25270	76.669
65195	76.36961491
361907	76.2289
361990	76.1774
83841	76.1604
81739	75.9481748096
81739	75.9481748096
312936	75.639
65195	75.557875656
65195	75.557875656
361736	75.4777
117556	75.4148863768
306991	75.2657235647177
192251	74.6988
59107	74.6187
114485	74.5915
308624	74.5389922557438
290802	74.4004
170641	74.248
299285	73.73005
311607	73.6073
289521	73.6071
295649	73.2884
362733	73.1276
362733	73.1276
678759	72.8996
24215	72.7126
316209	72.557845938
500430	72.3918
305795	72.154
288659	71.7834
300813	71.7634
291921	71.6800814892082
498301	71.664302163
364786	71.5447
306994	71.4135
294043	71.0981890558
316064	71.055583620411
171041	70.7505
310506	70.6750506311268
246294	70.5113
171041	70.4841
293546	70.2058
192178	70.0910740692666
116466	69.7136
81808	69.6115
309139	69.5736
289584	69.4776948544
404781	69.3076
64015	69.1109
24171	68.9824098279
365355	68.812836581
301622	68.761
317235	68.3083
252939	68.0525
192646	67.7913
361014	67.7901
140607	67.7140320342343
315094	67.7046
315789	67.6564
170851	67.4208301264
117553	67.2425
287722	66.9657903669
63852	66.9219
60447	66.8967229650188
60447	66.8967229650188
306998	66.4249
306998	66.4249
83800	66.392
288516	66.382944916
680130	66.2771
312199	66.1412
83518	65.8875
313421	65.6192
307270	65.5261413985
500244	64.6946831216
361807	64.5761579761
29182	64.0504
260323	63.9330162905961
140934	63.8161
296408	63.5603
65024	63.5518
681062	63.2579
404783	63.2002
312030	63.1304398294
301674	63.1017
25389	63.0469
317260	62.7935
300521	62.792
498003	62.6698
301363	62.6664
25248	62.4702486904605
53949	62.2143
313035	62.1455
312675	62.022495257
24703	61.9567
29458	61.9476
84396	61.9413
287927	61.9237
301086	61.7486944414
171121	61.6369
114901	61.1624
117180	60.7848068104
171050	60.5591
364681	60.2845189425
307820	60.0830938553
85430	59.8373
25604	59.8345
306814	59.6833
295382	59.141465292
296278	59.1398
306261	58.8968791012
286994	58.8178
315741	58.5260738197
60443	58.487113344
60443	58.487113344
60443	58.487113344
290796	58.4437
288272	58.4427
311617	58.3947
316021	58.1483392332
304522	57.980923804
310756	57.8258
314743	57.8018
298786	57.7815
363118	57.6254
64020	57.4139
317247	57.3071
83469	56.9727
310946	56.9321
501661	56.7343
499308	56.7263
25516	56.6934
65206	56.6542
155140	56.6262
24693	56.5055
365699	56.4749
59317	56.308906666
316370	56.2926
305105	56.2786
362246	55.9763970312
365410	55.9256628905
24260	55.9192
83497	55.8835306132
363096	55.8588
292328	55.5060739112
29219	55.3394
309400	55.3057723128
65206	55.2144
298609	55.1686
24459	55.1336
25048	55.1273
65206	55.0043
65206	55.0043
307540	54.9075
64394	54.8783428744
94202	54.825
94202	54.825
294065	54.566662688
117259	54.4761
293016	54.294
293016	54.152
25164	54.13655501
300782	54.0667
311856	53.9222610508
315523	53.7808
65272	53.6105505339
311468	53.4994
246116	53.3343806403
301337	53.3299
25512	52.9868
289733	52.8545
360480	52.6843677139
500131	52.5772579396071
289468	52.3871
64456	52.3465
361185	52.2188
58819	52.1593119588
310812	52.1506
315114	52.013387512
29601	51.8221
50659	51.4354
24766	51.4048
302977	51.2854
100362554	51.1821
689933	51.0939
291609	50.9757
58918	50.9409
24246	50.8064
282584	50.766
313729	50.5789
293012	50.5194
290668	50.4266645393083
680991	50.1974653528
360868	50.1254621866821
260323	50.0381565469154
171133	50.0
306873	50.0
317675	50.0
25699	50.0
288161	50.0
