64823	98.40912555055
365797	97.80626115863
100196907	97.59352792151
64366	96.8722022416314
64366	96.8722022416314
81830	96.60319054495
366697	96.4636741487
117513	96.15607
288734	96.04629
58942	95.2166702152
297514	95.19783467436
304799	94.07631952816
360650	93.9825246842
295620	93.8006460048887
300726	93.79897
81815	92.20519
362078	92.18339
29209	92.09506
287356	91.21756
24215	90.36274
297902	89.3208
360463	89.2262983007395
293710	89.0227
25027	88.7327
319110	88.61
288707	88.4991
192350	87.8583
298410	87.7131
84391	87.592229398
295051	87.5236660463
296500	87.5105
57395	87.2167
295245	86.5236
289595	86.3127
246232	85.7645
29662	85.6943
294673	85.5447
252889	85.2879
315758	85.0313634581
502525	84.9337
362860	84.8854
317346	84.8612
312251	84.6898
362185	84.6696
50622	84.207527616
286983	83.7591
25478	83.3216
116482	83.2983
305268	82.9821680229081
362094	82.9059783499
295619	82.837
292172	82.7012
502020	82.603
289185	82.518
291019	82.4759
192178	81.9640451828285
29702	81.6062
300189	81.3045
309452	81.149
25571	80.9557
302396	80.6403
65183	80.4184
266735	80.413911004
266735	80.413911004
266735	80.413911004
24680	80.326
54230	79.5122
303396	79.0837
497078	78.5712
361749	78.0580308984
24763	77.8021
305423	77.3988
296956	77.1719
57301	76.5982
313216	76.535
362052	76.3092
114906	75.524
362759	75.3984
364624	75.1859
360580	74.9737
360580	74.9737
360580	74.9737
29647	74.875
64831	74.8245
287199	74.7874615296
360662	74.5617
311487	74.3261437699
307206	74.0461
102554884	73.8409
170911	73.4226
291737	72.8313
25690	72.6704928636078
25690	72.6704928636078
292124	72.4104
501157	72.3712
25690	72.3004736544215
680931	72.0846
362495	72.0826
287212	72.0742
24831	71.8992472537
24831	71.8992472537
246297	71.2255083775
361377	71.2145
303132	71.1490435384
291987	70.7038
365367	70.4134
309009	70.1181
24388	69.9463
296259	69.8195
315265	69.6932
245955	69.6453
361907	69.5519
290280	69.361
315000	69.33416474
316580	69.1659
362900	68.7418
364033	68.6821
304290	68.549
65195	67.9643669899
679890	67.8731
295704	66.6668
116506	66.4094192692
116506	66.4094192692
302363	66.27454308
292622	66.2213
315806	66.2008
84020	66.1916
171548	66.1844459403273
689995	65.9495
679906	65.8795
681024	65.528
289745	65.282
117049	65.2441
295446	65.2036
53372	65.1856733084
501195	65.0706
296969	64.9709
78956	64.1587648604451
314221	64.1287907674
24411	63.8889
361472	63.7708
50645	63.6459
289400	63.5695
29628	63.563946528
29628	63.563946528
25164	63.3534
315891	63.3285
293024	63.0761336272
65195	62.87587688
65195	62.87587688
365948	62.4902
78975	62.286
117544	62.275
299714	61.8967
312903	61.7785
25253	61.7767611285055
81640	61.69
298859	61.6875
307199	61.622
56725	61.54
289342	61.1172
361384	61.0853
679640	60.7502
83628	60.4726
363045	60.3318
25431	59.9485118092
308669	59.8854
498728	59.7763574272
290985	59.6681
100310874	59.5336
29739	58.8843951235
315346	58.83
308937	58.3563
362665	57.9453
171329	57.8825
289733	57.7568
689560	57.1624
25407	56.9836
500131	56.9704
266760	56.908
314246	56.6444423088
363016	56.6062965176
361315	56.3406584084
114492	56.2002
554172	56.1137427276744
81676	55.9449
367714	55.8702
24242	55.8541
293960	55.7688
288257	55.5482414914
25692	55.3043
302711	55.2947342635
25492	55.2373
314964	55.1258
292406	55.1072
308218	55.1034
64701	54.8667
288740	54.6271
315973	54.4746159168
286928	54.4403020006
297867	54.2551
316021	54.1222
64358	54.0244
306439	54.0222
114861	53.7867519475
100362555	53.6477175616
100362555	53.6477175616
50681	53.4161
317312	53.2568
308320	53.1192
64547	52.99
25045	52.623
287457	52.463
170904	52.3389
171147	52.0758106915
314949	51.9326414446
85426	51.8825
300228	51.8544
81520	51.782
310749	51.6542
313308	51.4052
363455	51.3709589062
314751	51.1085
295457	50.7670675924
310152	50.6491
360602	50.5394114836
303399	50.0
314850	50.0
289560	50.0
117556	50.0
170698	50.0
