171126	92.26291
100362554	90.3585804752
302489	89.6592
294790	89.2035176921169
29218	89.0624
310306	88.6665
306819	88.0945
25048	87.7854902896
300054	87.7571
25340	87.2283
291671	86.4911
24913	85.9698
310638	85.1779785020429
24416	85.1748
289443	85.0807
306451	82.2266
81531	81.2591
25386	80.61
299811	78.6697
24942	78.3612
361070	77.3696
289407	76.3586
314772	74.9073
25711	74.2761
303016	74.2574
360908	74.2491833461
296199	73.7845
25429	72.5342
317589	70.9856
315804	70.9157840665
301261	70.184
287109	70.1509
58840	69.0311
287464	68.417
316256	66.2809
680611	65.8373
117240	65.619748881
94196	65.3206
316539	65.0107
25686	63.5953
289276	63.4416
24883	63.4214
307271	63.4129
297783	62.88
363578	61.8894
85426	61.5804
63837	61.1028
63837	61.1028
366624	60.8324
192257	60.3857
140583	60.2032
78956	59.4924
361920	58.1973
287275	57.9347
306991	57.7326
500036	57.7104
498728	56.8695
301416	56.524
117268	56.4471
361274	56.440228789
303592	56.3139
170816	55.784753338
24388	55.6037
100362678	54.2155
304289	53.9265
310677	53.7261968398
307604	52.6817
100125373	52.6501
64088	52.4028
24908	52.0436
246245	51.8791
171147	51.8786
29562	51.6733
80773	51.6649
306424	51.4972
24477	51.3767
361959	51.0399
29627	50.0
60325	50.0
291259	50.0
291259	50.0
291259	50.0
360520	50.0
291259	50.0
29627	50.0
