246332	95.44521
302495	91.29169
60568	89.5519
310352	88.3877
117279	88.2818
685472	88.0661
299699	87.69
291670	87.6822
362687	87.4499
54241	87.0481361308
25352	85.4748
361171	84.5863
685384	84.0247
498089	83.8314
299331	81.3801
299611	81.2562108280128
306387	81.1097
364240	79.1089
24451	78.2531
171500	76.7003
60417	74.9128
311468	74.5532
299052	73.2833
58919	73.1707
307171	72.8022
246116	72.190487411
116548	71.0281
287607	70.6932
81708	70.165
363578	70.069
24883	69.7862
306571	69.6911922974
192245	69.4716
319110	68.2653
494445	68.0222
289482	67.9280093209495
116717	67.1334
25353	66.2281
360511	66.2038
302396	66.1290166825
64373	65.7041
315265	65.1628
29642	64.9539
29436	64.0856
689931	64.0284
83582	63.9916
362665	63.2638
309081	63.186486706
192260	62.4031
114125	61.4738
362490	61.3596
24587	61.2702
114217	60.6936
64387	60.4862
361258	60.1294300748
302363	59.063
305502	59.041
59107	58.1465
312083	58.139
29721	57.8676
307271	57.6548
501099	57.4893
296121	57.3797
58961	57.3479
58961	57.3479
306626	57.0719
24877	56.5783
288108	56.546
306439	56.5371
313913	56.3062
361659	56.1185
307956	55.7951982112
25745	55.5837
301337	55.1930267982
170908	55.0976
500244	54.7622
361688	53.8701
24763	53.5415
25270	53.4493
360548	53.4089938297
289094	53.2646
54289	52.8994
65193	52.188191482
64312	51.8262
29629	51.7503
29629	51.7503
301076	51.3812
24962	51.2418
29745	51.0194702998
25707	50.8415
25347	50.0
29591	50.0
