680419	94.39301
288108	93.97798
288108	92.07761
363735	92.0055888025728
25483	90.3167
312382	90.26619
316376	89.7955
29650	88.6408
81644	88.34728528
25447	87.7778
54355	86.014799572
554172	85.1795
308796	85.1091
313061	84.0847542585622
500000	83.2873
81677	83.0631
364706	82.43101562
306152	82.3012135465
60447	82.2703001570299
60447	82.2703001570299
691966	82.1961
25124	82.1405188413841
313020	81.8236
312947	81.6797
81508	81.4913
310341	81.4889
432358	81.0758318349488
308015	80.5304151485
306608	80.211972484
301742	80.0902
689232	79.4832
25594	79.4156
64678	79.2827544006
310958	78.7867610835704
299194	78.2669463326
282587	77.6425
292724	77.305
294753	77.1912
288154	76.6734
297387	76.663
295461	76.4856
361634	76.0870628805
29657	75.5239
301363	75.4518
309901	75.2016
499593	75.0351563852
310392	75.0174694317103
362170	75.0066
81638	74.9356
171120	74.7702
313609	74.7508120473522
25316	74.1305
365868	73.9973
25031	73.8245
64469	73.7023
689364	73.471
360661	73.437
305577	73.0979
84006	72.8301228942
288353	72.6690745848
296115	72.2394
310791	71.9627
100360334	71.8173
100911796	71.5602
100911796	71.5602
302396	71.3589337949827
291022	71.3373
93662	71.2878
287478	70.7715
300339	70.6739
308390	70.4296469198857
299864	69.92
81005	69.4332986818099
83689	69.409190153
83824	69.0920629295
295319	69.0231
306081	68.045
690693	67.8422954744
308939	67.0152
303068	66.8956295078
25048	66.893935491
29344	66.869
24886	66.6043
24479	66.4281244175
24790	66.3767
117271	66.2755037026937
84356	66.0277
84407	65.885
301245	65.8587
306141	65.7695
303132	65.63958481
361213	65.6212638848
493810	65.5368
680102	65.3212
291670	65.2351
79251	65.1457
25690	65.1
25690	65.1
25690	64.8048
361391	64.6574
299982	64.4316
58961	64.4217
58961	64.4217
290741	64.262
295965	64.1534
298762	64.1065
290741	64.0316
361030	63.9318187072
365755	63.6668
497078	62.8480405375
307487	62.7804720145
63852	62.65
83681	62.388
309586	62.143882336
29625	61.5136
362733	61.3485738171041
362733	61.3485738171041
25604	61.3312
24534	61.2654
24534	60.4931
24534	60.4931
24582	60.4211
315789	59.7919
50622	59.6647352690079
300173	59.4067444301
366205	59.3132
24772	59.161789216
498130	59.1203
307348	58.7003178041733
361749	58.6182
24284	58.5857
171500	58.541
81657	58.4197120492
360973	58.3167124576
25514	58.2164025121
361057	58.1541
298374	57.7422
500244	57.4707565505214
140547	57.45435
362700	57.3605
311604	57.0754
299691	56.9416672629
25614	56.9184
117281	56.8982
25230	56.7368
25230	56.7368
360983	56.3137191228
362065	56.3068118848
291354	56.2336
84394	56.0596898072
308322	55.517603022
316325	55.4084
362713	55.0442
24772	54.932473118
360673	54.8288683554
246042	54.7314
246216	54.4913
170895	54.3735
314824	54.2914902926
297867	54.1711
310034	53.8781
301709	52.8719
24565	52.6175
288700	52.4896
64032	52.2167
361309	52.1447042118
311118	52.1153128234
79246	52.0337
317413	52.0028123725
64042	51.9737
314205	51.68131677
500282	51.4191
298655	51.3900500352
311182	51.3896732266057
360764	51.155120356
252899	51.1424
171107	50.7123
192363	50.6795
100310874	50.6381064409
312781	50.6132233381
299730	50.5992
303547	50.3300390872
94338	50.0287840869215
80338	50.0
502674	50.0
308028	50.0
295027	50.0
114906	50.0
313717	50.0
362048	50.0
