25646	99.9493389553692
79428	98.7383629004385
289257	98.5113273651088
83572	98.2474429650552
291921	97.5939206871046
65153	97.50984
292188	97.40524
312192	97.0980923158257
362466	97.06327713414
296653	96.9890116341683
192178	96.9715318466039
24694	96.67757
315548	96.39794
114850	96.1988166336
114029	96.1441965386069
314743	95.8491595859626
367252	95.8349159247439
299188	95.63560492628
29610	95.59663
309390	95.5388120343518
313488	95.53433
83785	95.25334
303016	95.2132190100461
362384	94.56847369264
298652	94.4698
58958	94.2351110842075
293135	94.13270044804
81516	94.1318
367252	94.1140457257296
362490	94.08738
192183	93.7205449819133
294846	93.5343
83785	93.28625
83785	93.28625
83785	93.28625
83785	93.28625
83785	93.28625
83785	93.28625
83785	93.28625
83785	93.28625
83785	93.28625
83785	93.28625
83785	93.28625
300950	93.181106058245
65142	93.1516276536419
290823	93.09835111546
83785	93.06361
140937	92.77273
361400	92.7098738885747
311118	92.4032
310638	92.2315255156
170956	92.00562
308937	91.9618661313
303132	91.5880870833504
289419	91.4665128208
25729	91.27120817
306862	90.8380754772797
29755	90.8319678176
497902	90.7880028279
310244	90.77146
170851	90.69029
288482	90.26037
689030	90.17763
311487	90.13576
25576	90.032556877
306600	90.0275296710808
365755	89.9556413292548
315740	89.9159
362196	89.89268164
288498	89.6411
317335	89.6259
310250	89.6176
83629	89.5585687864
309157	89.4352568401997
117526	89.2119381886
83825	88.821005227025
293886	88.77
293046	88.5047
311384	88.4605
171050	88.4379
25497	88.4001
81655	88.3109
307740	88.1544
171440	88.1317
50671	88.0427187452
360272	87.9776
306328	87.6374
84360	87.6234
493810	87.5881964641
315997	87.4547
361070	87.343
24399	87.1687267228
58812	87.1680465231915
312372	86.812307849
365407	86.7593
450224	86.7462
308939	86.6302
50993	86.6260478656
307016	86.6169
294993	86.4956848536
287773	86.4358
297865	86.388
307200	86.2686
308265	86.2128841957721
303602	85.774557114497
289992	85.7685
29211	85.6200518434
316096	85.5952
114095	85.4282045079
60447	85.1129399078628
60447	85.1129399078628
311718	84.9366
364681	84.8686
80843	84.8435624798
171102	84.5420568346
84010	84.4825841112
310533	84.4486
363062	84.3141657037
360678	84.300075018
24716	84.1513487608
64862	83.9945310464
498140	83.8744
83685	83.8282357794
113886	83.7717
308021	83.6305
303336	83.6229
362246	83.5965088951511
360917	83.5203
294207	83.4637
29134	83.3897
84396	83.2604174695
311024	83.1222
303181	82.9849561492
313594	82.7586
64532	82.6962
364298	82.40371592
298410	82.2521
29619	82.1103760471
85238	81.7282
307271	81.5935
306695	81.5586
303259	81.4538
294809	81.4061
171044	81.4056225703869
313262	81.3848
310753	81.0476
306873	81.034
312495	80.9302
308757	80.8733
313520	80.7746
300756	80.7650086208
304758	80.5159589735
361765	80.3747
288057	80.3061327535546
306804	80.1956
116668	80.1439
114596	79.7672
306630	79.6818036199507
307833	79.5123332774794
259273	79.3473
171447	79.0298
362788	78.6709891669355
116665	78.656137873
81507	78.5949
299982	78.401953558
29158	77.8329
304244	77.7961
81514	77.7878
303614	77.408167021
360643	77.2641
312709	76.2913
296284	76.2714541513
25508	76.221
364952	76.0673729278
314157	76.0609
297695	76.0066
690516	75.9732325465946
303547	75.9579
302612	75.9374
363165	75.8665
300339	75.6818
316211	75.6703795073428
84399	75.0593
311468	74.9558
287275	74.5384
499929	74.4749284950441
311456	74.4452869824
298012	74.4447
312781	74.4406
309420	74.3996
100233213	74.0913
361431	74.0912
289392	74.0731069415021
310659	74.0659
312538	73.9602
64060	73.8987
192350	73.8352
304150	73.7158512124
313860	73.18208633246
310760	73.0552
361258	72.9584
29263	72.9462734682
360855	72.7932551402194
298182	72.778808471
304092	72.706
308739	72.6693785656618
360833	72.5357
304648	72.0762
498650	72.021639167873
498650	72.021639167873
311876	71.9408
312828	71.9360215725169
288914	71.7352
497886	71.6556
287982	71.6319
309429	71.4937
113976	71.4529
313478	71.4369725278
363168	71.4302
310749	71.3721921376712
293967	71.3582
293016	71.2155176082
293016	71.1730346614
171142	71.1254947897182
360818	71.0839693721674
25620	71.0829989308297
25620	71.0829989308297
25620	71.0829989308297
25620	71.0829989308297
366734	70.9898
308959	70.9225
287155	70.6292110593177
306562	70.3609697000283
363169	70.2781
100192314	70.2739
361677	70.2733
299762	70.0136
299197	69.8886813638512
29517	69.8399
29517	69.8399
29517	69.8399
25537	69.7349911710039
29424	69.5771002391693
303059	69.4636867234
117180	69.453466876
362418	69.36
315617	69.220117668
361213	69.2133592674554
294289	69.108488275
311559	68.8544
296624	68.7799360128
25262	68.6682
297942	68.5377
25447	68.4834
171088	68.4208931448
24706	68.4004
300674	68.3203
246771	68.2979203688
25744	68.1864764
362173	68.0772
25577	68.0697
64369	67.9576
302396	67.922467711
81663	67.8299722786
315648	67.7745
117036	67.6891
363448	67.6754433092
313131	67.3962161215792
315327	67.2388141912
361069	67.1738539175
84351	67.1413
305679	67.0894306992
362897	67.0773
311575	67.0597
296076	66.8716
298534	66.8587
24254	66.8132
296580	66.4596328914
117515	66.3654
362778	66.3068146674
25151	66.2237
25565	66.0433
103693419	66.0244
310855	65.9562
94202	65.8868
94202	65.8868
303336	65.8366
59303	65.7060910156
114636	65.4923272717109
25544	65.4578
296188	65.3552
289342	65.313849094
293455	65.270252212
304601	65.2218
252920	65.1401
64394	65.061843468
499561	65.0211
94267	64.7685019682
29564	64.7474
499870	64.6738309765019
286906	64.4722
679921	64.3827273643
297952	64.2558
305835	64.2357
303292	64.212583697636
25604	64.1855615506756
140941	64.1411
306091	64.0126
25743	64.0051417054584
302495	63.8461
309111	63.6427162257915
290280	63.606689746
309969	63.559
64846	63.4393227859
360887	63.43302841047
24592	63.4236
114482	63.420601942
24941	63.4092
50677	63.3992
362963	63.377
362866	63.0192586468
296390	62.9693571592
288710	62.940280028
171097	62.8991507724
300664	62.8988166172
24482	62.7988
24482	62.7988
315173	62.62171984
296394	62.514812546
294012	62.5083
301345	62.408
497954	62.2721
363412	62.2661993696
312203	62.2586
113975	62.1917
29705	62.1057
289175	62.0891250224
308097	62.0461
25620	61.7590588249
25620	61.7379289851
25620	61.7379289851
25620	61.7379289851
317235	61.6971
293024	61.6478279134553
24482	61.6163
24482	61.6163
308468	61.5172
310399	61.4889982526
25694	61.3536
192268	61.2862
192268	61.2862
192268	61.2862
287543	61.2550509279038
311903	61.2045482403538
311872	61.173994525
293410	61.0501477063
84026	61.0134
25247	61.0061
308212	60.9814
305103	60.9749440377952
309611	60.6546222216279
311842	60.4913
302424	60.4509202372552
246237	60.3178861224
85267	60.316
289388	60.245
686611	60.1787226012
686611	60.1787226012
140583	60.0845613589
25367	60.081967712
25367	60.081967712
25367	60.081967712
25367	60.081967712
58919	59.985228776419
29645	59.9529
65206	59.808503983
287521	59.7111
116466	59.6292
293098	59.6048
65023	59.5115195263
65023	59.5115195263
65023	59.5115195263
65023	59.5115195263
309175	59.3605035352
311187	59.3374558906
306459	59.2874
308457	58.8850305685
116554	58.7005091658379
300682	58.6035
363735	58.6024
116700	58.5464
301009	58.5125875862046
306128	58.13704448
303749	58.1156
688777	58.049
362489	58.0333
498411	58.0031835594736
24176	57.9868
306587	57.8524
360466	57.8465
302913	57.7646
65206	57.6898618974
294018	57.6632
360668	57.6563
60434	57.6509860784033
25558	57.6140280645
500156	57.5967
65206	57.4534227257
65206	57.4534227257
60326	57.3744
24703	57.3337
367786	57.2305
301130	57.1694
312703	57.1566
83518	57.1476
363603	57.053264626022
309391	56.986
297695	56.8142
116741	56.6223
361615	56.2121
171121	56.0709
501923	55.8434
64088	55.8021
288444	55.6864
84379	55.6835224528446
305581	55.6024
308864	55.5629
85239	55.5285313454102
304091	55.4812
29699	55.0727250984
24215	54.8268
311450	54.7562
315670	54.7294
360661	54.6971247007
364675	54.6954030427
314641	54.6696
314641	54.6696
84005	54.4775
25501	54.4076
290669	54.3812
64574	54.3038
298655	54.2735786762996
300813	54.262
287585	54.2613
361430	54.1967
116469	54.1867
361991	54.1859
65162	54.1840996730758
304522	54.1516554201237
24680	54.0376
303604	54.0255862
311607	53.9253445819
312806	53.8348479484411
83522	53.8206
170837	53.7734
89827	53.6293
361442	53.6241
65190	53.4611383159511
309665	53.4117
301076	53.4006533248
288518	53.3094479628401
680531	53.1809556637
64023	53.1400857692659
369016	53.0627750031
29502	52.9976
363913	52.9453670243
25054	52.8599629978
312381	52.8145
94193	52.8045
288079	52.762
691589	52.7058313246
171159	52.7027
313020	52.6769347477674
54355	52.5767
499745	52.5555
317576	52.5444
56725	52.3692
363153	52.2367
301038	52.2200380359
307956	52.1675165968
83834	52.054
360658	52.0399608389
24718	51.7255
305253	51.6748
362960	51.6502
304813	51.6271600402642
80900	51.5505
291610	51.4747961112
94196	51.442
25717	51.4216
287593	51.4207024225
117243	51.4145
299204	51.3986
305831	51.39
304816	51.3304160213001
288626	51.3129389116
310756	51.2126
500000	51.1414716662
317296	51.1171
310506	51.1151624083714
297332	50.9061
299356	50.8928
292206	50.8784
25288	50.7740638196
498003	50.7343671508
307491	50.7298
291824	50.52329295
29440	50.352130084
366624	50.214199585
300253	50.009017231
24439	50.0
306765	50.0
294518	50.0
29647	50.0
171447	50.0
171447	50.0
360445	50.0
171447	50.0
681024	50.0
171447	50.0
315994	50.0
368044	50.0
171447	50.0
363006	50.0
171447	50.0
