306720	97.44944317908
360772	94.84667
79433	94.4795417576
83781	93.81202
246174	92.86415
309722	91.43294
29562	90.6067956109
689931	88.311
25654	87.5493
298410	87.5464
306013	87.356
58834	86.9451
50664	86.9051
306055	86.1938
307494	85.7415
364786	84.101253397
192269	83.9454
290985	83.8717
363425	83.5908246708
301126	81.0531
360821	80.6793
171135	80.1211
25549	79.8019
302855	78.096406029
25750	77.258
84382	76.8791
291130	76.6195335828942
305423	76.0317
29456	75.5543
311607	75.2619
25247	73.8298
54244	73.7004
315891	73.2510633664
308624	73.1836
362788	72.433962523
296851	72.3664
311726	71.9562877608
117140	71.4398
300791	71.1631
316599	71.156639168614
500281	71.1329
288622	71.009
310201	70.9742
117045	70.9407898552
501083	69.6810613037
305150	69.6721751209
299196	68.9216
360515	68.6491
24680	66.9631
25341	66.5339
306152	66.4125
29380	66.039
360613	65.8384937619
307779	65.6776
25157	65.1904
24616	64.6376
312826	64.4453
311478	63.8655
307070	62.727924675
60430	62.7271
303790	61.27585
24503	61.1734
83425	60.5339
83425	60.5339
301374	60.2768
362173	59.9509
170672	59.6486
65042	59.5425347488
286917	59.3456
299909	58.8305
64462	58.6693890112
81830	58.5978214564
314380	58.4826
25316	58.3234676522
50622	58.2194293914987
679921	58.0865
680945	57.8714
362049	57.663537823
84356	57.3117468425
414065	57.1536
307124	56.9437
300985	56.6621
25012	56.6574
25012	56.6574
25012	56.6574
313845	56.1163
363442	55.7598
362700	54.6626
192272	54.3138946506
309144	54.3017
302378	54.3003
308843	53.8219
304885	53.623
312952	53.1735241852
29279	53.0524
25624	52.8932
501099	52.8044
305795	52.1853
310659	51.4341
59300	51.0836
306695	50.8061
83470	50.1175429048
171050	50.0992567336
303586	50.0
290802	50.0
360243	50.0
