116502	98.2492801361746
24949	97.4297128011323
24949	97.1407587444816
292139	96.41439
116676	93.51168124981
25662	92.83356
691429	85.2868176099
362515	85.2222972520919
293522	84.9353
298098	84.817253555
116482	84.752
311562	83.9414
24620	82.8024
29665	81.946700436
246146	81.8623356938
363520	81.3414
685474	80.8087770495
685474	80.8087770495
685474	80.8087770495
58974	79.3516
499302	78.9459
192213	78.8148656798067
300253	77.4250879648
29741	76.5373
266600	76.5043
308958	76.2368
307398	76.2352
171571	75.708827863
291006	75.5609
292090	74.7377942626
295455	74.6295
287722	74.5096
315158	74.2464305809
363646	74.1525
79220	73.762075912
305253	73.4211
309650	73.0412
309804	71.9587
304670	71.74363472
366274	71.5528359551835
317675	71.4611
304741	71.1467098528429
311840	70.4648
29454	69.2677
301345	69.2027
100360880	69.0001964870226
117107	68.997228733
103691034	68.7869658636
24832	66.9605
24918	66.9118
287009	66.6372
289311	65.3753
24592	64.9615
29622	64.9145
314465	64.3996
365895	64.1483
361907	63.8488888192
304410	63.720473584
24946	63.6834
117257	63.5361
83633	63.4419
114766	63.4232
29428	63.1267
307861	63.0154
307868	62.9136
24883	62.4820302061
679668	62.3033
192245	61.9451
60669	61.4385599978662
307124	60.9498
140940	60.289
502894	60.1468
363045	59.721
116744	59.5451
64530	59.4731
338477	59.4109
25293	59.2086550680118
303803	59.1137
25293	58.995716574874
25293	58.995716574874
25293	58.995716574874
25293	58.995716574874
24916	58.6602
360971	58.1941
291952	57.6384
690987	57.123413178833
364706	56.58
65155	56.3527
287703	55.337362054
24521	55.1552
24521	55.1552
24521	55.1552
24521	55.1552
24521	55.1552
363521	55.0509
50665	54.9682
25243	54.7961270397832
304282	54.7506
305835	54.452237377
292295	54.1128852496
29149	54.0327
360515	53.881
29456	53.4174
171485	53.3364
314800	53.2652
315423	53.2607
291660	53.188
114906	53.1494
89842	53.0183
294643	52.5894793002922
308959	52.5212
25263	52.5121741428
315716	52.2854
25122	52.0009
312478	51.924
299618	51.6603806974
301518	51.5125
366251	51.262
681309	51.2092
311570	50.8342
287796	50.75
64475	50.7482
24167	50.7265
24167	50.7265
24167	50.7265
24167	50.7265
24167	50.7265
24167	50.7265
303353	50.5983
84478	50.5768
260416	50.499659284
29264	50.4578120575
117130	50.0
289809	50.0
56082	50.0
