84030	98.9866997575
501145	98.72222486224
302938	98.0521544028
362049	97.6355008184194
299858	97.20430981219
294074	96.75534
84588	96.19113
300173	95.9039089405713
498545	95.83866
360896	95.0758560036
84597	94.63757
361832	94.40309
117036	94.26614
29616	94.0547
54241	93.32423
312828	93.32012
304799	93.29815506034
171086	92.8814655879
64366	92.78245
29516	92.574360772
367218	92.22137
298296	91.93271
25705	91.73199
312566	91.514796657
306197	90.7318320266
361843	90.2182708095
500244	89.9834174944
298549	89.5934
54319	89.5767
24950	89.3086
295382	89.2604563852
500036	89.139820938997
303439	89.132792495
300723	88.6896
24654	88.3898
64366	88.3659
498545	87.6357
289175	87.4006
311785	87.0352821624
140945	86.9126
140945	86.9126
304743	86.1679
300980	86.0288
317270	85.9945
29134	85.6939
83467	85.6458
497991	85.5824453932
294643	85.2742994824
301261	85.2182
363516	85.2103
360466	84.8039
365802	84.708
50554	84.6621
295588	84.4596
313139	84.113
298867	84.0960253614
79209	84.087
367218	83.982
287606	83.7866
78965	83.6673
24718	83.6205
309399	83.3593
306387	83.3345872285
29645	83.1748568241136
299811	82.5944033566
310034	82.5853964191
306439	82.4296
290280	82.125219410602
286990	81.8922583786
84354	81.8569
287954	81.8122
303016	81.6752821504
26955	81.6682320068822
54400	81.6012
499508	81.5958
85432	81.3525
25288	81.3072
317418	81.2346362317001
361060	81.0718
287765	80.3937
305505	79.6035
171058	79.4133
113960	79.3974178432
503214	78.9483
300724	78.6497
60325	78.4926
260323	78.4666
305171	78.3763639693
361261	78.3676
362866	78.3645
361467	77.418627274
89805	77.3406
311902	77.3318
301128	77.1085
56780	76.8974
296583	76.8355
363060	76.5906217304
299204	76.2495
65196	76.180646154
313038	75.6302
171159	75.6277
679921	75.6274526599
306687	75.214
313729	74.6328
309407	74.6149
289400	74.6144
362279	74.6006670712
25671	74.3774
24437	74.151
293743	74.0346114278
84476	73.9706
25603	73.9212
298792	73.7983
60447	73.7371
60447	73.7371
24827	73.631
311604	73.4422
64638	73.4138
65038	73.3905
65038	73.0926
29182	73.0879
60374	73.0496
192256	72.3796913368
192256	72.3796913368
309126	72.1688970898
24162	71.9283251168
303923	71.899173286
171494	71.7646
81708	71.4776
362530	71.1118
83518	70.8354296636
64053	70.8278
25344	70.539690212
301067	70.3562
309804	70.3531439091403
299197	70.0414114077232
297525	69.5993
289264	69.4121144965755
304410	69.3883156978
64317	69.2361613325
84398	68.7049238236185
500989	68.7045
291411	68.2869
54296	68.2513928024
309478	68.1765
313609	68.1659
502902	68.1252242784
360637	68.0539085177
294674	67.9944
361746	67.9123408099
287615	67.8136
117556	67.765
307855	67.126680144
450224	67.1097
360619	67.0662908704
24215	66.9187
362107	66.676680997
313706	66.43295707
310864	66.3663
293050	66.3606
361050	66.3066
29140	66.2668
361430	66.2278
25415	66.104222122
304063	65.8428604252
246142	65.840637389
362734	65.6645
360640	65.6057
307745	65.461
362609	65.3856
317235	64.7151
300455	64.6653
29758	64.4740228582
362199	64.463379792
686295	64.2613
317413	64.0807
117180	63.8344
297113	63.4362
287938	63.2525
114839	63.1049
289456	63.0854
54297	62.303689516213
312694	61.9845463819
500116	61.8091
260323	61.7015
304733	61.6263
57302	61.604566762
57302	61.604566762
367242	61.5792055952
363164	61.2319954075
315962	61.0647
85424	61.0333
362409	60.8979
94168	60.6656
313914	60.559452685
29230	60.5471
81744	60.4712
307526	60.4647335215
288364	59.635566575
304124	59.436
315795	59.2623184924
24592	59.1041
360426	59.0967
360426	59.0967
497985	58.91
314352	58.2678
116744	57.7162
316241	57.47
288700	57.2088
64536	57.1643759224
317395	57.0339
59322	56.7569
304947	56.7212
310352	56.7113
83505	56.4247
29561	55.9788
362741	55.8973
314587	55.8794
65044	55.6026
295631	55.5362
83785	55.453
24361	55.143668872
313020	55.0368
64371	54.906
361074	54.8889453967
58819	54.7909
301225	54.7871
117045	54.7714
298072	54.7091
308751	54.6225
85428	54.1924
25139	54.1844
171440	54.1456
29642	53.774
361838	53.6022
360643	53.5717
100310874	53.5714026847
296161	53.319459881
288321	53.2349515842
313211	53.1881
140860	52.8894876188414
25567	52.7361379376821
287927	52.6235
689055	52.5918
171581	52.4798
192178	52.1090440182
365865	52.0664
305482	52.0350099648
50938	51.9373
289233	51.7422
25537	51.6613
296472	51.1092
364154	50.7912
315870	50.5575
498650	50.495492278
498650	50.495492278
84550	50.4199841869
360916	50.3938409456
362779	50.0
171305	50.0
360681	50.0
315686	50.0
364952	50.0
64679	50.0
171356	50.0
