362037	98.3565655874
298024	97.6644423266989
298024	97.6644423266989
25672	96.92711425171
361431	96.89901
313969	95.773037274727
289315	95.603163174144
363412	94.7777141249394
192269	94.22895
25094	93.73258281208
64462	93.08130613096
306007	92.4842
690366	92.4834591028
25281	91.9723085275
308509	91.95286
304920	91.78107
80881	91.46507
500972	91.3216972856162
367242	90.8862039954
311215	90.6252
294804	90.52471
79128	90.391818732
294007	89.9923
316415	89.8652
301128	89.537
60427	89.5337537785
60427	89.5337537785
29150	89.2698
140448	89.0594490985
286906	88.8511
307820	88.2801768291314
83839	88.2548
78961	88.2204
498411	87.6487074072
365252	87.5805
312227	87.2886
311911	86.7667
25669	86.672
315664	86.6247524258
362264	86.141614592
81715	85.7174
29645	85.574724728
309126	85.3491445894775
296349	85.0826557355969
306376	84.8115
58976	84.8046
307774	84.6751
313471	84.6665
304809	84.5926
299899	84.3873
300733	84.2373857524
313594	84.1607704718252
83726	84.0763
313594	84.0709130870062
116555	83.9025
310749	83.7761
303132	83.631018295
29627	83.5824722734
24654	83.3653
303214	82.9544914796998
246142	82.4130051385
360526	82.2445
303403	82.0669
290669	81.7512
364430	81.6526
64471	81.6454
29362	81.602962374
362918	81.5913
317260	81.5722
680308	81.5666817109
303396	81.3938397991313
295663	81.3854027888
301097	81.0836412935
155151	80.7293
362029	80.6984
29454	80.4609
363735	80.429
60562	80.4007
83833	80.0248348986
29264	79.9735
64045	79.7187
305861	79.421872856
64189	79.1731
314352	79.1522224286
500874	79.076
314681	79.0004
312132	78.00966665
305391	77.9429013256
309871	77.3976631858
79463	77.3799
316370	77.0472
366595	77.0045
58845	76.8448
360533	76.6899
365245	76.674
361171	76.6281
29705	76.6176
365793	76.6084090582
100362555	76.5655
100362555	76.5655
54278	76.5053
313231	76.3273
59107	76.1895
361925	76.1766
296179	75.9781967976863
314046	75.9131
312563	75.812348049031
83624	75.3509
302396	75.1705438571
361659	74.9348
25315	74.7981124479
25315	74.7981124479
313053	74.5446
114593	74.5018
192268	74.4617
192268	74.4617
192268	74.4617
360990	74.3477784667
246334	74.3299
246334	74.3299
307100	74.0007
287768	73.4663431048
288306	73.404
58812	73.2794
266761	73.1516418433
287543	73.12283038
303831	73.1125
287607	73.0526
311384	72.9342
680133	72.8596
305935	72.8188005232
29688	72.6479
114901	72.5728949002595
58838	72.5101906024
83501	72.269062055
25060	72.0442
315806	71.784218716
29627	71.6886785044
59265	71.4786
288447	71.2541
364476	71.2372
690693	71.113004113489
293673	70.9951
313453	70.9792928658
292097	70.9162
306455	70.7678812894
297334	70.656328038
306104	70.3756
24679	70.2505361214341
84396	69.9915
171120	69.9790539862
362393	69.8823
501002	69.8193
89791	69.8179150812
192178	69.6511761433367
29748	69.4808
25163	69.1999
246334	69.1115
246334	69.1115
303193	68.9797517158
84026	68.7334
316005	68.5764604701311
114517	68.5456
84402	68.5275487642497
116665	68.385240433
117269	68.2224004764
300756	68.2218
307348	68.217919271
29602	68.0430586821233
83838	67.9189
25359	67.8442
29436	67.830211261
113882	67.7545
114500	67.728
291047	67.60833247
298859	67.4996938558327
690139	67.4101852967477
313554	66.7731
298095	66.7384
286954	66.4449
315037	66.3591
29184	66.2575
291699	66.207653992
313166	65.8917442194
361628	65.8344
287776	65.8286427584
298012	65.79044488
288333	65.7863
170845	65.2402
365895	65.1169699171
257645	64.7116
500036	64.7023179034634
50585	64.6636
296281	64.6203
305310	64.4798
296751	64.4283
689931	64.3803
313409	64.3413
314148	64.3150780845
314743	63.9661
287768	63.6449864506
117049	63.5094
292071	63.4103
29715	63.0267046209349
29715	63.0267046209349
29715	63.0267046209349
29715	63.0267046209349
29715	63.0267046209349
29715	63.0267046209349
29715	63.0267046209349
29715	63.0267046209349
29715	63.0267046209349
304330	62.9290824225925
64152	62.8234406587
83712	62.7342
312828	62.6721795931483
29366	62.4087
501083	62.393736006
362403	62.2984602942241
306439	62.2911
305571	61.8136
360956	61.7137821445
360956	61.7137821445
360956	61.7137821445
311450	61.5076
307210	61.4851
170844	61.194
305055	61.0413
296370	60.91333282
300472	60.702308901
362481	60.5357
289717	60.3728
363254	60.2093
361594	59.7893
29495	59.6216
310659	59.5207
302913	59.3183
641316	59.313445116942
260321	59.1439242748
80843	59.0363
314312	58.9942
58942	58.9332
24564	58.9223
293448	58.8254
25312	58.4154
64013	58.3439
81830	58.3314
24398	58.2233
24564	58.1772
303250	57.9613
362304	57.7163
305236	57.6099
501095	57.5878
304218	57.5323
304218	57.5323
64303	57.5208
292925	57.4836
360665	57.4516
287606	57.2915
58819	57.2099
54323	57.0424
83810	56.9138
24716	56.5436
313436	56.496
314543	56.4877326865
310721	56.4218
295347	56.3331733752
298186	56.2485
25309	56.1693
192361	56.0188
290447	55.9882
246153	55.9798
312689	55.8599198956
286930	55.8362
25639	55.8288709343
300177	55.7362
313264	55.6875374248
266760	55.6824
311327	55.6815
25594	55.552985458
59303	55.4920079608
100233177	55.3191
309858	55.295804838
63852	55.2019
192258	55.1101
313581	55.0528
299982	54.7147238499055
305152	54.6413
310914	54.6403
303016	54.5220708432
296956	54.3935
313020	54.3116537065
29473	53.8704
315611	53.8026372064
502886	53.5744845125414
25629	53.5439
291100	53.4942
313242	53.4620036794
58958	53.3838667402
78968	53.3403
78968	53.3403
315760	53.3181
444985	53.2873
50566	53.25507856
25235	53.2201
363172	52.9538
192183	52.838575398
29683	52.7246716244
315880	52.69
287420	52.6649
360581	52.5071944804
289486	52.4821
291637	52.3908
252897	52.3908
498847	52.3908
252895	52.3908
291635	52.3908
116782	52.3908
315496	52.2167
83584	52.1727
83584	52.1727
25756	52.1382
286899	52.1129
24931	52.0014596466
315644	51.8268
362454	51.5731
305479	51.5439
305586	51.4651
304074	51.3694660614
312727	51.2579
498416	50.9721518661508
170927	50.8171032244
313304	50.7904
300659	50.7540837775
691099	50.5837
362587	50.5243
300320	50.3082450028
116590	50.2420515303597
100911069	50.1655665454752
373544	50.0
192352	50.0
299923	50.0
