686019	97.18004
192107	92.65253935924
679869	90.95261
303206	89.4192
497974	88.2021866824
25757	86.9677
315546	85.8540664852
24316	85.833
25590	84.7273
100912292	82.997287573
252880	82.6304
170908	82.4212
24413	81.203
311311	80.2452
287746	78.747
373544	78.3537
296608	78.2438
302920	78.214395196
304315	78.0483534218
287478	77.385
24326	76.5014907798
306439	75.9599
100360552	75.5225
156435	75.103887786
502886	74.8342
170924	74.4596
298012	74.1841
25356	73.49187466
291132	73.4474
293551	73.0008
296267	72.1506
116543	71.6987
114700	71.6358
499964	71.1747
290356	70.1721413167734
304410	69.8759185978
312790	69.7423
302302	69.5773
300652	69.3853
294456	67.6866
308800	66.171365512
297900	65.517
83509	65.2775
29564	65.1622
25744	65.1005767862251
81739	64.7958925175368
81739	64.7958925175368
305999	63.9133
360627	63.6662
113898	63.61848559
24191	63.1183
304301	62.8995556484
291737	62.8691727196
302415	61.9307
300149	61.794
288908	61.7522851924
362533	61.2071
288545	60.8994
688540	60.8616
24848	60.38115
303602	60.3681
289992	60.157
65035	59.5869
290637	59.3414
266609	59.3091370197
317376	58.8842
29458	58.592
315760	58.3437
29436	57.8450999701
65035	57.6906
65035	57.6906
65035	57.3493
58919	56.6264136244
85251	56.536624414
171373	56.5133729568231
117186	56.47175
303183	56.1901302297
25248	56.170977454
301119	56.0659518836
311182	55.2518
311721	55.2410031718
83626	54.813
687105	54.2072
688999	53.3789
304055	53.0498989366
83614	52.9105
246297	52.7434
81670	52.617
171458	51.5859566221043
316216	51.5455261845391
294328	51.4329
300901	51.1851
300901	51.1851
24778	51.1292119645
312952	50.995
286994	50.8871
29610	50.6201
304193	50.5617
59102	50.5281
689954	50.4996135428
314396	50.1006548144876
360550	50.088156792
362923	50.0
310760	50.0
500987	50.0
