301674	98.90432893832
24943	98.6316252321487
29650	98.25047058265
64553	96.9165174524
298992	96.89769901855
65162	95.9644163543209
291841	95.0789
316482	94.5517559608173
314616	93.8737592016
404781	93.7548043412778
288105	93.5108059294827
304208	93.0969296213382
685472	92.4911341393
266803	92.42426
310638	92.2289605567697
305600	91.8722
29335	91.07921356
29335	91.018905002
25123	90.39563
25054	89.8133319950021
289323	89.665
29300	89.0865
94272	89.0228988340452
297486	88.9985
298487	88.7170403232
64188	88.33
690195	88.2331609938057
29647	88.145
29715	87.58829683685
29715	87.58829683685
29715	87.58829683685
29715	87.58829683685
29715	87.58829683685
29715	87.58829683685
29715	87.58829683685
29715	87.58829683685
29715	87.58829683685
84550	86.8049342854655
29588	86.7698919604478
29456	86.4851387873702
301081	86.3144
497976	86.261
305171	85.8802
362466	85.4480737056
288181	85.2381543713381
317575	85.0119
65045	84.8327
296966	84.4212931737724
306081	84.4078
641452	84.3792
24952	84.1243
64521	84.0571086094518
302711	83.9327976058
25662	83.5841
367106	83.1868
304218	83.0612612831
304218	83.0612612831
25480	83.0174581956
303010	82.9465
305687	81.982
29530	81.8839
296201	81.8271221362
266777	81.7744842069
301419	81.7226
116554	81.57482353
362051	81.5177
299002	81.3872
60391	81.2689
170588	81.1569
305586	80.9483
309544	80.8998802942137
500988	80.4477514683
24617	80.4400925976209
299138	80.1061126272
291469	79.6239
24356	79.5519390379
27080	79.1744
116777	79.0475
85426	78.8750547609233
499947	78.7611
64531	78.6481350898158
170907	78.347588496
305317	78.1896673483013
56819	77.6674
299857	77.5427
497985	76.92315796
293967	76.7595130304
24261	76.6495
500987	76.4907
59112	76.4699
116506	76.3761
116506	76.3761
365755	75.6715433452
305002	75.5482
303836	75.4347452818
246272	75.304
314388	75.059091648
313539	75.0097
288182	74.9612
363016	74.7732847057927
309153	74.6545
360548	74.5506659636
302396	74.5377542253796
192251	74.480104291
25600	73.8641
500418	73.7446805992
361783	73.7352317556
29721	73.697132826
100125372	73.6623
79435	73.2291
304709	73.0565729499452
191571	72.937
305310	72.8608955625847
362495	72.7967
311039	72.7619
316737	72.6787
299923	72.5518149175
81655	72.2498
314224	72.2067
309002	72.0364077835
306439	71.6326
54284	71.57897624675
54284	71.568547244
29448	71.4466
685823	71.4115
59312	71.3926
306860	71.1587
294324	71.0257356992
140586	70.8048071513963
310749	70.4581304848
314388	70.2941380993
297381	69.9549
24225	69.6776
24225	69.6776
24225	69.6776
24225	69.6776
24225	69.6776
24225	69.6776
24225	69.6776
24225	69.6776
24225	69.6776
24225	69.6776
24877	69.5275
192204	69.4604440482485
171403	69.2341
373545	69.1688
25738	68.9670861597254
499157	68.9065
308624	68.875563797
317232	68.8351
294643	68.7973
94168	68.682
85489	68.6386
25314	68.6028
307855	68.4740901625
29555	68.4313864519196
312199	68.3103
290905	68.2483
314212	68.2332
192178	68.129006809388
303343	67.8521133476
297173	67.6466
498940	67.331526274
314462	66.9751
314785	66.861
315160	66.783523671
308708	66.7724149422
25608	66.7221716885
64627	66.6964915603
307745	66.6451
305795	66.24941520548
54276	66.181
498940	65.9795105464
301128	65.9092
292090	65.744
246264	65.7285
688785	65.6143
306817	65.3898630782
65129	65.259
246117	65.2548
310250	64.9656898847941
311171	64.5848
64362	64.454
309611	64.3225
171492	63.5959
102554884	63.5513394835
306129	63.5037079138
498545	63.1006
498545	63.1006
252853	63.0847
83834	63.029960992
293049	63.0078
310392	62.6245852583269
308821	62.4917
294103	62.4454
311384	62.4093
29602	62.3218295728
25037	62.2153
305544	62.0752
289777	62.0291985217
192256	61.9061
192256	61.9061
246153	61.8924
192229	61.5476943372
246279	61.3494
246279	61.3494
364419	61.2924
246760	61.14
100361818	61.0806
304962	61.0242
296787	61.015170886
24832	60.9911
289175	60.9351
60447	60.821300535
60447	60.821300535
25267	60.7963312229923
64701	60.7809921664
287534	60.7406
266802	60.6728
25667	60.6192
25232	60.5791
24680	60.471626203
79123	60.3287888581
64440	60.1551
315804	60.0968
296301	59.8516
292130	59.8133
311446	59.7136
306630	59.4618
29599	58.9757157242184
296084	58.832575291
58965	58.4518
287885	58.0864
81645	57.9055
362938	57.6622
114214	57.5880613878
362915	57.4663
294674	57.1689
291019	57.1355
287940	57.1034
54702	56.9766
305348	56.9677
289881	56.9096
361285	56.6196632597
79217	56.5594
260416	56.5347703048
114506	56.4938
50566	56.38465
303292	56.1462
291259	55.9546
291259	55.9546
291259	55.9546
291259	55.9546
171070	55.8027399034
308215	55.729
302369	55.6300663741177
288305	55.5808
364137	55.5575
362481	55.5199
66025	55.3978997952063
312787	55.3505
311252	55.2518897692
288599	55.1190855996
315644	54.9489
316351	54.824536852
286984	54.7984
309722	54.750750766
83824	54.7493700038457
309728	54.5904
29433	54.5336
291352	54.50764588
362950	54.0141
360804	53.9365
29497	53.7992
29497	53.7992
113976	53.7443
25248	53.6753398204
309053	53.6489
300052	53.6405
309774	53.5538204878
83731	53.4428
300458	53.3894356288
312159	53.3611
65205	53.3002579539
681211	53.2732
25603	53.0078
313874	52.9951
314180	52.7992
298189	52.777029134
83633	52.7768910778
362078	52.6305
100125361	52.6302
84510	52.6209
498226	52.5272907776
688394	52.1933214986
316023	51.9868414108
362176	51.9781
362176	51.9781
362176	51.9781
362176	51.9781
309419	51.9086
287607	51.8903
83505	51.8603
406165	51.7648230784
25509	51.7363
296968	51.6461
690899	51.3264
25743	51.2559648304574
432358	51.2214
50681	51.1158
29475	50.9519938642
296936	50.8739
313786	50.8572
29628	50.6240747944
29628	50.6240747944
305251	50.5443239072
360589	50.209151644
114850	50.1935745905533
294809	50.0
60660	50.0
311505	50.0
315639	50.0
