313969	99.4176949250042
192215	98.6327355553
50993	98.1675680997944
689161	98.1140727036
309888	97.9547650050489
685472	97.4376457885397
29705	97.1978418048
54248	96.9154097397547
29463	96.72895142872
310207	96.5766352044463
373545	96.55971
299827	96.21960644291
298555	96.1222
83629	96.0826395937032
24877	95.77745
307271	94.5374839488
192270	94.43124
25514	94.3274281324599
303132	94.2985116000413
300891	94.22672
84411	93.98369
313564	93.89453
25023	93.63903
313242	93.1233660296
365657	93.0187
64527	92.72892007
303016	92.6367954067302
306103	92.50751
300250	92.42034
314721	92.39476
246760	92.33857588441
25399	92.16549
362733	92.1545010330364
362733	92.1545010330364
29173	92.14889
306404	92.0046567952177
29733	91.93625
309126	91.8529653080991
363091	91.693089893
300463	91.65078
29456	91.3241178265125
25023	91.30256
361945	91.29614
305164	90.90735
24766	90.8658417664
304860	90.729826912
301235	90.655137918
317413	90.45715
50654	90.41561
362316	90.35039
171109	89.9704353956
307016	89.9674675828466
288108	89.9062085195969
24367	89.7267
311039	89.6777
310843	89.4936
291709	89.1622581349133
302669	89.1147320006
289881	89.0432986576413
305922	88.4853516055
246216	88.4562
312694	88.406076655
303336	88.3217
303336	88.3217
304862	88.2977792392
25512	88.1343
25477	88.1324
58961	88.0720127589
58961	88.0720127589
497961	87.7026
83523	87.5114216525
299928	87.4937055005
298648	87.42
291047	87.3196
315308	87.2990543714
170824	86.5572811733306
294141	86.5426
84391	86.505
84509	86.4530390032
300173	86.402746044
294027	86.2636990436
292810	86.0354
81678	85.9200117071
360557	85.5416
360994	85.3804
366452	85.1197
313018	85.1147
282845	85.1014218164
307050	84.8242
81821	84.7023
84487	84.6852
501052	84.5602306508926
117271	84.5506215692
294043	84.4834
679787	84.1774
313591	84.1262
246334	83.79719421663
29181	83.7416
29682	83.5432339991497
314981	83.4057214284
500244	82.9803421652234
171155	82.9275
65135	82.8713780395
304913	82.8188
292100	82.443689272
85428	82.382772322
312566	82.2981
310392	81.9070312471585
282835	81.8681234944
310358	81.734946037
25431	81.6225
289717	81.38407561
81660	81.2837
619558	81.0900731741
360874	80.9889
60447	80.8569788088142
60447	80.8569788088142
306165	80.8407
315211	80.8245
25668	80.7630351787
24679	80.4042989768
84409	80.3807
300474	80.3673
310946	80.3421
170699	80.3037449786248
317343	80.0033
266735	79.8897145285
266735	79.8897145285
266735	79.8897145285
306548	79.7062
117268	79.4561
303274	79.4153327023
291320	79.1499
80846	79.0374
80846	79.0374
170819	78.9747
287924	78.9199
252891	78.7733
314824	78.757689736
192242	78.5396
499020	78.5047
25359	78.504296591
170925	78.4443
306571	78.1466
683722	78.0363
79250	77.9438
313061	77.8341847512
83726	77.6060527035
170578	77.5471
114087	77.0225
361907	76.8059
64195	76.7877
29694	76.665433610471
360761	76.3436
313053	76.1384
363760	76.0822
301574	76.0739463478
288333	75.8997279901
29560	75.8274617634
303396	75.603341928
287710	75.4763
289827	75.2876
315804	75.1796
316096	74.8403
295347	74.6108020582
286983	74.5371
297334	74.4559273624
29642	74.4318694281
25248	74.3101769538764
246116	74.1123101728403
64565	73.9882
64565	73.9882
295401	73.8739554738
361668	73.7695
300880	73.5199
60326	73.0176
288291	72.8875
315265	72.7624
361271	72.5871
303823	72.5857
25147	72.4926
29365	72.3469076995
170911	72.3098
307296	72.1625
114519	72.0403
302302	71.9916475951
29504	71.6805
252920	71.5836
311860	71.4972
259273	71.4487894284
300756	71.4460371300299
84018	71.279710312
317163	71.2422
83765	71.1158
500988	71.0561
302363	71.0300794543
298787	71.0045
80773	70.6847
295445	70.6803875611
25407	70.643
266609	70.6205
288108	70.3679016448
288233	70.3261512205
680319	69.9901
79242	69.9876434467
308845	69.8732
246334	69.8274695342416
25621	69.6357
298992	69.393901723
298086	69.3819
498999	69.2017640181123
690987	69.105167656
266609	69.0897
307348	69.0675512820859
501854	69.0444
29278	68.9611
288661	68.9508
24617	68.933
170816	68.8066
192178	68.7479178209329
319110	68.6808
309164	68.674394476
310508	68.6333
170914	68.486
304962	68.4001
64845	68.3507
297720	68.3254
84402	68.2889941358
84395	67.8408
367714	67.7268
680445	67.2686090489
29546	67.1683
301121	67.0073
313598	66.9611
296394	66.9162388169176
680419	66.8994
116740	66.8836962352075
29376	66.8630627708
303801	66.5013053706
266803	66.4680303988
305687	66.1536
291182	66.1503908022
302368	66.0749
308537	65.8996
363005	65.8337
360459	65.6546718306
29460	65.647
24791	65.6285
246334	65.5097724642281
246334	65.5097724642281
360511	65.3725547234384
25404	65.3705
25404	65.3705
192210	65.2768
301709	65.1871237105
81919	65.1846
24654	65.1755
316021	65.0296112440129
83532	65.01792178
24316	64.7915
81750	64.788559658
362283	64.7538
679713	64.6829
117538	64.5344807864
64020	64.417
500282	64.2836691202
25671	64.2294
362892	63.8743
314548	63.8291
81574	63.7778
296577	63.5839002624
25285	63.4012
289181	63.3811
308523	63.3579
304488	63.3008228276
60331	63.19879693
84394	63.0725728
287585	62.8397437438
313163	62.8041
303212	62.7313187008406
64394	62.6634242377357
307585	62.6406
689890	62.6301
362550	62.5959
25654	62.4995
25690	62.493794108
25690	62.493794108
497198	62.2908653533165
310760	62.2408
60627	62.2145
25690	62.1483623853
293112	61.9940292765532
29263	61.9103
266808	61.8107
499952	61.7772
310785	61.5675
298859	61.479962719
297386	61.41
171455	61.2977
81508	61.2081962024926
29218	60.9277
64553	60.7825
64194	60.672012396
64846	60.6575
308939	60.5517
25029	60.4783
310250	60.4564
296787	60.0003
29201	59.8546
373542	59.817
365744	59.63615
81819	59.622
308118	59.5617
287954	59.5565
362665	59.4627375205
294324	59.4488949229
84471	59.1379
286895	58.8633
361390	58.8293
114839	58.7409
310288	58.6346
303300	58.5275
311193	58.5003
362170	58.487
303141	58.4432
314788	58.3878
291105	58.374
84018	57.9561
84018	57.9561
296350	57.8346
24398	57.6803898594
362238	57.6684
362238	57.6684
291604	57.653
58857	57.653
307997	57.4782103467944
317218	57.4069
65153	57.1378
100361884	57.1247
307343	57.0913305371159
299638	57.0892
291130	57.0556217431
192359	57.046
361585	57.0118
29157	56.9897
292172	56.9417
24699	56.6092
24699	56.6092
24699	56.6092
24699	56.6092
24699	56.6092
65162	56.4979
64824	56.3384689761099
360718	56.1987
361508	56.1204794177
691278	56.1171
25433	55.9957252765
25267	55.8433
360820	55.8199
301086	55.6304079322
300455	55.5925
25097	55.4559
296121	55.2597
83633	54.9929
305256	54.79
116658	54.4568
501563	54.4425
303731	54.3069
499020	54.2264
294568	54.2227
25577	54.1984
305270	54.0113
302671	53.931700711
117045	53.7668
192204	53.6147
360747	53.562
65195	53.4815340571926
114901	53.3773657742
83515	53.2851
25727	53.2294
65195	53.0156074099521
65195	53.0156074099521
25715	52.9777413000619
83785	52.9661
79217	52.8116
83785	52.7708
83785	52.7708
83785	52.7708
83785	52.7708
83785	52.7708
83785	52.7708
83785	52.7708
83785	52.7708
83785	52.7708
83785	52.7708
83785	52.7708
83785	52.7708
171151	52.7437443094
25368	52.6709
309031	52.6517
306575	52.6195727695
287598	52.5942910501
303914	52.5651
307428	52.5041245884
691149	52.2719
309053	52.2696
282836	51.966282493
282836	51.966282493
59303	51.816
679869	51.76
29324	51.7223
116675	51.7184
298024	51.6817
298024	51.6817
24680	51.5798
361060	51.5791
29150	51.5672
84550	51.5087829439
64547	51.3946556665
140914	51.3138627925
64549	51.3042
24694	51.268
312936	51.2591
296182	51.2427336286
316242	51.2259
170714	51.2236
83580	51.1776
54284	51.0565
54284	51.0318
306492	50.9555723602
25243	50.9154590949475
300284	50.8766079645
305908	50.8195013734
304104	50.7746
64534	50.6502
103691034	50.3399896388
497979	50.2468020582
170902	50.0
310261	50.0
80881	50.0
25247	50.0
308669	50.0
100361733	50.0
360564	50.0
59303	50.0
29331	50.0
171090	50.0
361103	50.0
304294	50.0
307907	50.0
