361831	93.69203
64076	93.48833
306091	92.07108
312030	91.79629
311726	91.38133
297332	91.12801
500000	89.96
64845	89.5531
25687	88.2882
287982	87.4382
64042	87.2704
29201	85.2921
296753	85.2317
290823	84.6651937279
58962	83.9798
298317	82.4407
56817	81.7066543595
310375	81.0622
365571	79.8438
116554	79.5816
298441	79.2971
64366	78.6432
64366	78.6432
50658	77.1804
50658	77.1804
50658	76.9565
361638	76.3098
304410	76.1283612064
311508	75.6663503072
64551	75.6158
64551	75.6158
315804	75.3244285974152
24948	75.2454
313873	74.7758
60466	74.3324478422
83840	73.969
24575	72.709796827024
24575	72.709796827024
24575	72.709796827024
24575	72.709796827024
24575	72.709796827024
24575	72.709796827024
56817	72.5147618819
56817	72.5147618819
305035	71.6354
317630	71.4283
364052	71.4062
290303	70.5846
170577	69.8917
79218	69.529
84403	68.3755
311796	68.311
311530	64.2135
300954	63.4817
25679	63.4606
303836	63.1652
288774	61.5066
499157	60.2899
83518	60.163521546
84380	59.0090171073952
362021	58.4913
64559	58.1428
314196	58.1124
29737	57.738371292
316209	56.8395
292097	56.2946
362918	55.8656
117551	55.6132
307124	55.421402445
306562	55.265773342
315798	55.2257
306128	55.2206
316209	54.9846
311450	54.7343534576
308959	54.6559126453
315579	54.2837
84016	53.9015
291015	53.3093
362923	52.7070468086
293937	51.815
79212	51.6351
313418	51.0125
83576	50.9371
305571	50.8954
500972	50.8362076805
291130	50.7455212317
292894	50.6853
291908	50.655
502525	50.6462
314330	50.0
