288108	98.7667234216
296500	98.24901812803
25537	97.7651632834302
25193	97.62129462646
288108	97.2365164904
305164	96.1083635895007
24167	96.050313540143
24167	96.050313540143
24167	96.050313540143
24167	96.050313540143
24167	96.050313540143
24167	96.050313540143
298410	95.86174
79209	95.725495414228
299825	95.69995098553
689890	95.6709915846867
683077	95.18174
691149	94.9794242722998
291750	94.95840678429
361285	93.8547832717
94188	93.51962
314613	92.47307
681377	92.05544
365755	91.7523048484089
317579	91.36059
289606	91.14004
306994	90.9941082925164
83823	90.90268
295678	90.7830449096
500156	90.58361
58942	90.46091
299766	90.34159
24888	90.3242
24888	90.3242
298086	90.16576
363542	90.1493117158
404280	89.89471856
24397	89.4598
29279	89.285063705
64630	89.2786144666
312828	89.1617495758045
64045	89.1532
65033	89.1384093992
309957	88.5633
311598	88.5323
363854	88.4192
89784	88.2880370356
502901	88.274
64679	88.148
365895	87.8713465774953
25544	87.7798791012
54309	87.6527
309259	87.5219
316482	87.2128520488
363067	87.1267
100362555	86.9457243229
100362555	86.9457243229
500308	86.8535
295645	86.7251
25230	86.6568
84486	86.4666
116690	85.8567549192
116690	85.8567549192
116690	85.8567549192
116690	85.8567549192
29702	85.7096
310785	85.6273
293050	85.4908473152
362409	85.4484
310352	85.3821
296789	85.0446
301575	84.9776478509
170911	84.9562
308864	84.8935033472
100910202	84.8757
293061	84.8052
309444	83.7987
297389	83.7904
680308	83.7802143659
246116	83.6486873166539
301245	83.5473
293645	83.4948
365652	83.439358012
298943	83.2909365865
502886	83.2576
316101	83.0601
303730	82.3363133953914
303602	82.2154101182
64394	81.8511696676
307401	81.844509581
64823	81.6957132052171
29610	81.6928
303101	81.6083812842
304816	81.447
360503	81.4136
360511	81.3405600719758
100361520	81.0997
361601	80.9833847617
114629	80.9753
304794	80.7733658872
299197	80.716189685
50664	80.6729
64373	80.5562
308632	80.4767
309593	80.4393098398
302369	80.2742948992
65208	80.1474085744531
309774	80.1226742553326
60394	80.1049
292127	80.0877
29628	80.0736063201
29628	80.0736063201
64845	80.0509
361159	79.9455071697
360616	79.7540952759198
266803	79.5451
292994	79.487
291000	79.4115
25756	79.1997
290212	79.0545
64370	79.0089
100362347	78.8687
304786	78.8327137313355
501283	78.8173
29209	78.6865
286973	78.4822
25549	78.2822
366975	78.144
116741	78.051
306695	77.9848
296390	77.9684954296
685579	77.8281441246
304469	77.696
360804	77.6278
25546	77.5842
79253	77.3592
288308	77.1978
29591	77.1776541636
316533	77.1228
85246	77.108102634
29681	77.0858
65218	77.0148
360703	76.9962601665
680445	76.9937
114125	76.8065
25541	76.7001
300948	76.5856545099
444986	76.5597310624
24667	76.5266681266
303165	76.5121
362479	76.4989
303200	76.3546
360563	76.0052
296753	75.7202
493865	75.4208
690632	75.4203
314442	75.3992
360518	75.2448394816
64627	75.1169
140666	74.9937439252
24215	74.9065423525
311846	74.586
117519	74.5353
316575	74.4409
60427	74.1224
60427	74.1224
81516	74.1085
361580	74.0631
100362678	73.998638431
305455	73.8919
288239	73.7955
116482	73.480619736
246074	73.4782833687211
300652	73.3685
304157	73.3006117658
361060	73.1901722286773
310258	73.1575
290500	72.8442
290500	72.8442
316214	72.742
286932	72.7256
362481	72.6506
317346	72.5667909238
361391	72.4998
294380	72.3692
289335	72.3307
24398	72.193597387
114521	72.1838
500037	72.1821583467358
25230	72.0775
302697	72.044812912
54238	72.0271
64511	71.899
24600	71.8339
305935	71.7605179218
289727	71.6998835810454
25445	71.6608
289990	71.6146273834
288731	71.4919
310791	71.3998
24311	71.2002
24311	71.2002
24311	71.2002
360827	71.1482
619580	71.1077
309126	70.9470077056
25145	70.8665
245920	70.8386
114558	70.6229
114558	70.6229
113922	70.6108
24225	70.6016514795
24225	70.6016514795
24225	70.6016514795
24225	70.6016514795
24225	70.6016514795
24225	70.6016514795
24225	70.6016514795
24225	70.6016514795
24225	70.6016514795
24225	70.6016514795
25576	70.5407985001
140940	70.529429683
25584	70.4877
303394	70.4821
619374	70.477338409931
25613	70.4599
116665	70.4282578792
306600	70.4127392178
306945	70.3516
316516	70.3184
313348	70.1536
25293	69.7801668796875
310643	69.641018644
287076	69.5894
302473	69.5012
304330	69.2902
170907	69.2577270404
362182	69.2249
94272	68.9720677792143
25466	68.8473405431
362170	68.8420592000683
54290	68.8127
363836	68.6670053461743
314721	68.5991970448
306451	68.251264324
64534	68.1151
304078	67.973754238
266631	67.894
363516	67.8392
317575	67.6839
113975	67.6373157091
171159	67.460576854
296350	67.2514
292409	67.2037
312689	67.1793791158
29619	67.1138606051
293112	67.0196
310086	66.8119692982
79210	66.7483
691278	66.6381
292671	66.426583785
116506	66.3846039754
116506	66.3846039754
303132	66.3547182496
81639	66.3404283088
84010	65.9844
171396	65.9464
361103	65.7062792002
308709	65.7047
291736	65.615612484
84487	65.6104
313811	65.4722638238
64530	65.4701
378947	65.3161
24659	65.2621
360726	64.9278
117280	64.7398
305675	64.7062062579
305675	64.7062062579
498538	64.706
303342	64.55
156767	64.5053
307740	64.4816
286917	64.3533
306657	64.3213
84496	63.8644
84496	63.8644
360915	63.5221
362812	63.4514
314310	63.3353
64161	63.1351
288353	63.0301942616
298095	62.996
306608	62.9218
298982	62.9171
25112	62.8668
315973	62.3898
307483	62.289062866
500132	62.2732838708784
64152	61.8963228665
294071	61.8038
266705	61.5922
25671	61.5628
296408	61.5017606712
311857	61.3627890107
298874	61.3619
310900	61.245
25133	61.1936752868
291019	61.1165
289229	61.098
114492	61.0855
25394	61.005
361321	60.8825
362282	60.8456
282584	60.8304
60447	60.72635
60447	60.72635
170698	60.5619250384
313038	60.4071
309804	60.3738632471
314548	60.2483
310745	60.2167880854
29158	60.189
25293	60.0345443095087
287034	59.9369
25293	59.8820362515414
25293	59.8820362515414
25293	59.8820362515414
24459	59.854651694
294018	59.8228271992
307016	59.7610262908
58853	59.6878
363912	59.6658
29213	59.5273
361624	59.4653
312826	59.3662
362557	59.3042
25360	58.7336706288
288475	58.5
300724	58.443
304286	58.4172244184
294930	58.4085
170851	58.3895
310261	58.3050600081
313053	58.1452
361400	58.1257947586
360492	58.0425
64631	58.013
266813	57.9378
312030	57.9097188055
679937	57.9083970205
297523	57.8569
309922	57.5758
498609	57.5536
300053	57.2942
679712	57.2815
295588	57.2214821614
29141	57.2153
25216	57.1559891552
297432	57.1102343164
691947	57.0905
307075	57.0586
100909408	56.7806
302495	56.713987933
60586	56.7021925608
170933	56.5705574983
85254	56.5561149923
299920	56.5431
308958	56.4503
311901	56.2917
114095	56.1902
361626	56.1236
29516	56.1152
307410	56.0954
25162	56.0294
300886	55.8226518004
295333	55.7858742211
316312	55.7627
83616	55.4116
432358	55.3396
302396	54.784929217
399489	54.6898
25300	54.5541009094
25300	54.5541009094
291259	54.496
291259	54.496
291259	54.496
291259	54.496
83825	54.4725528866751
25083	54.4357
501923	54.3382
308267	54.3362
114119	54.3025
116743	54.1203
287925	54.1127794903
300472	53.9396
305270	53.9268
309457	53.7193
117557	53.68962914
298138	53.6029
298081	53.527
291212	53.3326453342
114517	53.1489
500131	53.142
307343	53.0616799112946
81736	53.0415
303828	52.9303
25567	52.926582946
64545	52.843631814913
25265	52.8393
192269	52.6912
500874	52.4944
304055	52.396
79433	52.3468
309665	52.3354775938555
368070	52.2326
25276	52.2265
192152	52.1797680088
81633	52.1392
81708	52.1119
690139	52.057
65261	52.0119
79128	51.9407
300783	51.7801
306285	51.6827
360650	51.6658130262
289312	51.66123287
64358	51.6505447849957
314432	51.5589
116654	51.5194926006
315329	51.3743
306091	51.36
171500	51.3513
297597	51.3488
171355	51.3303
25359	51.2172
308971	51.1736133913
310698	51.1591
362955	51.0955
362606	51.0217
291610	50.9934
304822	50.8338961345
79431	50.7459163744
78975	50.7318
360613	50.6631866088838
25204	50.6397
300474	50.5029
499669	50.0
363676	50.0
310652	50.0
117017	50.0
291283	50.0
362911	50.0
312182	50.0
102554884	50.0
25491	50.0
25491	50.0
