310506	99.2487810378101
680102	98.83932811444
84407	98.7812648304
312937	97.80225
293142	97.329086549131
316085	97.152411188
84006	97.0256827337881
304741	96.584023163845
360540	96.4288034187147
29715	96.2136038664
25055	94.85823440845
29715	94.5383169911
29715	94.5383169911
29715	94.5383169911
29715	94.5383169911
29715	94.5383169911
29715	94.5383169911
29715	94.5383169911
29715	94.5383169911
246217	94.24614
29511	93.9771906444597
312912	93.835
288666	93.83142
25151	93.7838413032
313873	93.70668
304474	92.3410989581422
303336	92.15304
361439	91.7739119067
362182	91.74828
309400	91.0463493187
360272	90.913415261
680445	90.67683
287615	90.521731756
289717	90.516163918
29629	90.28561
84409	90.27459
295701	89.9845
312052	89.7116
25439	89.6466229768
287828	89.4463
310638	89.196150972352
65135	89.0771237263
311252	89.0581104048618
304092	88.9982
310207	88.9249162699691
113965	88.724
302396	88.6994519386718
25372	88.4843
293561	88.2652
58813	88.1291
140935	87.7111
309456	87.607725962
100125370	87.3168831876
498089	87.2074
29424	87.1772
300034	87.1765
314212	87.0947564816
307724	87.0092037948635
24413	86.8905305212
29463	86.5189
305956	86.3359322568
311847	86.3301
291760	86.2000836914
500430	86.102951571
498130	85.9624019312
288358	85.8201
300367	85.815107296
171148	85.4575
296936	85.2756
192178	85.2406649933338
682902	85.203187948
295428	85.1854
311039	85.1292
301634	84.6075
25548	84.4402
116600	84.1325
298084	84.0509
360602	83.9053
303206	83.8074646616929
289562	83.6273441875
302507	83.611
83526	83.2810431546814
305171	83.2774
170824	83.2607
499870	83.2476
366697	83.19069694
365797	83.1800160478
25310	82.8013
366889	82.7396291554
102548228	82.6613
25364	82.2574
309010	82.1395
29544	82.1042
81749	82.0664
361309	82.0223704756
298103	81.8212
295382	81.7657
293645	81.5673541895
309456	81.504633074
304670	81.502098984
29642	81.459969592
317578	81.2839520235027
282712	81.1379
246075	81.1169689854
312679	81.0752019322
64020	81.0226
313216	80.8789
300472	80.2388512125
314704	80.2011
303336	80.1801
304285	80.0263
360468	79.9777
25364	79.9036
291259	79.8391957564
291259	79.8391957564
291259	79.8391957564
291259	79.8391957564
140590	79.492
316021	79.4083
301742	79.331
117520	79.0211
117520	79.0211
117520	79.0211
310097	78.7125933358019
313304	78.4762
114595	78.4477
306764	78.074832256
361167	77.9543
83571	77.401
313512	77.3616802805
81660	77.3431
286990	77.2445
288593	77.1873
315833	77.0403
302495	76.9773
29600	76.9039
307343	76.836005952
306540	76.5063
29357	76.3815
29357	76.3815
63879	76.075
304109	75.9945388918
301085	75.6534558664
313961	75.5836
303505	75.4768
116675	75.4460035885
25695	75.3058
116569	75.2345
302328	75.1015
58834	74.8498
85254	74.8020154888703
79049	74.6709
364064	74.5579
296956	74.4636
292949	74.2266668746
313678	74.197522424
360916	74.0390534937701
498309	74.0274176244527
94202	73.9308
94202	73.9308
266998	73.6145
54244	73.5482
308218	73.3436
59106	73.3356
308709	72.7024
117505	72.5281
501052	72.4132
367314	72.3149
304547	72.224320058
81574	72.222
93667	72.1735
116549	72.1562
25399	72.1041734458
360785	72.0658
171552	72.0182652799851
311349	71.9957
289883	71.9819
362703	71.8862
289595	71.8154
313593	71.8116
295394	71.5458
191571	71.1904
298019	71.1872327552
94203	71.1621341104
81734	71.0868170288
117264	71.0852416345
498351	71.0784
66013	71.0717421114
29483	71.0292
29483	71.0292
29483	71.0292
29483	71.0292
685144	70.7404
313018	70.6237786
288771	70.525
309126	70.4035
171437	70.3098
246282	70.2882
25454	69.9103409707
361221	69.722
315798	69.6946
299857	69.3278
304832	69.1874
100361294	69.0924518516901
171086	69.0629
366265	69.0006933604663
308582	68.9724
246233	68.9087
60355	68.8854
316539	68.7912821222
25265	68.6155
301416	68.2005
25166	68.1213
313061	68.0017
25361	67.981590972
303803	67.8554
310306	67.3511834634
25478	67.1185
155812	66.895052082
25297	66.860213056
291130	66.6690837506
29144	66.4473023402
299197	66.413496743245
690366	66.3557
29336	66.3271
24944	66.2966
29580	66.275864938
312563	66.2674
24773	66.16745
24773	66.16745
24773	66.16745
360747	66.1473
64001	66.0644
305354	66.0376
300173	65.8552
83469	65.8307
64047	65.6778
292155	65.5616321548978
25596	65.5307
313949	65.4835
311713	65.3353
317425	65.2764
685472	65.2518
399679	65.0972
207123	64.9366
29560	64.9059
94199	64.896
25341	64.8621
295922	64.5355961632
298091	64.5114
295922	64.2987269422
305502	64.2708
291044	64.2506
100126191	64.2447
311332	64.1396
89814	64.1322
363228	64.0790211928
316611	64.0694
117257	63.9339968335
289046	63.9334
289046	63.9334
311832	63.9273060148
84550	63.8896122208
294326	63.8179
292067	63.7358
306009	63.6485
116548	63.5943049132
287643	63.5747679568
24499	63.5505067574309
291877	63.4931
289400	63.329
100302465	63.1815
25528	63.1781354558
313743	63.1265
29498	63.0981
361990	62.9649755056
296762	62.6605
298267	62.6562544
305302	62.6038
363145	62.4381
307820	62.4171352966
64023	62.393115693
114217	62.3577
24813	62.1825280588
310392	62.1678
290519	62.1667
56768	62.1414
60382	62.0586
58940	62.0253
29710	61.9582
171497	61.792
300341	61.725
83501	61.7025
306128	61.6105271081
100360302	61.6025
290549	61.5226
360973	61.4678
311224	61.4180820352
64563	61.292976054709
252923	61.2193
288010	61.2152
303212	61.078005504
289236	60.845
299138	60.7994
497778	60.6763
497778	60.6763
25157	60.5049
24316	60.4776
25620	60.1865046257
25620	60.1865046257
25620	60.1865046257
25620	60.1865046257
245903	60.157939651
25046	60.0281316775
306183	59.7446841337
360983	59.4804684575
313421	59.4681
83808	59.4436
79123	59.1943
307485	59.1715
313049	59.0998
497878	59.048057469
64562	59.0206
312086	58.9855
308362	58.904
59303	58.8780919695
366624	58.8639
25316	58.7297
432358	58.644
307579	58.641
305152	58.5033
304881	58.4580906986855
304881	58.4580906986855
85426	58.2168660343117
25614	58.1557
25628	58.0985
25622	58.0141053385041
25622	58.0141053385041
245926	57.9919
25267	57.9778370843114
245918	57.9771624498
64532	57.9619
308106	57.8989
296395	57.8777811712
64507	57.8550601863
305317	57.8451322156704
308361	57.8440857882017
114861	57.8168008328
498003	57.8030999716
294948	57.8013
80773	57.7162
24669	57.622
679787	57.5509
301242	57.4203
25205	57.4054611767
24831	57.2403289648
24831	57.2403289648
287110	57.1583
406164	57.1409
25567	57.0829967644
29278	56.8534933856
294753	56.7632655317
302424	56.582400952
311118	56.522
83514	56.4529575886
310352	56.4347
316599	56.4189
287361	56.1154
246325	56.1048
25537	56.103211098
313507	56.0272078825
362591	55.991542934
312504	55.9882
304743	55.9069
310152	55.8697
287474	55.8371
305479	55.8248779975
171521	55.7607
81739	55.7265117592
81739	55.7265117592
362918	55.421
308906	55.3311049864
312303	55.2818063259143
117036	55.2192
682930	55.1712
309380	55.1359979968
299872	55.0332
310653	54.8879
315714	54.8745
296634	54.7802
689055	54.7387
641521	54.7253
305858	54.7134
360632	54.6871
25069	54.6318
366595	54.5751
25604	54.5473
361388	54.5043696167002
315170	54.5008
499974	54.3935
296200	54.3455
24338	54.2605
64679	54.2421
365895	54.2392016266
365410	54.1787410585
361431	54.1263
301119	54.0713
291713	54.0579074272
310791	54.0204
307503	53.8933
310086	53.8563251224
29140	53.7506564649025
293677	53.5069
293677	53.5069
293677	53.5069
295279	53.4481
310250	53.4197029458
287418	53.4179115616
304766	53.4166
680486	53.3427
114116	53.3361
315686	53.2851
298296	53.2553435996
54320	53.2442
64363	53.0572
25155	53.0166406959003
313098	52.9121
171113	52.8369
361522	52.8299
303351	52.8059
311791	52.7282
361760	52.6856
140587	52.6855
306608	52.6287
291846	52.5769
500562	52.5294744101984
296115	52.5213
289278	52.5188
29427	52.4639
314964	52.4271
24949	52.3752
361628	52.2821
293128	52.2506
24650	52.1894
306091	52.1725
25328	52.1399
500199	52.1373
259237	52.091836725
171402	52.0695
363287	52.0451
681913	51.8531
24949	51.8298
305472	51.7816
302810	51.7487
79208	51.726
266777	51.547
24651	51.5309
311825	51.3068
294141	51.2193
65195	50.998012621725
362049	50.8989260152
304721	50.6925
29683	50.6637
81645	50.5354
25660	50.5219
292124	50.3595380207856
294324	50.2776278434
308508	50.0
25656	50.0
100362331	50.0
29344	50.0
155192	50.0
310848	50.0
293476	50.0
313352	50.0
300069	50.0
85238	50.0
313200	50.0
313668	50.0
