24602	93.69283
84014	90.9364
362018	89.972778766
305685	89.3811
306322	88.860196638435
316737	88.7477486335791
499941	88.5331
444984	88.5001888739
444984	88.5001888739
79131	87.2317
25673	86.8483
312303	85.7703
313678	85.641
315863	85.3407
361615	84.1121
303824	84.1054
303824	84.1054
171564	84.0586
293638	83.9273860636
295264	83.0819
64023	82.5245955955
691947	81.6744
296655	81.6238
84551	81.0859
363160	80.8269
79428	80.7252
290555	80.3486
498112	80.0974734756942
681578	79.1533
299811	79.1133
84360	78.8847
291180	78.8426
366189	77.9429849608
24831	77.6542497316
24831	77.6542497316
287954	77.6377137424
288740	77.149
362393	76.7228
315789	76.6936
117017	76.5347
317268	76.1538
116693	76.0940291944
689030	75.7495
25248	75.560786364
363026	75.5030429623
363026	75.5030429623
24651	75.3269
298500	75.2612854895795
29524	74.8513
81742	74.8237
312562	74.5838
64442	74.5602234098
500132	74.527185281
287441	74.4376084992
293489	74.0651
117036	73.7216
171009	72.8203
303692	71.7587295947159
29436	71.4751142983279
296267	71.2178
192178	70.9401631825
313865	70.9088
307579	70.6987
313156	70.5968
307343	70.3420636638656
311902	70.2444
170844	69.65510788
360459	69.2134
313427	69.1758656239
246152	68.9226
306862	68.8287
114492	68.3008
307907	68.1452153673988
25022	68.1254
25022	68.1254
25022	68.1254
25022	68.1254
25022	68.1254
25022	68.1254
266730	68.0353
287437	67.9554
66015	67.1756
116467	66.8305
500989	66.7687943066
317418	66.6294
308361	66.4038
171064	66.3335
316413	66.0802
314847	66.0081
29182	65.9122
304900	65.8969733675908
296708	65.8353
83727	65.7896
307480	65.7303
58834	65.6077
306013	65.1776953675
303414	65.07643051
361760	64.9644
303903	64.7568871982
361668	64.6574
362081	64.1909
65208	64.1249176869478
311427	63.9990149604836
311866	63.8005017255
499174	63.6028237444
25445	63.391255666
291394	62.865839953
59114	62.8628
287382	62.8580936124
361959	62.4298
310411	62.2494
299204	61.7340664048
311622	61.5194
366468	61.2864
368066	60.9998
290501	60.9542
315962	60.7906890144
361732	60.49375
290229	60.4763
315036	60.3523
290529	60.224
54323	60.2196103758017
287392	60.1035
312652	60.0852
65172	60.0094451169
296956	59.7795
361882	59.7183
24191	59.6122
54251	59.3357
64322	59.3116278252
362787	59.0918
29364	59.0668
29557	58.847
308451	58.6709178925
295953	58.6251
685867	58.6148
298267	58.4882
117549	58.458
300679	58.4388257057854
298914	58.4329
296969	58.3946
58838	58.3922655051809
314399	58.3727
289400	58.2086
291411	58.0172460112935
171123	57.9800928524428
192154	57.925883415102
304581	57.567162772
313717	57.2602439031899
192204	57.174296572
293042	57.0595
497991	56.8934
683512	56.4982
316136	56.4916
64832	56.3998
311165	56.2996453555
65051	56.1349
65051	56.1349
313478	56.1287
315217	55.8736
690366	55.7535
399475	55.5388
308051	55.5116
317260	55.4819
296968	55.4312510513
84596	55.3116
60447	55.1559
60447	55.1559
288280	55.1431
306804	54.7178
362065	54.6591
312258	54.6153
360592	54.5518
293960	54.4349
360640	54.2787350574
312182	54.2241578397327
25584	54.0517
94189	53.962
117536	53.8635
117536	53.8635
117536	53.8635
117536	53.8635
311384	53.76518115
29483	53.5784
29483	53.5784
29483	53.5784
29483	53.5784
266612	53.5426619496
362930	53.5168
497979	53.3554
362094	53.3547
497902	53.2351
363545	52.8491
291848	52.83412768
362812	52.501256008
290864	52.4612
290864	52.4612
362224	52.2084
315422	51.9508
311334	51.8719
116690	51.7429277223
116690	51.7429277223
116690	51.7429277223
116690	51.7429277223
58920	51.6544
396551	51.6052
574523	51.6052
301595	51.6052
396552	51.6052
396527	51.6052
113992	51.6052
24861	51.6052
113992	51.6052
154516	51.6052
288447	51.4813444006
308445	51.4437
300666	51.436
362675	51.0881676727
115769	51.0803
25512	51.0103
54241	50.8424
313270	50.64748644
294518	50.0
315306	50.0
58952	50.0
298609	50.0
300811	50.0
79251	50.0
683613	50.0
24787	50.0
170943	50.0
