287464	97.49322870612
25696	96.95921
156275	96.853820264
246074	96.8027081931
170673	96.54494505076
25567	94.9946
691429	94.8269533228721
60586	94.1315
298577	94.09492
114507	93.93092
287545	93.5592244038
361532	92.62647
295500	92.28634
192154	92.2010488943087
25276	91.72972
311427	90.9042265853
24565	90.8055
29546	90.7832
311621	90.33326
306619	89.2214
81804	88.89340768
360611	88.7958
84351	88.3682
314436	88.1962531572
79431	88.1231
315346	88.0095768364
679668	87.7431
306504	87.6609
25129	87.5629
316415	87.3875
361846	87.2361
301076	86.9729631512
116590	86.8285704985103
298655	86.607585988
363578	86.5475611075471
59317	86.4938226883
102554884	86.4387956903611
312787	86.341
58982	86.1622509986794
308212	86.0083
25312	85.5543
294948	85.3811
29276	85.1983
306759	84.5429
25155	83.9658368877892
171044	83.8181
313494	83.553
363412	83.32319207
293135	83.1300240792019
360761	83.0880206658
114489	83.060887423
24356	83.0117346763
303586	82.8752053538793
361370	82.7540678327752
25674	82.6853
59317	82.35312946
315579	82.1633
313706	82.1091769236712
116500	81.6475399075
56083	81.554
171129	81.3861
171410	81.2689
553106	81.2361575723799
29364	81.023
404781	80.9356743850002
691380	80.8816
315795	80.8736140888
24591	80.4365
361103	80.0818851685566
308739	79.8999383432768
292804	79.810053952
116493	79.7225
304741	79.687056505
497961	79.6245
290628	79.5851
192183	79.4965510529295
246254	79.412557005
246254	79.412557005
293990	79.3495
24596	79.287
316400	79.2817
365583	78.9698
116543	78.9632
60666	78.8063619344
366473	78.765
24848	78.6539417686
54398	78.5333
362891	78.347
690366	78.2874791704
363278	78.140986726
24784	78.0066094249
114246	77.9374
294065	77.8003449124795
305451	77.7047504746891
308473	77.2036
292843	77.1533
288259	76.7963531144
310791	76.6667
287940	76.5347463352
296654	76.465
365592	76.454548528
361822	76.3933587838286
613226	76.2790309568308
304666	76.1321
290315	75.8120686339
58945	75.7806
360967	75.7602
363153	75.5913
314619	75.3099
314647	75.0153554135
307997	74.9743192952754
25735	74.6077546503532
25735	74.6077546503532
25735	74.6077546503532
501854	74.5029299271239
29642	74.3261994577
306860	74.1134091304641
311860	73.221271960096
361843	73.1971307047
25259	72.7468
58921	72.6904363048
304962	72.34234564
313131	72.2458
64394	72.1507
315463	72.1162
29633	71.7674475848
304900	71.701992550234
361798	71.4599
56725	71.4434
361674	71.4238
363135	70.9478
293710	70.8514263676009
317259	70.5526
259237	70.2764194895653
366988	70.2168
64530	69.9295
295586	69.8294
296267	69.784
171571	69.6363710101532
289229	69.4500100518035
311419	69.2725
116642	69.0985989387
171356	68.589563092
500132	68.5708
114845	68.5640964428715
312675	68.5137
290356	68.4915099249318
24888	68.3571549914486
24888	68.3571549914486
311854	68.232299808
360468	68.2103076493
315548	67.9628
192172	67.8811
25243	67.2128384443389
64204	67.1282
64204	67.1282
64204	67.1282
64204	67.1282
64204	67.1282
64204	67.1282
64204	67.1282
64204	67.1282
64204	67.1282
64204	67.1282
64204	67.1282
306324	67.0076
50688	66.9475034509
29182	66.6639
360709	66.5043
140943	66.476
24408	66.369
24408	66.369
24408	66.369
24408	66.369
314310	66.3047
309858	66.1542
303730	65.793879576
25373	65.7395
266600	65.7393
360820	65.7296204605
83825	65.7285542271972
689116	65.5874
362199	65.4655
54299	65.2482
361245	65.2172
306091	65.1942
494343	65.1765
365407	65.1637
301085	65.0936
311842	64.9332552506
64559	64.758893671
299204	64.7124928393
316242	64.6109966776914
303181	64.4113617429439
287115	64.2439
309729	64.217813616
501096	64.1504349865
24414	64.1456634101
291824	63.8144
117520	63.7841
117520	63.7841
117520	63.7841
25055	63.721453696
690575	63.6811673623
314910	63.4939
24817	63.4808391597297
171434	63.4622908199688
83799	63.1534
116478	62.8591169998
29497	62.7787338112
29497	62.7787338112
303882	62.7558
687266	62.4033685645002
287989	62.3445274966
24408	62.2615
24408	62.2615
24408	62.2615
24408	62.2615
25267	62.203239964
303888	61.9819
316737	61.974565136
360904	61.9262
24805	61.8581100902
65202	61.8400535428
306809	61.6842820273
317494	61.3083
266735	61.2992
266735	61.2992
266735	61.2992
64626	61.2526159961
294499	61.1715010993
117101	60.89360523875
444985	60.8399691092
297455	60.7982
310698	60.6173
310633	60.6086
50664	60.5864
29632	60.4364
399475	60.4163
365380	60.3334297506147
360665	60.1847
25715	60.1433062536856
310764	60.0847168031306
26955	60.0136
25007	59.8463473264661
366274	59.7935521947883
310698	59.5745
315218	59.5167
116506	59.4668
116506	59.4668
116690	59.3632228163771
116690	59.3632228163771
116690	59.3632228163771
116690	59.3632228163771
24546	59.238250426
297334	59.0739
313772	58.7809
685072	58.7724586156
685072	58.7724586156
313243	58.7429
680945	58.6002
313348	58.4976
309060	58.4458408626
24318	58.4199
312563	58.154191140445
24215	58.1011
313786	57.5741
301737	57.5611256067
303250	57.4801
287009	57.4762
84575	57.384479527641
289178	57.3111296894
287478	57.2950623988
301009	57.2302067887
29520	57.1860480570089
314288	57.1486
303073	57.0815569051155
63836	56.9894017342
117556	56.9235536164
266711	56.82790003
295455	56.6014964194
365468	56.5436716412
304486	56.5172992463292
64846	56.4693
308594	56.4344
54282	56.2427086447103
60434	56.2376847194
360389	56.1995
314405	56.175253606
29415	55.9519714534
171072	55.847
64042	55.7587
25744	55.7115287489164
246314	55.6672
305889	55.6004
641316	55.563693418
25116	55.5536
24680	55.4902
58959	55.3738
58959	55.3738
497010	55.319986657
25743	55.1950972444974
288239	55.1758
310086	54.8299083003
499951	54.7261054208
64462	54.5888809675
360658	54.5588942176
299356	54.489793582
314746	54.468
306571	54.4025
305234	54.3985
140595	54.3545651709448
65208	54.2379096719875
366061	54.0733
309400	54.0317
81530	53.9526
64457	53.899520545
64457	53.899520545
64457	53.899520545
64457	53.899520545
64457	53.899520545
64457	53.899520545
308345	53.828
689388	53.8239
94338	53.8021341097999
309544	53.7903708181134
363140	53.7872
311405	53.7856326505
64547	53.591496256
140607	53.3832
25096	53.363611178
291327	53.1817
140666	53.0882
361711	52.8363
83726	52.704
29436	52.6954359604
315478	52.6676
312113	52.6199316095
25480	52.5917
360534	52.5398
365755	52.444817916325
79119	52.34791366
368002	52.2
303101	52.1615371752493
296271	51.961985592
313575	51.9516966757455
311617	51.8093246631411
317498	51.6173756008
304218	51.4865
304218	51.4865
497815	51.4744
304325	51.3372
500709	51.2398
83466	51.23556361
291314	51.1372266702745
315139	50.9368153636
289745	50.8049
313512	50.7301667558
171056	50.5745
314321	50.5394
313717	50.399597197
294335	50.3982224736
289399	50.1605589673
361784	50.0
117185	50.0
361784	50.0
315686	50.0
