500616	99.211030898564
64017	98.94225625918
83807	98.21513166412
302671	97.9747518384
84410	97.97012052684
276720	97.5275058518741
116487	97.18198558936
308795	97.18016
85238	96.8884504824105
365583	96.85589
360637	96.79767
246297	95.66458991218
309871	95.588570559
85385	95.5468404936
362264	95.42099867248
282836	95.1110026833
282836	95.1110026833
498130	94.9837037845993
24370	94.75238
366697	94.6643706958822
295378	94.63832
290228	94.39373
303604	94.0837827204435
114511	93.94453
316064	93.89957
24782	93.85419
289175	93.84923
25405	93.75883
114481	93.66445
308468	93.56563
117059	93.37539
366061	93.32802
298065	93.2629
314180	93.06879
500564	92.9815519600844
310538	92.97213
360571	92.7967204834
25351	92.70083
24629	92.44672
679906	92.2891400526
363243	92.11815577498
290364	91.93282
309457	91.88348
292263	91.78354
314964	91.7360752583861
308173	91.2951
304091	91.25585
291211	90.8575735047626
360526	90.76341
554172	90.65295
292139	90.58586
315798	90.29942
25745	90.19966
81733	90.13803
309659	90.069728935
65189	90.05843
293186	89.8005
301085	89.6615770702187
362265	89.619
171102	89.5928
360726	89.5668
298744	89.4919
64124	89.4352
298091	89.2985495049853
297989	89.2086
60447	89.1874488135
362265	89.1736
302248	89.0506
311252	89.0115603515
297867	88.8244
295251	88.7643
114122	88.7417
361732	88.7143
25231	88.7017046374
85385	88.6649057823
313478	88.5935
313742	88.5465187757959
60374	88.39646212
292756	88.3726
170908	88.3673
29502	88.3637
257646	88.2173830735
24587	88.1925
294014	87.9854
170907	87.9356
81682	87.8571
303206	87.8468
306492	87.7292
312566	87.7272
680308	87.6699431236
306009	87.5696697206158
81810	87.343
361400	87.2738836516
298982	87.2717
24779	87.1989
308831	87.0667
498666	86.9457
289900	86.8827760876
85431	86.7289
83614	86.3641
114122	86.3387
114122	86.3387
114122	86.3387
691149	86.10894226
306014	86.0133
501083	85.9819
300870	85.9751
360823	85.941724712
308451	85.9333
315870	85.6936943028709
300813	85.4351
304881	85.2821
304881	85.2821
317391	85.2532
305104	85.2037
305831	85.1862
361289	85.1771
314612	85.0087
116665	84.9021
291981	84.4989
362788	84.4215883893
315438	84.2598
309135	83.9639
310791	83.7696228898
293453	83.7195547894
689030	83.6551
25745	83.6497
65162	83.5572
310849	83.5555446253
362900	83.3598
312915	83.3482
83527	83.2499
246295	83.0281
308592	82.9054
29622	82.789
303754	82.7873
680133	82.6132
300120	82.5549730804
309031	82.5232
299138	82.5015
64440	82.2458
100362805	82.0188
311508	82.0022
298019	81.78159315
25055	81.7721
295245	81.6179
295382	81.2570948016293
292295	81.1923
295445	81.1879
304758	81.1755326177
361832	80.7571200379
102549710	80.7172
287076	80.5963
89842	80.4973
309722	80.3778
363854	80.3418
85243	79.9897
24522	79.9828
94268	79.8649850401
64534	79.8388
310753	79.6057
305230	79.5914
117035	79.5638
63883	79.4454
85253	79.2324
291212	79.1225474592
25489	79.1092
303016	79.0731
64630	78.74210845
25507	78.6611
54281	78.5857380019
313020	78.5773
287191	78.5692
360972	78.4967
317163	78.4486
685465	78.3288
298757	78.2007
306600	78.1434073458
287638	78.0436
24398	77.9866349203
85428	77.9778
305972	77.8509
361940	77.6949
65261	77.3891
25162	77.3737
296272	77.2244
89825	77.2193
83833	76.9667626936
25014	76.8952
140928	76.7302
140928	76.7302
140928	76.7302
93646	76.6802
60427	76.5138
60427	76.5138
259229	76.512
360600	76.5102
307480	75.7298216245
311355	75.5681799295
303824	75.3456
303824	75.3456
29715	75.3342
29715	75.3342
29715	75.3342
29715	75.3342
29715	75.3342
29715	75.3342
29715	75.3342
29715	75.3342
29715	75.3342
301007	75.1489
24192	75.0656
312728	74.782
292401	74.6362
362962	74.6326
59319	74.5311
292406	74.5259
287408	74.4668
404783	74.462
246120	74.4383
296956	74.3026071016
65196	74.2631584652
29577	74.1976
305679	74.095
79210	74.0030257574
360779	73.7271
306007	73.6478
310506	73.4904551029634
192204	73.480002891
24318	73.1445
58976	72.9776
360492	72.9514495568
83532	72.9438
81512	72.9346
311658	72.9115662096329
170909	72.8834
294010	72.838779907
306129	72.7272
360549	72.7062
361715	72.4442
304488	72.4262
361073	72.4123
24590	72.3996121996
296623	72.361331292
25600	72.3141
289014	72.1735
365895	71.9956
29456	71.9235
29579	71.6797
293112	71.6709644608563
60447	71.5388128344
362938	71.3994
298069	71.2611624372118
170837	70.9963
304474	70.7747
360678	70.7689
171373	70.66121294
298655	70.5507865882
83635	70.4995
29332	70.4546
361167	70.4114
361554	70.0581
290633	69.9985
498798	69.5324
361195	69.4986
294862	69.4691966219
303478	69.0539
690366	68.7232
291770	68.6877
501195	68.3567
309255	68.3207
290029	68.3012
296708	68.239549023
363266	68.0788
25485	67.991897516
293736	67.9341
310086	67.9085
316333	67.9066
315689	67.6903605088273
310848	67.2393
116690	67.2393
64203	67.225
304741	67.2025750582119
317435	67.046
89805	66.9539471569
309156	66.9527
298652	66.656
25196	66.6373
303547	66.6113995715
305604	66.5095
295106	66.4281
252916	66.4116
500040	66.3151
362972	66.2647
313845	66.1799
24483	66.0091
24483	66.0091
24483	66.0091
313429	65.8499
378467	65.6448666875604
298767	65.5667
501925	65.546264262
360511	65.5337790923
114300	65.4508
362339	65.3688
113970	65.3173
54248	65.2906
65157	65.2417
307483	65.1943
315891	65.1121095402
64028	65.0555
64532	65.0377
313391	65.009
102554884	64.9525
315272	64.9323
24401	64.8453
315136	64.6122272707
303311	64.3361
299811	64.28885
25468	64.2002
361384	64.1829
293016	64.1193906718
293016	64.1025256756
313557	64.102
363062	64.0064
367314	64.0029
310721	63.9135
316328	63.7518302336
25469	63.744
313035	63.7326
288743	63.639
303518	63.5177
29591	63.4396
117538	63.4343
317425	63.3482669242698
24356	63.0049
29492	62.8891
25328	62.7226
54702	62.6427
311840	62.5569
24379	62.5524
497974	62.2887
311881	62.2618
311785	62.0339
29611	61.9432
300455	61.8953
192256	61.869100453
192256	61.869100453
116839	61.7613
116839	61.7613
83527	61.7213
83527	61.7213
83527	61.7213
64088	61.6922
309969	61.4688
287552	61.3976
303836	61.3538
25360	61.3499475502
81824	61.1842
361659	61.1255
24916	61.124
301575	61.0993
292301	60.9019
24249	60.7523
362485	60.6285
24948	60.4723
116546	60.4389
305310	60.4371
100911796	60.4085
100911796	60.4085
362510	60.2934714987294
361213	60.1952
84395	60.1307
306768	59.9695
360801	59.8939
312689	59.8856
290315	59.669
690853	59.6416
361472	59.5957
25441	59.5132
314465	59.2768
25060	59.114
364976	59.1082
299204	58.980769819
298683	58.6210718668
302373	58.555140691
24373	58.5458
309053	58.2749
26759	58.1527
65207	57.9891
364754	57.6041
29650	57.6015
116600	57.5399
315851	57.524
312030	57.5133138724
25615	57.5027
65205	56.9467
315829	56.8351
24660	56.7936
305253	56.7775690105
287927	56.695
114096	56.2743
308890	56.1707
313022	56.1234
361215	55.6319
308971	55.5815
498140	55.4754
296653	55.4406
299730	55.2842
83805	55.2766370104
65154	55.2510786676
689364	55.181
113886	54.9096
501099	54.901
83507	54.8909
79123	54.829920937
499947	54.7978
116470	54.7848
140914	54.6054
689043	54.4391
171093	54.4142
290829	54.3374
315121	54.3329
308336	54.2813419459
287644	54.2734
314637	54.0977
363442	54.025671071
171434	54.0008
498112	53.8215
24938	53.7986
311839	53.7917
305156	53.6954
296624	53.4784
308959	53.4769
100362555	53.467
100362555	53.467
310677	53.461020418
192247	53.4192
29497	53.2356
29497	53.2356
300674	53.1782
289201	53.1455
498486	52.9182
498486	52.9182
84551	52.903
361970	52.8516302331
306204	52.7869
290705	52.7198
295327	52.6736217567
308023	52.5997
103691034	52.546841434538
316256	52.5437
292172	52.4521
301235	52.4289
64531	52.0364619136
306695	52.0034
293344	52.0001553072
316021	51.8897630304
288908	51.8777
292168	51.8223
289482	51.7791253132
288364	51.6598
288151	51.5971
310375	51.5935
310811	51.4125
303332	51.3801
117259	51.0807
366568	51.071
691209	50.9458411868855
24895	50.7517
246253	50.7363
303200	50.6895
312903	50.0
25729	50.0
94174	50.0
81736	50.0
360619	50.0
307833	50.0
311913	50.0
