290633	99.761538052181
314824	97.4860418270012
311450	96.87072243859
298757	93.71421
25369	91.57448
84469	91.40661
316085	91.29653
65178	90.39568
25385	90.32293
29699	90.01086
293684	89.5871
85260	89.2562295276
361727	89.1975935575
308097	87.9348
314616	87.6164
29647	86.4601
81743	85.5006
81743	85.5006
81743	85.4748
298074	84.722785138
315405	84.5635
501454	83.7014
501454	83.7014
65180	83.553
170917	82.7103
304592	82.5045
83589	82.2466
116728	82.066257115229
360619	81.9445
81672	81.8941
499974	81.5048556958
688276	80.7164
116659	80.3596
116659	80.3596
116659	80.3596
365245	79.7062189988
311730	79.6327
309053	79.3571
287930	78.2856
310685	77.9938
641525	77.2217740135
360646	76.8842
313770	76.875049696
316018	76.5797
24218	76.234539088
50566	75.9345042864891
499361	75.4358
170837	75.3692
311615	75.320284576
361137	75.0898785566
24161	74.9407
24161	74.8831
553106	74.6972252254
305448	74.5177
289178	74.3490532181
361554	73.6662
301306	73.6583
289810	73.4466
366492	73.1244
155192	73.110709035
290623	73.1082
304218	72.9614
304218	72.9614
361065	72.7462
287470	72.6998
315073	72.5728
293061	72.5028
305974	72.2164298662
290562	72.1985963275217
291637	71.9922228549327
252897	71.9922228549327
498847	71.9922228549327
252895	71.9922228549327
291635	71.9922228549327
116782	71.9922228549327
29524	71.9262
296161	71.3658513516
363577	71.1538873230504
361522	70.012
29753	68.4837
306582	67.9771
360632	67.9506133968
493810	67.0043
29642	66.8652
681178	66.6715
361550	66.2251
315758	65.9776803826
100188944	65.5505
100188944	65.5505
307449	64.875560518
362835	64.7336200884602
296372	64.6014
308857	64.270902235
64846	63.5384
294429	63.4387
497811	63.317
308918	63.18413782
315094	63.0444
25411	62.9425
117240	62.6062
317219	62.5485
311857	62.2243416760742
114901	62.1769700032
140860	62.1547839798808
309722	61.7764
24766	61.5981
313370	61.5210629796
305451	61.1813
362316	60.9651
306011	60.8113
308875	60.6931
24499	59.6883
308015	59.5400891824
315311	59.4473
315311	59.4473
315311	59.4473
114501	59.4232
25275	59.4168502012
688673	59.295
298280	59.2577
310461	59.1662
303068	59.0561130554818
310693	58.833
363412	58.7778
192181	58.366928849
298370	58.1883
80849	58.0983
24605	58.0464
117257	57.9847416352
681211	57.9318
25576	57.746
81741	57.7331422543
58958	57.5848
29602	57.5411
315033	57.4579177096
287208	57.3504
310395	57.0741
311412	57.035229644
25335	56.5194
311721	56.4804303448
24667	56.4559
81722	56.3553
64824	56.054554447
364419	55.6146245872
498909	55.5598
366697	55.4682
25482	55.4503
29737	55.3933
24611	55.3882513354
89803	55.355
81676	55.3409
25364	55.2168
315348	54.8942
116673	54.8680725388
65157	54.8512769708
362264	54.5954
619558	54.5292
84395	54.3309
304666	54.2398
360860	54.1504
291445	54.0712
81663	53.8895665995876
311299	53.851
312912	53.5546315616
65168	53.4895218175
317435	53.265435376
686189	52.6657
65248	52.5545
65096	52.2396
689593	52.1431
362788	52.1172503896098
117130	52.048
25043	52.0205
361618	51.8467
315333	51.8366559424
497961	51.4220112052
313668	50.8389
287148	50.8289
308708	50.8248
290668	50.7998268338385
25117	50.7249
317464	50.6281
287942	50.6181
314897	50.5691
81917	50.0
54282	50.0
65198	50.0
299920	50.0
311548	50.0
295445	50.0
81917	50.0
685607	50.0
296500	50.0
