314930	99.2000445445408
100360100	97.266003439158
289201	97.0222634264927
299730	96.4375262992
306548	96.365325
290705	96.34399341985
24948	96.1914904747991
29157	95.9751958670383
315666	95.9698517508
316369	95.01526
306104	94.91057670734
301309	94.78414
312927	94.237328949891
286932	94.232135095
353218	94.20343426
117515	94.141869799689
29216	93.93524
295143	93.87149
246232	93.580333349
432358	93.3857744203927
65162	92.8547033339104
79252	92.66313
295607	92.1590830546
690528	92.05095
302864	92.0267738125
64206	91.6824
361831	91.3989101285
58978	91.10686
58978	91.10686
58978	91.10686
64474	91.05771
286973	90.990213
85246	90.63353
84383	90.48055
25589	90.4310453646426
365755	90.2937195261325
295649	90.2567347768
291084	89.7301281358
297930	89.4232
246116	89.4186082862827
116641	89.3581
304109	89.2868426698
313098	89.1344
365652	89.0733622425668
298317	88.8817
680133	88.709
291078	88.4411
299138	88.0238155504
432360	87.9958
293142	87.9595648765
291340	87.8764
317343	87.3754
297093	87.1999
290986	86.9409
117553	86.8581773132
306129	86.8010756705
100360501	86.7861
100360501	86.7861
100360501	86.7861
295347	86.7713
311024	86.3272
63836	86.2394
303233	86.1640689199243
294790	86.0255
117026	86.0018
192129	85.9418
308051	85.8723
308568	85.6099
679934	85.4212
304124	85.3214007996
313061	85.2736
313481	85.1638
306260	85.1162
289315	84.9913010849
363445	84.4429
25650	83.8559
309255	83.683047762
58823	83.598
317235	83.4877253294589
310306	83.0287549744
307171	82.9846
81813	82.8741
301634	82.8641
64443	82.7373717178
308666	82.6551
305687	82.5753
116562	82.4575
360764	82.4527
362587	82.3650688004
171087	82.3322020158
315210	82.13165
314630	81.6664
365895	81.4326173376
84407	81.3082
314320	81.306
305391	81.2552
246334	81.1541
246334	81.1541
301737	81.1239
246334	80.7349
246334	80.7349
310791	80.4135586616
619558	80.077269787
361838	79.9995
315958	79.8549
81672	79.8513
314941	79.6388
289400	79.5173771239
317346	79.1537
311726	78.5250719592902
246323	78.4084
362779	78.3951917023
690139	78.3722806599446
29163	78.2394
287927	78.13124425
315608	77.8792500176
252971	77.6875
366061	77.3783
366889	77.3642
295568	77.1567
85428	76.9324
83836	76.89241541
29733	76.849
29187	76.7277
308283	76.6836912092
289883	76.126779014
307348	75.9668
304218	75.936891343124
304218	75.936891343124
85430	75.9299
294421	75.8907
311405	75.7074
29244	75.6086
689931	75.5853
266803	75.1252
293060	75.0165440402
304150	74.931
114558	74.9104
316013	74.7257
314743	74.682
360739	74.6436
690911	74.4544
315949	74.2563316951
305884	74.2457
24382	74.1688
60427	73.80630784
60427	73.80630784
303443	73.7374627285
117540	73.6275
362733	73.5495808317047
353316	73.4753
313913	73.3537
298443	73.2593
691947	73.0385
54230	72.98535
303599	72.9272
81801	72.904481434
84396	72.6627
25515	72.6198
362740	72.5329
170946	72.5327444616
25690	72.4831
25690	72.4831
83681	72.3863
309523	72.3824
309812	72.1402
25690	72.0744
501083	72.0599
360886	71.6577
59303	71.1491
306278	71.1064672972
63834	71.0289
360557	70.9606
295105	70.9453
83842	70.7086
685384	70.5701
78968	70.4775
78968	70.4775
360511	70.4352598005134
25361	70.0974
303132	70.022828122
83462	69.6612
295457	69.4945
29721	69.2452
290396	69.0546
362609	69.0176
364224	68.9459
361986	68.9111
293645	68.8272738504
29591	68.5415820830351
299766	68.541
25485	68.3322
311872	68.29675642
294380	68.0675
294410	68.0154
24667	68.0021
25549	67.8681317331
84496	67.680592786
84496	67.680592786
317274	67.225465774
24913	67.0805
361258	67.0409
304791	67.0060056807
365872	66.8377
310801	66.6746
83824	66.6552007671628
295342	66.4798
29275	66.3069
305367	66.1561
360726	65.9444
56766	65.7978
114629	65.6323
303101	65.491
116677	65.3978
84550	65.3456
289392	65.2041773869685
288291	65.1128
259241	65.0505278476658
287593	64.9324387311854
365963	64.569
361030	64.5543
362738	64.4598475452
300664	64.406
295674	64.1871
307986	64.0474
25576	64.016
303905	63.9201
117274	63.865
309804	63.8198595632
83497	63.56295
364033	63.51478734
313994	63.4833939607
311406	63.3612
155918	63.0148
292090	62.8798
84357	62.5763
363221	62.5024
362733	62.5005486522024
364678	62.4783
171113	62.44
298874	62.4042034624
282832	62.3298365562
24318	62.2697
29218	62.2081
680066	61.7165
140908	61.5459
303016	61.5311559991
690366	61.4957079437
192350	61.4933400052
83619	61.3391
291015	61.1004668341
29672	61.0784
301446	60.96
297483	60.9024
312952	60.89724804555
315305	60.8835178225
501502	60.7417
84488	60.71185
25686	60.5296859772
24766	60.5055589033
25065	60.481
25065	60.481
29146	60.4794
691337	60.4643
314856	60.2319
58952	60.1913
29464	60.0003
100233177	59.9706
360600	59.878
170911	59.8642
65155	59.5989
306571	59.5797
116469	59.497
24907	59.416949656
288236	59.4159
363249	59.1294
307820	59.0639166314
83588	58.6033
303351	58.5645
502674	58.5386145283
305268	58.5361167759185
687090	58.3919965975
303100	58.3359
65196	57.9028412197
79426	57.8071
25102	57.71739404
24552	57.635141514
687090	57.4656756796
114901	57.4411
59303	56.6944
296049	56.6908
65040	56.581
65040	56.581
689890	56.50748577
362665	56.4169910784
29221	56.3278
361632	56.3067121628561
117061	55.948060928
79434	55.9462
366697	55.7991
29482	55.786
171120	55.7378
114558	55.7092
312248	55.4378
246253	55.2513
313323	55.171602858759
363005	55.1047
498560	54.9721
307905	54.9138
298894	54.899
25469	54.7199
116721	54.7153
292305	54.6436
287361	54.5785
362860	54.4759
498266	54.468451792
78956	54.1526959418146
310806	54.1358
362501	54.0748
286984	53.9965
361920	53.7395
287185	53.7309
297607	53.5824
170920	53.5656
294962	53.5403181592
25537	53.5185
24967	53.4920186131
83684	53.3178
65261	53.3043
100310874	53.2424309922
100294508	53.2074
361921	52.6912
498659	52.5024
313352	52.2597
684112	52.2523
289560	52.1141
83825	52.013019178
297867	51.9248159665
293660	51.7814
361213	51.7062
315789	51.5368232863
289608	51.2647
303745	51.1889
309419	51.0679
310969	51.0034381161
100328908	50.9976
362161	50.9692
679640	50.965798579
29331	50.3143111290794
305256	50.0
298189	50.0
25404	50.0
301086	50.0
25404	50.0
81507	50.0
