315139	97.5413468118284
29200	94.06226
498301	92.22737890404
171447	92.0492483384
171447	92.0492483384
171447	92.0492483384
171447	92.0492483384
171447	92.0492483384
171447	92.0492483384
171447	92.0492483384
114114	90.95814
24831	90.6912663087344
24831	90.6912663087344
299979	90.4858573316
64159	90.39633
25272	90.1551
25272	89.986
25272	89.986
300253	89.8951
293996	88.8694
296789	88.3234
287119	87.9004
298576	87.1031
83465	87.0105
246046	86.6184
287441	86.0814156244
305624	85.9878
289668	85.8224
291582	85.1997
94201	84.7663
361831	83.7676032778
301261	83.5578
116996	83.4045
289307	83.0116
24268	82.531788114
64364	81.920133504
314380	81.5707
362665	81.5677209007
499431	81.2631
192181	81.0755207744921
298091	80.3077
54227	80.0023
689030	79.015
192350	78.9267
24766	78.5377
192178	77.8679797273
309639	77.6998
303298	76.6286
309901	75.5746
295327	74.912609958
309179	73.7466
362587	72.8629
308140	72.6307
170843	71.2905
296541	71.2397
83518	70.8175
171387	70.5578
296281	70.3934
311118	70.2369
292172	70.1906
295325	69.8423685864156
294431	69.7242
294672	68.6695
295322	68.1653392413
299858	67.1549
60443	66.9486
60443	66.9486
60443	66.9486
316632	66.8351
360750	66.435
301446	66.0447
362912	65.9732
314352	65.8142
29694	65.559
308282	64.3567
116668	63.1265
170920	62.8229
295333	62.5418
287275	62.4943
246264	62.2589
302373	62.1502818072
678759	62.0136
361751	61.8174090766
171079	61.5971
24539	61.4577
24706	61.1442
305497	61.0319424646
498185	60.964
500244	60.8755
307070	60.7528
81005	60.0994027565297
502603	59.564
29525	59.5121
360917	59.5075
497878	59.3951
360643	59.202
117061	59.0017
313554	58.9119982361
79433	58.5313
365802	58.4728
302934	58.0804
308709	57.7790930756
313308	57.664
300089	57.582
305851	56.7473
363599	56.5450848968
24650	56.1392
313668	55.7785
85249	55.74
289584	55.1592
84488	54.9033
171113	54.8139315946
360468	54.7657
171111	54.4114
25105	54.2617
311349	54.2398
295382	53.963
25135	53.5146
25265	53.4348
81750	52.9706289532
114613	52.9324
24777	52.0819
500598	51.5739
690745	50.9579
65205	50.0
