24703	97.1874886359434
309526	96.13846
29721	90.49135
29502	89.973
290447	89.5463
25666	88.1308
497954	87.8104655172
64562	87.1460247697
114901	86.8100538896
316344	86.557191862
360905	85.6073
59102	85.1869
313575	85.0703195898764
287828	84.7479
690195	84.6271552155059
246117	84.1502
85434	83.8604
298836	83.8546
683570	83.6201
293155	82.4865
65271	82.2334
363735	81.180949995
25567	80.7635
24167	80.5549
24167	80.5549
24167	80.5549
24167	80.5549
24167	80.5549
24167	80.5549
361065	80.165
313231	79.8696
315159	79.8573
29138	79.5211414795
304884	79.0204
619558	78.4965
29338	77.7682
287110	77.6157
287822	77.1628774996
25023	77.1378
498130	77.13096675
260323	75.88240299
361651	75.7907
362955	75.4526687325273
24539	75.1097
260323	74.9839592223
361030	74.4170589448211
297416	74.262
305310	74.2359922272
297685	74.1732
288647	73.3051841207876
60447	72.9166294004
60447	72.9166294004
24406	72.8912
310506	72.8469436523015
100126191	72.672591402
84496	72.6366
84496	72.6366
299611	72.552839631139
24465	72.4531
65134	71.9478
25317	71.8413
311427	71.7693648800156
361095	71.3454
361745	71.0875
24888	70.8172826766668
24888	70.8172826766668
287873	70.6117
80843	70.590223681
299201	70.5744
114489	70.5348
25367	70.5095173693
25367	70.5095173693
25367	70.5095173693
25367	70.5095173693
361439	70.3445
29713	70.0797938185
303234	69.9707
315047	69.9488
287472	69.3707
362268	69.2807696855
24335	69.0374
29473	69.0371055235
286928	68.9476
300121	68.6701
299897	68.5316
292098	68.0778897176
29140	68.038
116467	67.9899
24817	67.6710229416029
291848	67.4389752345
85249	66.998632734
114203	66.9584
500244	66.8776377678822
501002	66.5224
309478	66.2297
685144	66.1258
29525	66.049
293570	65.952
295325	65.8875298706
25416	65.8659539294
300901	65.4307
300901	65.4307
366960	65.4165
365895	65.276820218
81821	65.2231
25253	65.2071844726
501097	64.2906989705
304285	64.2767
29359	64.152
117271	63.9232428472487
298517	63.912243322
361103	63.8317137296254
291962	63.8273747914
292139	63.7632
290280	63.5884873152
25633	63.515
24414	63.2042243456
29417	63.1059
307810	62.7339489234
360895	62.6657
25492	62.4541
364419	62.4428
100910806	62.4424
292139	62.3448
300733	62.3318
79212	62.2419
303547	62.087677954
311865	61.9651
364052	61.771
29650	61.6779
78965	61.5193
58819	61.4199
290668	61.2670858586447
689995	61.1532711335829
690139	60.9938
360814	60.9524
296624	60.9147578018
305078	60.7868285489
54254	60.7098353252
305066	60.1277
29204	60.1275
361920	60.0132
29755	59.9170719187
680493	59.8524
310644	59.8406348736
679028	59.7651598932
314386	59.6576
313557	59.5228
305897	59.5213
641386	59.4037543146
301229	59.3122
192211	59.0893450474
289717	59.07355
308326	58.9605
25645	58.9397
117551	58.8799
362591	58.8006324397716
293694	58.736
313375	58.7042464244281
687031	58.6398
500988	58.6008
29723	58.5226092674665
29723	58.5226092674665
362463	58.5116
690919	58.2516
296312	58.104590158
291691	57.8815
306439	57.8815
304669	57.7698
297498	57.7332
24533	57.5028
301000	57.3431613548
309376	57.265685393476
302415	56.6026587949626
503214	56.16186772
362078	55.9823
24356	55.6992
499308	55.3256069117068
291078	55.3081
84489	55.1558
24816	55.151
361063	55.1297
300458	55.073862272
79120	54.9384
308473	54.6325150845
116554	54.48576476
317382	54.3108
25722	54.2691
299979	54.1861271364778
312538	53.9636982742
29423	53.7689
288454	53.734420402
29318	53.7249
296708	53.4865589487404
266711	53.4492032077382
316424	53.449
316794	53.4263
305464	53.3973954106049
58823	53.176
297392	53.1339
29424	52.6472
246075	52.6371
315346	52.5213845018
310258	52.4662
300036	52.4227
300036	52.4227
300036	52.4227
25149	52.2274
303831	52.2017
287477	52.1893
301007	52.1582487409
363291	51.85215376
308942	51.7124438456
315760	51.6912
361628	51.6513
85265	51.5766
303505	51.4403087496063
25338	51.3979
54260	51.3635
293736	51.2931
360480	51.1886015820059
29562	51.179
58920	50.8019734792
117023	50.7997
25197	50.701858588
25197	50.701858588
305583	50.3083559074376
312680	50.2699656772
291637	50.0
117099	50.0
140670	50.0
316085	50.0
252897	50.0
498847	50.0
252895	50.0
171485	50.0
291635	50.0
116782	50.0
