361435	94.38739
29474	88.8456
294674	86.6127
360704	85.8464
294313	85.3988
679221	80.3789
305719	75.4675
117278	75.1948
79126	73.7258
291921	73.056024104
315327	72.5226
365872	71.5096841347
64025	69.4502
85237	68.7744
313308	68.1657
297336	68.0036
679668	67.1754
313647	66.3480689694
499721	65.9488
363266	64.9587
289424	63.9605
65131	61.1148
292534	59.8773
115769	59.3089
308509	58.4958164928
29665	58.4055
24159	58.2412
24159	58.2412
25441	57.9955
25699	57.8653
311826	56.4808
252931	55.7964
171373	55.382832209
288091	53.9008
361002	52.4463
25510	51.8982
25510	51.8982
298280	51.3408
302864	51.1446
24225	50.0
362224	50.0
310669	50.0
24225	50.0
24225	50.0
24225	50.0
24225	50.0
24225	50.0
24225	50.0
24225	50.0
24225	50.0
24225	50.0
