304809	99.2576231308
140941	98.5693637285216
25336	96.47442838855
81673	95.1978
299928	95.1488751226144
252889	94.7450431666234
295678	93.92177
680668	93.06923
171087	92.81477
619580	92.65519
29139	91.80469
292295	91.3354134561
295461	91.08001
313845	90.99046
304709	90.75305
117064	90.2799
309008	89.6516
293113	89.384439976
81830	89.1113
313929	89.0727454723
432358	88.9463972716
303351	88.9178
293566	88.8426
64701	88.7809
298982	88.6698
286981	88.0758
24666	87.5464
313348	87.536
307724	87.1942
306204	87.0377
309523	86.9749
315567	86.5286
500036	86.4475
306129	86.273796009
498798	86.2187
84360	85.7948
84589	85.6945
314894	85.3059
83842	85.1955
290501	85.0921
312703	84.9756
58961	84.41307734
58961	84.41307734
252963	83.7024
64549	83.5212
361945	83.3122
690516	83.2028872372
29737	83.1241
25603	82.927
171396	82.9108
301374	82.6135915435
294449	82.5319457357
117261	82.2742
308918	82.2351
312927	82.0031386252
171378	81.9401
25359	81.7524812544
399684	81.6563163515
286973	81.1329
366203	80.7267894226
26295	80.3728
25556	80.2583817988
362817	80.1235
298874	79.3206
298992	78.7864
497878	78.5712
287444	78.56
307415	78.3546
362831	78.2252
307820	78.1565387842
308021	78.0861
314930	77.2001862451
310399	76.5013109768
689890	76.2990091066
58940	76.0239
24493	75.8016
25367	75.7326
25367	75.7326
25367	75.7326
25367	75.7326
497961	75.7285
315824	75.3292686532
306782	75.1704
94196	74.4836553364
364786	74.0795337876451
84402	72.834934695
309758	72.6649
303888	72.5488
302495	72.4596
303469	72.0853
308361	71.46492824
314352	70.8918
309280	70.2721
314862	70.05
314824	69.6812653957743
361634	69.0088
689560	68.8249
305795	68.6958
316033	68.5282
295620	68.3807
361368	68.0405
65196	67.8418825024
63852	67.8099
311468	67.1712
24212	66.9949
309478	66.971
365802	65.9238
291324	65.7317
308265	65.5904028718
303394	65.5239
314718	65.3809
25264	63.9658107784
305317	63.5709
303684	63.243
313609	62.9994760918
192242	62.8496812032918
25341	62.6717
360926	62.6321817438
306657	62.5511
310250	62.5235
25309	62.481689016
498225	62.1459
305268	62.091553571
362291	62.0807
114514	61.1963
29150	61.0094
312135	60.8838746062
315833	60.8679
100361574	60.8045
24948	60.78885
361388	60.3721
304410	60.2436
60447	60.0649885607177
60447	60.0649885607177
287709	59.7559
310207	59.7147
81508	59.7044
311901	59.540985877
266780	59.3652
306998	58.9159
306998	58.9159
81636	58.8935
498934	57.9062
291946	57.8463
308201	57.8437
367714	57.8375
65205	57.7557
360272	56.6745
360768	56.5303
29157	56.512846834
295607	56.3648
287818	56.3483
363460	55.8465
24679	55.74
289312	55.6902
100360066	55.56235
500874	55.3743147232
363221	55.2775
313825	55.0259
682988	54.8472
362152	54.7988216027
290046	54.6879
290046	54.6879
290046	54.6879
308509	54.6713436244
289990	54.2795
305367	54.0162
246249	53.5607
288154	53.2237
361814	53.2032
83572	52.3367276072
360591	52.2323
302980	52.0173
289057	51.8663
360492	50.9697
361970	50.6202325542063
156435	50.0
50566	50.0
361338	50.0
295457	50.0
