362871	99.2911899689626
300339	96.70357
302980	96.43735049554
360739	95.22204
299811	95.0337205010798
312790	94.88254939993
192210	94.8411889998
24807	94.6570751503
29434	94.51711
25620	94.24235769248
29279	94.24072813256
25620	94.23944986324
25620	94.23944986324
25620	94.23944986324
25449	93.96587
65162	93.3828020710996
295426	93.2718
289717	93.11334
311911	93.0089
25620	92.2845028228
25620	92.2845028228
25620	92.2845028228
25620	92.2845028228
85239	92.21519
365382	91.46475
498407	90.2101164604
85333	90.092469373
311607	89.947602268
50658	89.7378
50658	89.7378
50658	89.6415
59075	89.5616
314246	88.733427031
308692	87.80364709
170911	87.2743
291403	87.1502
314824	86.606289223
302396	86.4193410928
312251	85.8602
302502	85.4476
79121	85.0936106972
314721	84.7533
259241	84.4047
65165	84.3687
289874	84.3176
309804	84.311207292
291912	84.2599
300514	84.0012
298066	83.8557
192256	83.7945766264
192256	83.7945766264
288821	83.7544775822564
117282	83.4923
24706	83.0788
24255	83.0002
361388	82.9441
314352	82.942568709
289693	82.2009
29642	81.986127480594
498545	81.6418
498545	81.6418
25705	81.3465
497978	81.2685581632
29538	81.076
313786	80.9577
312828	80.823222448803
24239	80.7497302949
295620	80.6518286898
29521	80.5846
364785	80.5052370256
296947	80.415
170904	80.3240691434
66023	79.4252
117549	79.3918
64152	78.5942
64473	78.5653
29190	78.1484
309338	77.426289772
362489	77.392935893
288289	77.3330920524
500112	76.9535
64032	76.9178
25743	76.9006941188239
58949	76.3678
84482	76.3622527896
365895	76.251861922
314028	76.159
299201	75.5255
65054	75.5198
362590	75.5
287622	75.3215
302913	75.2284
25730	74.844
24217	74.8418
25734	74.7723
288308	74.7416
361159	74.5738
25094	74.5484225942
315608	74.37975
291157	73.6786
362751	73.6517412667608
290834	73.4044
294449	73.2624
315423	73.1342
25360	73.127
24413	72.880166413
305268	72.4756
304017	72.3116
362491	72.1656
500292	72.0865
500292	72.0865
500292	72.0865
64469	72.0277603318
291610	71.8384637962
691431	71.80456678
312656	71.6748
291047	71.4280304167
84352	71.391
65044	70.8787
84550	70.7753659948
316482	70.7395
362267	70.4761
310633	69.5683
310448	69.4012
299138	69.2575
497985	69.2154
292847	69.0354
24260	69.0266339664813
116477	68.8858464946152
116477	68.8858464946152
116477	68.8858464946152
305922	68.8512910749
289584	68.5720250677
287477	68.5033045498
310849	68.1964
296371	67.9051008028
84608	67.6699
25283	66.9073650122269
311621	66.7589
294400	66.57525
25023	66.4216
24673	66.278922496
308265	65.9953451449
303100	65.7534
690043	65.7416
314964	65.6208318331462
360511	65.5875502778321
117544	65.5719
113983	65.4971
312678	65.4109419807711
302363	65.3247
81826	65.2204672696
192152	65.1919
83825	65.0984963344
29627	65.092
29627	65.092
497942	65.0273
287615	65.0164092625
308068	64.6066
81655	64.3932
497778	64.2663
497778	64.2663
361628	64.2628146509686
362368	64.2388
315265	64.1072
29707	64.0258
25293	63.8465779098
100310874	63.8262
25293	63.743711152
25293	63.743711152
25293	63.743711152
25293	63.743711152
499505	63.5135377363
25640	63.3642
266767	63.1375
297093	62.6099
293886	62.5378800208
499020	62.2503
171407	62.1415
29571	61.9662
304786	61.9058060981073
63912	61.7230786628
361945	61.7087
246272	61.6264
29546	61.4994
685229	61.4271
25164	61.2938348155
315962	61.2381
361684	60.7957
303376	60.7404
29256	60.7254
29256	60.7254
192359	60.4209533734
299928	60.2579
296954	60.1126
29256	60.0587
500132	59.6215
363219	59.4065
81830	59.3735
296156	59.2756
25367	58.9341750015423
25367	58.9341750015423
25367	58.9341750015423
25367	58.9341750015423
288108	58.5241
291057	58.5183
246153	58.514314336
308318	58.3362
317219	58.2793740221
171459	58.0164
29209	58.0100827695854
304813	57.8144130650492
304157	57.522526024
298874	57.4712844795364
300920	57.4107
361679	57.3742
306285	57.3430559678523
114520	57.1702702584
296084	56.9684
65196	56.8924
315804	56.7068859712
362533	56.646
85493	56.499848776
94189	56.2615
89814	56.1158
24831	55.8208
24831	55.8208
294071	55.749
171525	55.7413
301295	55.5982
292994	55.314
363002	55.3051829674
315689	55.0835
117280	54.9707
29721	54.69
294606	54.6411
306400	54.4970765788
113975	54.4641
360818	54.4453
497815	54.3729867783867
192181	54.2547
287545	53.9945
246174	53.8163
293673	53.803
25613	53.7429
64394	53.3716275168873
314416	53.1248
304815	53.0978
259274	52.975
305472	52.1821873665
293505	52.0124512566
306817	51.8381
288108	51.7355
301250	51.6084
301250	51.6084
192675	51.2375460365
257644	51.2259
311642	50.5188
365652	50.3169796272
304582	50.0
299188	50.0
298859	50.0
304758	50.0
288271	50.0
25069	50.0
499974	50.0
