84409	98.9978021295775
79217	98.4126290509068
116477	98.34875906185
116477	98.34875906185
116477	98.34875906185
25654	98.2409923166
287447	96.82142
300994	96.80236747521
116690	96.1334683108368
25348	96.06159
58942	95.9422740094
171500	95.49695
171500	95.49695
84014	95.28035
245980	94.90565
83689	94.17355
360659	94.06926472396
313231	94.03117
116690	94.009652960291
116690	94.009652960291
116690	94.009652960291
302671	93.5478
287595	93.38556
315265	93.3076790569
310669	93.16654
252924	92.71749
300652	92.59912
29434	92.35175
287615	91.7805004670898
117520	91.428222091
117520	91.428222091
117520	91.428222091
307039	91.4166541432
680133	90.9937798981
307098	90.9670253734
24326	90.5873634406
306327	90.26288
29721	90.19459
311224	89.9622
25288	89.7761885824
24777	89.629
29134	89.2768
64677	89.1948
25231	89.0065
361613	88.9205
302396	88.7680531206
313539	87.9997
316211	87.874213528
84550	87.1769191162938
25757	87.1216249892
302890	87.058
64626	86.963466012
300857	86.9454
81519	86.7182
363707	86.1536
497991	86.1301511928
315210	86.1298
363913	85.793815095
24400	85.7235
314964	85.5361
503214	85.3677
498074	85.2318
297387	85.0541434493545
315949	84.9471
311384	84.91468195
308306	84.8952
291553	84.7668610852872
360605	84.693948416
117515	84.6596611540514
500132	84.5420120074051
24660	84.0170179937302
304477	83.849
295458	83.7041
84396	83.6733423898
299002	83.222867375
25152	82.9459143885907
297486	82.7573904135545
117058	82.6726
363026	82.6311592422
363026	82.6311592422
54284	82.5662
361940	82.4884580032479
293287	82.364
117269	82.3468
687561	82.1516
116487	81.9981604534
619558	81.4107
305675	81.3967099206
305675	81.3967099206
64443	81.305134595568
294900	81.2399461325
362489	81.2047363379483
314949	81.1786666067334
24943	81.1341048061
306404	80.9986
313591	80.9299
301622	80.8556517684
298024	80.52538835
25730	80.491
296346	80.271715798
24667	79.7918
362972	79.6572
304832	79.5999
24592	79.4671
311604	79.3604
362741	79.3362
306542	79.1659
252889	79.1455
684112	78.5867
362778	78.4258
306792	78.2746
360526	78.1596
301709	77.9733737238
81812	77.8024
315798	77.5987259188
307288	77.425
29188	76.7299
257646	76.2225
306007	76.0245
171125	75.9605
688705	75.8598
80897	75.3717492788
680308	75.2815
500037	75.1847603316402
313771	74.8184
311607	74.6791127752
362283	74.5314121252
305972	74.2714
192350	74.1197
100912536	73.782
310753	73.6992
170512	73.5553263616
24338	73.4709087876
303798	73.3396
25601	73.1049956275744
406162	72.7691
288309	72.7352919704
113970	72.6204
64823	72.4745
64826	72.3965
362911	72.3941251595
302864	72.3315661405
29628	72.2009762657
29628	72.2009762657
170910	72.1493
81574	72.0557
287357	71.8234
171519	71.674946089
81523	71.6322
293056	71.4445
311901	71.3129
83471	71.272
406164	71.0547
24679	70.6583921528924
64511	70.5651
309390	70.4382
312689	70.1407186552
259242	69.9910182544
289168	69.8974
311494	69.4885268265674
685332	69.3357
29338	69.1952
140448	69.0464
83472	68.8827
295053	68.5836
24586	68.499
302920	68.459
64394	68.306071118
313373	68.3007
64194	68.0250528694
114590	68.0198
362065	67.9326
360576	67.8388
680102	67.272165835
309812	67.1376
307724	67.0792
290921	66.7076
81504	66.6064
84050	66.4336
311876	66.2768
360854	66.2112777425
27080	66.1465561249
140734	66.14355
297093	65.7673
303614	65.5898478088
303016	65.4684334206
24796	65.4389
310721	65.0952
24565	65.002738
500300	64.8495
81655	64.8088804064
192178	64.3023681322458
170509	64.2779
29440	64.2206
311130	63.9376
296956	63.87322846709
309591	63.86393672096
65189	63.3873
29668	63.194020664
29715	63.1201057756
29715	63.1201057756
29715	63.1201057756
29715	63.1201057756
29715	63.1201057756
29715	63.1201057756
29715	63.1201057756
29715	63.1201057756
29715	63.1201057756
80338	63.0885
365744	62.9414
29534	62.9104
299907	62.721
312656	62.6195428384009
294747	62.3826
24763	62.3078523343
298024	62.30489255
171099	62.2627940224683
444984	62.249
444984	62.249
288108	61.7612137078
116665	61.4592
100362347	61.0975
309255	61.0410407335
312113	61.0292586801989
311468	60.9404
305719	60.9266
287552	60.7907
293112	60.7043602871092
54284	60.1989
25721	60.1279798794
308890	59.7488
301235	59.6711
299979	59.2691
362900	58.9406
680319	58.935
310801	58.7597149325
117254	58.7061
298652	58.5902
293937	58.5858
24954	58.470287804
313387	58.4686
246297	57.9607
114520	57.9425247395
292721	57.9194274684
314323	57.8093
310250	57.7187340833
282840	57.7091
361315	57.6716913332
116501	57.603
690853	57.3941
312806	57.2728
305497	56.9808218059136
688785	56.9054
29682	56.8895
65207	56.8416
304330	56.3965
290802	56.3702675471039
296408	56.3011
308795	56.095
502894	56.0056
81715	55.8227
497811	55.6533
687090	55.054374283
58820	55.0161
304157	54.8744
303602	54.8355
304608	54.8007
114628	54.5217
25696	54.4643
500562	54.2860360977
303059	54.2744
78975	54.2607
315608	54.0458
29707	54.0062
287940	53.9414
303211	53.8209
84578	53.5094385387
295347	53.3317
297995	53.1819
304741	53.1785256476
367252	52.916247958828
367252	52.916247958828
301285	52.8834949091
293024	52.746159826
298757	52.6738
117180	52.6702
681989	52.6246068064
309144	52.4038
310533	52.3825
288562	52.3345
100233213	52.1051
687090	52.045251497
363243	51.6855760199643
304469	51.672
303922	51.5751
316101	51.5293
688777	51.4799
311118	51.0564987466
140671	51.0372
192229	51.007882209
63997	50.9692
312562	50.9489
303801	50.8563613425
56718	50.8207093732
252941	50.803
287593	50.795
25650	50.7841
117103	50.774580954
690244	50.721
113907	50.6036
298069	50.5896
64226	50.1211889141
378467	50.0926981248
29705	50.0
690987	50.0
365797	50.0
29562	50.0
83507	50.0
114489	50.0
290361	50.0
314401	50.0
317268	50.0
362065	50.0
