29231	89.6484
679155	89.1296841376
365042	88.409
116554	85.5752
288152	85.5206
361711	85.4195
25501	85.345
293067	84.9578
365755	84.7785
60660	83.5561
292124	83.3354
308709	83.0599
311569	82.8037
680445	82.5924
259237	81.4959473763464
292077	80.8244
79107	79.8681
302396	78.1179
29588	77.9957
315758	76.8907
29491	76.1094
306439	75.9395
81813	74.1634
292100	73.610185948
25204	73.4793
309031	73.4446
192226	72.9929
312675	72.54127808
25051	72.0841
293148	72.0657
361574	71.278
311327	70.4712
29313	69.7492
60334	68.6264
155192	68.4991
60443	68.3266
60443	68.3266
60443	68.3266
362238	67.7617
362238	67.7617
24482	65.3096714534
24482	65.3096714534
24642	65.1644576955
24482	65.0202946858
24482	65.0202946858
295319	64.2683
361585	63.7127713544
25272	62.8498
24511	62.7866
25272	62.6848
25272	62.6848
246279	62.5170293929077
246279	62.5170293929077
25708	62.4386
303132	61.4912248441
368042	61.4776
29521	61.1998
25672	60.5925232047
295500	59.449
308976	57.4478
296787	56.7346523903926
58868	56.5354
362170	55.6965
117255	55.3635
310900	55.2163
310661	55.1325
689161	54.2668
64631	53.9664
117044	53.7714
298682	53.3591
60447	53.0908
60447	53.0908
287212	52.8781
29357	52.8654
84497	52.8523
363516	52.6502
361415	52.3795
81733	51.8599
83841	51.4134593528
171148	51.2659
299204	51.2289
25648	51.2059677241092
24881	50.0
89820	50.0
57027	50.0
