25576	96.10241
306260	95.71234246894
292686	95.6326278494738
286981	92.36637
314647	91.6624798066443
171123	90.4736299044053
312781	90.2200537738
50690	90.0293803603
50687	89.9804121802
25743	89.7999437652974
308339	89.0253
171455	88.3421
305457	87.9956
292916	87.9026
89808	87.2607
295647	86.6534
302913	86.285
299604	85.6314
29338	85.3283
497974	83.7042
245982	83.2915796701321
304378	83.0289
313594	82.927907828
116632	82.4311
287564	81.8914873867
298859	81.7564194496327
317589	81.686
171563	81.6090990888533
293637	80.731
360827	80.6748423467
293637	80.5831
93662	79.929
311876	79.7549296732
304410	79.1589055427077
316077	78.918
24212	78.75427765
298184	78.7247
84510	78.2559
25735	78.2424
25735	78.2424
25735	78.2424
364419	77.362
682105	77.3619
313594	76.709283813
292584	76.5318
313155	76.21
24896	76.1426
24896	76.1108
288700	75.8713623614
84396	75.8651453848081
308415	75.6431618296914
303903	75.6171443336
297604	75.4731502622688
54302	75.3703668095354
54302	75.3703668095354
25181	75.2587658656
300980	75.0984247316
65050	75.0850185298873
300733	75.0413
353316	74.7353
291259	74.3242162565
291259	74.3242162565
291259	74.3242162565
291259	74.3242162565
304407	74.1697155841822
306626	73.8149
291352	73.579
24896	72.9818655952
24790	72.8757887088
24896	72.7146131539
24208	72.2765
362018	72.1906391795
308266	71.9611
310533	71.3016
691429	71.2747185109725
83531	71.1299
114117	71.1199
499947	70.9791
171360	70.9179891952
25485	70.7595
289230	70.5501814296
305438	70.4957194157527
65025	69.3013
84596	69.1339
288045	68.6033
25674	68.4164
289757	68.4044
64442	68.1484925368
171178	67.9952
171112	67.9362
314644	67.8926
25648	67.8650135104
305848	67.8135
64631	67.2602
360678	67.1775191542731
301118	66.7004008415123
100190936	66.6002
116477	66.274
116477	66.274
116477	66.274
29747	66.2249
308971	65.7003
65161	65.603
307997	65.46412192
312495	65.3560136501
287544	65.3137
287441	65.2325444024927
114636	65.1872248825095
114700	64.5126
84588	64.3660376200909
361509	64.1070138982426
246142	63.8369
303304	63.7499107717
303923	63.7364
306768	63.6719
499308	63.5607556118
688717	63.4819
315904	62.9817
25054	62.8789759557958
54302	62.1661
303702	62.0882
317608	61.8454254016
369016	61.7456
362118	61.5911
307348	61.5556
25640	61.2838
25640	61.2838
25640	61.2838
305888	61.272
311835	61.017
24772	60.8431946298212
83785	60.6179224132
171444	60.2966049805397
83785	60.234785513
83785	60.234785513
83785	60.234785513
83785	60.234785513
83785	60.234785513
83785	60.234785513
83785	60.234785513
83785	60.234785513
83785	60.234785513
83785	60.234785513
83785	60.234785513
83785	60.234785513
84032	59.8299
81819	59.7421
54251	59.64490732
25368	59.6082
613226	59.4325
296478	59.3263
292100	59.2760873128
85273	59.0096
294706	58.6307199038275
287715	58.4579
287433	58.4394901675
291713	57.9231
100361376	57.7392
295620	57.646121726209
54355	57.5473
306487	57.4617260746
309207	57.326809804
306332	57.3198
362835	57.2801
364855	57.1326104374
310743	57.0391
304024	56.9651
291000	56.7022
59114	56.5450607714
363026	56.4014407795958
363026	56.4014407795958
308445	56.2034
170673	55.9842
368044	55.7958
315707	55.4885
25351	55.4032
315286	55.3779
287716	55.1901192240497
25183	54.9827591681
361537	54.9246
361802	54.8338
293344	54.7671
83514	54.7189
54248	54.7042638048
25240	54.1486552394326
316256	54.1224
56083	54.1153
114093	53.7652
313811	53.733465309
289727	53.499
309338	53.4717
499088	53.4086
363165	53.1762
100188944	52.9276347775
29140	52.8186854401
362962	52.7893158789863
58812	52.6455
24629	52.5758162392
297073	52.4745
25492	52.4643
192183	52.4027072995363
114203	52.0634371165572
294973	52.0508
25495	51.9711
305475	51.9478
314964	51.9193
171569	51.5795
24831	51.5705
24831	51.5705
60582	51.411270176
306868	51.1974
315327	50.5927
297418	50.5667
25482	50.5278694155
303113	50.0
300032	50.0
296229	50.0
308453	50.0
24311	50.0
24946	50.0
24311	50.0
316580	50.0
24311	50.0
309200	50.0
