362876	97.5552002894
246248	96.3345073494437
25576	94.04957
114217	93.93316
361178	93.66008957095
498392	92.3876
300813	90.9653041026
155268	88.9800175078
64043	86.1194
291713	85.4531
365748	85.1505
80338	84.6856
362268	84.0502
170927	82.8958
313725	82.7205
362303	82.0942
207122	81.8161
301634	81.7389
310250	80.8604
652956	80.5317024736
365410	78.995600592
306091	78.8657
499337	77.0340003373228
298657	75.7715
689890	75.3702
259273	74.063
299766	73.7925
316426	73.0044
81801	72.8547
282844	72.1772
362384	71.5264
83840	71.3488
64709	70.861510516
306630	70.0967
314028	69.9061
298621	69.8975
117549	69.4945
29657	68.2129
306817	66.8534
294141	66.6315
289278	66.0413
171050	65.9825
289222	65.8624587825
289222	65.8624587825
289222	65.8624587825
289222	65.8624587825
315958	65.7925
25106	65.4198
171494	64.8299
314397	63.4536
309666	63.2709
361688	63.1893
313997	62.3824
292148	62.308
171058	61.4548
315926	60.0492
303614	59.5762
360797	59.2558
29531	58.7693
298288	57.8093
498089	56.9336
306492	56.5993
361272	56.5902
66030	56.4311
360764	56.3809
311913	55.8444
79130	55.5747
368042	54.8551
307124	54.406
29510	54.3713
29510	54.2543
94272	54.1885365096
64558	53.9657
24471	53.8393
65248	53.7893732432
192270	53.7439
306183	53.5768
100125373	53.1527
266760	52.9047
308028	52.7708
282819	52.5086366403
312279	52.4377
296466	52.2381
25673	52.0006
312947	51.9098
366142	51.483164724
307100	50.9034
314380	50.8681
24503	50.6499
366219	50.5449
296587	50.0
363103	50.0
25523	50.0
81742	50.0
309728	50.0
294862	50.0
