292721	99.5475552246643
170845	99.0631630386918
65040	98.55648139345
65040	97.5988247383
116638	97.1142551956
291981	97.090709411762
304410	96.7996739947185
29345	96.67283
294715	95.00577
360659	94.9738331986
300472	94.8741481990896
308757	94.847842514
499966	94.6994805019398
83571	94.59289
303786	94.2495174655
296284	93.9852435186395
311193	93.8584382216337
305227	93.6397535516
683570	93.54612141339
100126191	93.3302686912152
24192	93.3225919392
312381	92.89037
25578	92.74308
24577	92.72081
100188944	92.6789958168391
100188944	92.6789958168391
307178	92.67355699094
361767	92.2893948808
316539	92.1823029962
306000	92.17904
313325	92.1554695666307
300673	91.99504
315670	91.53354
366542	91.2273
494445	91.13741
361715	90.5357836197
303565	90.32979
315500	89.824
303547	89.0639095446
288091	89.0445922826225
301579	88.8755356979332
292876	88.6083
297593	88.01
116465	87.875309836
313974	87.8115
25341	87.8038
315608	87.763299949
360546	87.6696257171
117855	87.2561
306071	87.2543042239
288077	87.0368405149
290668	86.636483691
363062	86.5295014325132
498650	86.2875771051196
498650	86.2875771051196
25049	86.2536
140866	85.8366
366251	85.7893137465907
679155	85.6655878473342
140657	85.6187
313409	85.6137
295586	85.3491
24873	85.3445
29187	85.1258352448
311591	84.8376284068055
300018	84.7737351075933
361984	84.5992242811
361383	84.116
366872	84.0639
291921	83.6377485911375
295293	83.5241328560994
312711	83.4528026920291
681989	83.3704758874
303586	83.3624161449762
171113	83.10540112632
445442	82.9670771077
80881	82.4666240820322
317576	82.09485
25181	81.786
81924	81.3369
116548	81.1930179951
315962	80.9598487358275
296267	80.9272029264837
308028	80.8989130355492
312680	80.8543434012863
310306	80.83155
295217	80.6611
295217	80.6611
313860	80.4238
298655	80.2966707535643
302934	80.2410098412
498301	79.8276211157348
83684	79.8145
29316	79.5922
365367	79.5813
310710	79.5762
361711	79.4182214547308
298705	79.3725
306322	79.0835998924
302935	79.0457520983643
313166	78.8222
305497	78.6069
365410	78.2876209140806
361431	78.1164637064
361321	78.0960380785
305391	78.0514456339
293489	77.7520103849
29613	77.5877
29613	77.5877
29613	77.5877
60586	77.5762099195
170821	77.5547
64322	77.5076
287522	77.4444
362107	77.0487624262
500690	76.9788
305679	76.9359
362293	76.7876856088
689414	76.7260196710172
24795	76.7013431848
58982	76.6478333546514
302363	76.5978636622
364834	76.5802
304423	76.5431
291689	76.5102
83515	76.4054
301128	76.1633865627449
140665	76.127701804
58813	76.1125
83581	76.0787
291713	75.9831
362272	75.962878329929
294324	75.930053739424
64511	75.860020912909
312781	75.8202
306765	75.4396961955674
314717	75.3107
117284	75.2388
303353	75.0398852532
361634	74.9883
287545	74.9618014436
25485	74.9537134724
361523	74.9035
24300	74.8923
311151	74.5877
307540	74.4072953932
304799	74.3704072372
25690	74.3629
303605	73.978840075
307500	73.9513
290802	73.7100921052
81801	73.5735
292847	73.5433642
171500	73.5412
171500	73.5412
301119	73.4433092130316
365024	73.4401638310176
29701	73.2694
293294	73.2602
25123	73.0685808459
289392	73.0666789005907
81726	72.9464
296312	72.8935058235
24565	72.8677
307343	72.8602988173547
24208	72.858
117261	72.8561847344
24231	72.8242
306960	72.8184574001423
313825	72.80546703
65129	72.7952
288919	72.6398
301085	72.5955
117855	72.5384
362675	72.4130225493089
29470	72.4102554082
83526	72.2788641505575
296583	72.1973537846
314417	72.1495
24922	71.8714
298851	71.8257
140914	71.7622
362892	71.6879540512
361986	71.3895621862841
365797	71.2178
300095	71.1178
85273	71.1123647747014
79107	71.024
315150	70.9784
24946	70.9773
289720	70.938500525
29606	70.699
498416	70.6728789569915
291955	70.6264
361651	70.5731
310506	70.4156848672
140473	70.3285
307526	70.2516
689388	70.2466
25172	70.234446054
25094	70.0776
315174	70.06781381
303185	70.0189
282836	69.809
282836	69.809
307415	69.6896070272
287940	69.6696765447975
79123	69.5851751703351
24782	69.5112973924
499964	69.3961203976
260321	69.3738436314
298762	69.3479
116545	69.1943427858
361944	69.1942
361944	69.1942
24629	69.1806
316328	68.7238
79131	68.6305
293621	68.5707
289586	68.5015
29447	68.3222719584
29214	68.1699
83686	68.168
308846	68.0628
113917	68.0484
60563	67.9064908049537
288233	67.8920073004
304522	67.7911707412842
293621	67.7544
360520	67.553770873
361103	67.5262866374
288779	67.4749307428711
288108	67.4442360228
313978	67.3694078275
305977	66.7806
25713	66.7779
315173	66.7771
65172	66.7601
29633	66.670551488
24356	66.6618
64469	66.574022782
302697	66.5585
24888	66.4789
24888	66.4789
307868	66.4664
83792	66.418774069861
315655	66.4007
171358	66.3264275427282
690693	66.2600682127183
310261	66.145028391
116745	66.138
314788	66.0621
301575	66.0505715456
362404	66.0444
113975	66.0171388548
298646	66.0165684089722
499882	65.91
299810	65.8943
295631	65.8303015288
24826	65.7621
24826	65.7621
362061	65.667
298280	65.6271019968
171040	65.6252
260326	65.2976
361659	65.228911655
60666	65.1564
25186	64.7645114914
313536	64.669885561
362268	64.5676
29636	64.5616
305923	64.5338223461
313130	64.4229409458337
192226	64.3832
25097	64.3619768908359
288333	64.2819
58918	64.2155
691429	64.1957
294065	64.1947855013547
304900	64.1476
361368	64.0932
310667	64.00602014
305974	63.9907025957539
64358	63.875772625
54297	63.6934
494343	63.6817
360980	63.6492191820182
287441	63.62128128
287962	63.3609422785
25277	63.0105979798
25277	63.0105979798
499308	62.9754612635696
301020	62.9674
294948	62.9006
301535	62.8798
499669	62.8253077516
304289	62.8133885758956
25218	62.7609
29274	62.5399
679787	62.5332
363675	62.4413829348
303407	62.42132656
290230	62.3570302789848
360838	62.3523
100359982	62.1313
84484	62.0546
24949	62.047
78958	61.9454
360815	61.9292
171121	61.9046
299607	61.8444
303304	61.8365
360491	61.8227259304
24949	61.7773
313348	61.7732
288778	61.7319
54348	61.6385
192117	61.6226
192117	61.6226
308845	61.5251
293736	61.5062478590876
171126	61.4677032614
300105	61.4392
295445	61.3903
297514	61.2669
315189	61.2569612485
291885	61.2033850278
288364	61.1647
100359982	61.1556
361517	61.115
25122	61.1132
501110	61.0572
116557	61.0475133192
300679	61.0236910981135
171028	60.9243
171028	60.9243
60417	60.9048421819379
25133	60.8454
114506	60.7667997971296
171148	60.7340749882
360576	60.6638
296639	60.6562
289014	60.6167
290741	60.6059
293692	60.5496
303754	60.5403
290529	60.4754
309451	60.3457828462
25741	60.2933
363249	60.2841
64202	60.25845
362973	60.1882
363545	60.1755676355381
294431	59.9354
287532	59.8905
300866	59.849967565
171091	59.8227
362329	59.7495322191
312504	59.6508
290741	59.5576
170668	59.3797
81744	59.3324
304286	59.3090258336389
192211	59.2983670046875
24943	59.2054
360583	59.0394
619558	58.927
25690	58.8943
25690	58.8943
360230	58.890108027
305895	58.8676
296281	58.7148
313743	58.6708294159
304920	58.6614
25295	58.4086
299857	58.3394
25205	58.0465074859432
685679	57.9365
304608	57.843161837
679028	57.6964032052
313128	57.6387328518
294508	57.6067
295934	57.3033
305423	57.2949
314964	57.288763286
295500	57.2210702785
291966	57.1842
295105	57.1791
361018	57.1647573038
303542	57.1085
117514	57.0716493064
689399	57.0645
292671	57.0403
287942	56.9807493735
305506	56.852815376
25735	56.6767474654
25735	56.6767474654
25735	56.6767474654
171485	56.6562519304
294862	56.605672103427
295649	56.5876
29683	56.5277
310670	56.526
310958	56.4813
25715	56.4409999978907
287521	56.4364691611987
296161	56.36
362876	56.3497
84609	56.2714
79462	56.2539
293455	56.1705
25398	56.1533241686786
24162	56.0661
311854	56.0100507913
192350	55.9633437386
116595	55.8671
171547	55.7809
79428	55.774507514
361732	55.7155755384
293996	55.6919684569
619440	55.5351495863
117556	55.5012
303342	55.496477775577
313843	55.4867
58821	55.4788
54283	55.3559
307759	55.3195
312656	55.209042251
89791	55.065511264
309207	55.0406418573054
299052	55.0254
361509	55.0109484224
296394	54.9750944406
311617	54.9213266691209
311846	54.9006
317260	54.8703
116728	54.8355
25255	54.5772
296271	54.4499888576
171086	54.4154813775
361815	54.4045
294804	54.3943486232
114845	54.3235
301285	54.1390217256649
362766	54.0892596601
309000	54.0712492995
171444	54.0536882161
498609	54.0435822576209
314648	54.0202868752
26296	53.97
81504	53.8590491181347
681062	53.8217
311326	53.7810593073369
362741	53.6972
171519	53.5741
444984	53.5059
444984	53.5059
360551	53.3537
313477	53.2873798822
499288	53.165
361069	53.1138
114029	53.0723870888
363578	52.8629620089261
156435	52.7889612956
24377	52.7482
24240	52.74
309126	52.6602667269
301737	52.4533073968
300221	52.41156024
24373	52.3264
290206	52.3153898576
56227	52.2351
306647	52.2117
296179	52.1974855648
290880	52.0759
54321	52.0516
50567	52.0055
50567	52.0055
308473	51.973570913
288587	51.9533971828
293497	51.9325241352
25586	51.9066
64824	51.8061812665
500037	51.7817
317673	51.7551
289095	51.6997
306886	51.5522954088
291105	51.5353
293526	51.5326
373545	51.4959
79122	51.4832
316642	51.4587
78963	51.455875395
298065	51.3938
304813	51.3370937256687
294499	51.3156
58979	51.2999617760925
25149	51.1644
50545	51.16279055
89843	51.0326
307126	50.9156877595
117041	50.822
83425	50.7112
83425	50.7112
116642	50.6732
304741	50.6668162081688
84573	50.5954967959
84575	50.5344
361285	50.518
300074	50.1996044655
305851	50.0527167952
307916	50.0397955344
309656	50.0
295252	50.0
59076	50.0
24832	50.0
360619	50.0
307652	50.0
25746	50.0
79438	50.0
65046	50.0
294747	50.0
303236	50.0
59076	50.0
24934	50.0
