259233	93.7131311552
305604	93.6130510474
246282	92.25348862535
57300	91.86963
305367	91.61091
114629	89.459402295
366964	88.4345
29717	86.1679
29717	86.1679
690188	86.1429
362489	85.0712754985
292462	84.4089
367714	83.9972
364224	83.9066
81818	82.6605
79121	82.2219
300341	81.7166
83569	80.7144
294862	80.1611
171090	77.8015
314964	77.5758
170902	77.532
303403	77.4336
307897	77.114
83627	76.7584
246116	76.4005
309774	74.5035
307039	74.332
288105	74.2559
287925	73.1263
24684	71.0153
365755	71.0036
363045	70.5327
290527	69.4449
294141	68.9255
317575	66.8753
682507	66.7628126545
83472	65.2534
303796	64.3169
25576	63.6777
304294	63.2089
170904	61.5239
302302	61.1843
307296	60.9104
289230	60.7147
310399	60.3116
298787	59.6659
309888	59.4871073993621
286996	58.7801
25672	58.3439947332
296200	58.3034
291023	57.2159
308140	57.0792
289233	55.7872
362788	55.5491
361628	55.4751
84587	55.4203
294421	55.0878
432358	54.5586
81640	54.2238278377
360557	53.9312
116724	53.8586
64043	53.6698899995
311730	53.0185
170899	52.4189
362871	51.9149
311575	51.8665
289623	51.6444
303378	51.4065
362409	51.3626
29276	51.3305
364240	51.0843
192350	51.0108671863
312656	50.074219538
362629	50.0
315158	50.0
307474	50.0
296467	50.0
