309804	99.1340534411039
361096	99.12197476675
309758	99.034262751
64020	98.7115477075203
296500	97.84118862316
289881	97.80108184298
363735	97.64354461019
245922	97.24293
363266	96.7711300684
302396	95.9918611492435
309301	95.08056
306814	94.7146919104755
29144	94.418117096
366697	94.25418512468
58948	93.9835293508
308937	93.2247011734913
114514	92.97884
305171	92.9217610588
81781	92.59682
116506	92.5840205599
116506	92.5840205599
362533	92.52008
307008	92.45988
362578	92.24986
362578	92.24986
366783	92.17762
113938	91.88442495
314196	91.71713
290556	91.68735
291464	91.66753
113938	91.5301810264
288322	91.48571
59318	91.39811
316211	91.2372031225
81640	91.06064
291691	90.96409
497198	90.7269971743
309678	90.33861
362665	90.2441391519624
25187	90.1789367184869
313861	90.098
307210	89.9405
84026	89.9327
362170	89.8479912016
296259	89.705704458
302248	89.6981
315958	89.4213690345
114111	88.755
365963	88.7116115352
679869	88.4836
25415	88.3154
303252	88.063
364867	88.0419876256
24667	87.9044
29263	87.6933
306141	87.5836
294449	87.18
288308	87.1635626014534
79219	86.9829
361859	86.6394
287828	86.6076
310801	85.6012
25489	85.2211025644
298765	85.1077
29618	85.0737
299138	85.032339761872
688466	85.0163
315962	84.9515497890024
170837	84.8058
360920	84.7611
85238	84.7058
25477	84.4924
25342	84.4617
102554884	83.7048
84391	83.5374
259241	83.5003928953769
500054	83.2341
360764	83.097
113882	83.0728
360704	83.066230252
81520	83.0259462595
25283	82.4467
367252	82.4007746489334
367252	82.4007746489334
295500	82.3509
308766	82.2711
171015	82.1697
29277	82.058656111
294674	82.0578598686141
306862	81.9886832128
81507	81.9375
29748	81.7957089262
362463	81.7266874170974
83471	81.7207
286938	81.5226
314894	81.3310423326
266732	81.1819
290046	81.0037684269338
24316	80.8662
314721	80.6383266172
29138	80.3315176959
305675	80.2161
305675	80.2161
362612	79.9201
64440	79.6087686511
289357	79.2079000040443
114122	79.1657
83842	78.987
304074	78.8958733014
25684	78.7423
295105	78.5688
303606	78.5573
171010	78.4489
313409	78.4474865774
304923	78.3140470291165
287607	77.901357007
117280	77.8542
300679	77.812
301378	77.7532
363062	77.7371651400642
297902	77.6109
360967	77.113
304885	76.6512804964
64015	76.5736
24225	76.2042
24225	76.2042
24225	76.2042
24225	76.2042
24225	76.2042
24225	76.2042
24225	76.2042
24225	76.2042
24225	76.2042
24225	76.2042
365755	75.923328035
310250	75.3212930542
24768	75.2425
25577	75.1469344179
293112	75.0804295086769
362288	75.0427
304150	74.9667
689388	74.938
192178	74.8275995124353
360868	74.8021030727979
498934	74.5506
304714	74.4677487247
299685	74.4535
64824	74.2608
295446	74.184332124
308690	74.0816
114210	73.927
113976	73.8429252616
266998	73.7751
292793	73.7622
494445	73.3512
361555	73.3471
304218	73.3404
304218	73.3404
307169	72.928
307505	72.6528
24167	72.38313446945
24167	72.38313446945
24167	72.38313446945
24167	72.38313446945
24167	72.38313446945
24167	72.38313446945
117596	72.3159
171113	72.0465
289278	71.9156
315158	71.7147
363498	71.6642
309986	71.4973
117257	71.353
361944	71.185
361944	71.185
289693	71.0794
290447	70.8599
306487	70.8162183256
84407	70.8155
302855	70.8097
300783	70.5436
50681	70.0512
314743	69.9816
24888	69.735
24888	69.735
83765	69.5544640438
312927	69.2441031657
680066	69.1441
317183	68.99815
287545	68.8567
314028	68.8151478016525
89804	68.6844
361195	68.412975076
81636	68.4073
140587	68.3212
679944	68.0075
298451	67.8843
314388	67.7703
83614	67.7092
192154	67.6915477954
25300	67.485002232
25300	67.485002232
500244	67.4497596735
304813	67.2281976466897
314388	67.1149
65162	66.9524
302711	66.8577892174414
84599	66.7091
360950	66.6855
315806	66.6737709752
29616	66.6479
364738	66.4406
117282	66.4384026112
314205	66.0212629465
311412	66.016678512169
117556	65.9782
310399	65.8494
64547	65.796147095
689030	65.1156
295635	64.8809
170910	64.8167
60423	64.7053
246153	64.3088
313974	64.2545
493810	63.8985
365842	63.8949
363854	63.864
286928	63.7895761792
24907	63.7049
307016	63.5854
308537	63.4094690776
84394	63.3882395861265
619558	63.3318733125
282834	63.3193
304862	63.2118
301119	63.2074
24849	62.7041017108
310207	62.7008200837804
300074	62.5002
24294	62.381
288599	62.3721
363634	62.3238
58942	62.2648
301674	62.2412
29131	62.1157
290046	62.0987819712092
290046	62.0987819712092
313961	62.0711
64475	61.8376
293415	61.565
501563	61.0183154302
361727	60.9678
25398	60.9630220113512
315598	60.7441
362316	60.5511071972
307905	60.5343
310958	60.3833230287
303875	60.3561
307779	60.2383
81742	60.1806
25254	59.9853
24242	59.8616
291212	59.7335537934
364183	59.7279
84597	59.6224
292793	59.5897
292793	59.5897
313131	59.4575766137617
309593	59.3676
116589	59.261586034
25715	59.0240237287188
309008	58.9596
63994	58.9229
303831	58.8719
58850	58.824522498
54241	58.7753
291948	58.7633
24551	58.7485
366474	58.6313
308218	58.4308689855723
171458	58.3702450312
25444	58.2604
56011	58.1940408418
312952	58.1802392447
24803	57.9197
117087	57.8297
289400	57.5706643318
303903	57.5516
114906	57.5498
362037	57.5148
315760	57.4598
25493	57.4292
299818	57.3836
171518	57.219334408
24882	57.154
24551	57.1328
308971	57.0541737216
362734	56.7895
308028	56.6229
313706	56.5280736352
84356	56.5243
302642	56.3138
406160	56.2436
361213	56.133385768
296182	56.1296442928185
24241	56.1049
29525	56.0812
50552	56.045323039
25235	56.0305
171092	55.9985420265088
287927	55.8829
311670	55.8513
282819	55.777
299331	55.7609
314772	55.639
306261	55.622
291057	55.5554
24963	55.3279
59317	55.2746
65183	55.2678
298992	55.0864
296603	55.0016
293561	54.8773606346216
307199	54.8218
307524	54.6757
301085	54.6546741329
79121	54.4317
25243	54.1784117728
25203	54.0835
289233	54.0797
85265	53.8885
314634	53.8741
353218	53.8279
691947	53.4441
25528	53.3945
309457	53.3904
293526	53.281327584
50566	53.2231
64200	53.1565
288444	53.1046590196
246332	52.9912335843776
361244	52.9702
117064	52.9645
313834	52.8912344164
306998	52.8316349909
306998	52.8316349909
361662	52.8071
304962	52.7764
307855	52.7746
311182	52.7456
65157	52.7271
50622	52.7246
298032	52.627
64536	52.6264
313304	52.6256
314212	52.5723
25665	52.5663
25665	52.5663
291670	52.5495
291078	52.301
362490	52.2969
81661	52.2882688082
294429	52.0975
303923	52.0645
171517	52.0382
29264	51.9016
29726	51.8303
100125370	51.8081
25565	51.723
287199	51.5395
25314	51.384
306152	51.3794
362152	51.2321682287948
313370	51.1082842831598
362788	51.0991
59322	51.0621
360645	50.8675
295284	50.4251981417
303214	50.408021345
364814	50.3064563464
295325	50.0
500651	50.0
65144	50.0
432358	50.0
291846	50.0
317218	50.0
312052	50.0
312563	50.0
310856	50.0
171495	50.0
24215	50.0
306328	50.0
114505	50.0
303580	50.0
