305922	96.83004738
246116	96.3452108913315
50659	96.2941346294405
25565	96.02054
50672	95.8740300288
266685	95.80937
291352	95.2993272007008
303567	94.66975
288079	93.5098064815277
307075	93.0617731964
294074	93.00206764
309514	92.99274
304109	92.53672
25537	92.09406
294601	92.07555
312927	91.93614
365567	91.84548
81758	91.79051
85245	91.5958
25584	91.547
29618	91.52146
117520	91.1571589587553
117520	91.1571589587553
117520	91.1571589587553
310749	91.0501017518
314423	90.7437518314
308173	90.5627788668
293736	90.2113087009
366265	90.189749236381
83683	90.18499
304648	90.08943
294408	89.9841
25216	89.7873
360482	89.6533
360640	89.1687099378501
299762	88.9331
306695	88.7714939236
310638	88.3634849216
498299	88.3254
315265	88.296
291130	88.2084
25696	88.0484
29516	87.6082
286973	87.4471414622
305012	87.3866
81830	87.2642
171070	86.5469497257
85245	86.3765
306819	86.3562
289181	86.3284
305861	86.1531
690188	85.8837
313427	85.626
171087	85.5643
314930	85.3957
312656	85.2391466572
311742	85.1047
58853	84.8747
287709	84.6689
300719	84.2879
314818	84.0647065054
360917	83.9009
300783	83.6735
25376	83.6124416832
303346	83.5853
287276	83.4133
297960	83.406
293056	83.3672
365963	82.8002
100158232	82.6597990031
361921	82.0152
24184	81.7446
311876	81.4112
170820	81.2465
298934	80.7749
24316	80.525
306868	80.4927
361688	80.227373263
689560	80.2226
287643	80.1578
303836	79.6458
361057	79.6275749597
310315	79.4817
302553	79.3262117187
362061	79.3194
366975	78.822338066
288504	78.6169
301261	78.4675
314205	78.4498501108
314423	78.2181276929
64559	78.0595386328
81816	78.0118
114851	77.6276584282
296623	77.614304878
302935	77.4884137083846
29454	77.1347037738636
296349	76.5914359710034
315949	76.5309
65208	76.0335722027
25196	75.9511340696
116509	75.8267901133
311911	75.5934
315798	75.5656893544
305816	75.5127
287543	75.3455600521
312495	75.3355372045
304290	75.2268
306487	75.1931
501560	74.9173
298084	74.8613
300177	74.7332739859
313520	74.468516011
308023	74.3825
100360880	74.1744
362481	74.1126
192357	73.8228883224098
29216	73.6892
312727	73.4357091196
294375	72.6326
498153	72.4332
287828	72.1127
29545	72.0367
292016	71.9363
312694	71.856
116723	71.6808
83533	71.6723
296616	71.328
60447	70.9509944786
60447	70.9509944786
171151	70.8684
171290	70.6176
313234	70.2355498369
170908	69.9938
361920	69.3713
29748	69.366743164
288057	69.3311
310086	69.3262897888
60628	69.213
296199	69.1667
360632	69.1607
24215	69.1406
50658	68.8837
50658	68.8837
689704	68.7769
303259	68.7108
50658	68.2464
54248	68.061
65248	67.9721
171121	67.8549
297804	67.2902591661
288657	67.2633
311901	67.2367
314212	67.0744
83842	67.0375
363013	66.8549
266808	66.6756
25243	66.5152
84550	66.4576259985868
304763	66.3059
311872	66.2988
298894	66.1878
307997	66.1528175045
298012	65.9228
366624	65.7959
25485	65.6888
252920	65.5668
303602	65.3109
362383	65.1388
299153	64.6944
170837	64.65
315037	64.3064
313594	64.2876966865
58919	64.2832
305482	64.0187
314993	63.9376
291908	63.6542
29627	63.6248
29627	63.6248
304193	63.4782
63866	62.9147
114246	62.7488
29641	62.5582
171113	62.424
287607	62.4069974592
306814	62.083072215
308690	62.0793
29622	61.8174
316077	61.5925
407765	61.4104
116644	61.2675
310392	61.1270760267059
170699	60.8578
304786	60.8414520231074
296284	60.7492
282829	60.6581
297952	60.5487
303586	60.3832
685474	60.3454256752
685474	60.3454256752
685474	60.3454256752
301085	60.2807002912
83712	60.2584
360920	60.1387
360726	59.8197
361838	59.7109
304822	59.5411
362891	59.5378
497974	59.5017
294012	59.3668
171528	59.3499
246334	58.9981
362591	58.9591
366492	58.8937
117514	58.5402
29357	58.019
314265	57.9958
304271	57.9935
361832	57.9535
296511	57.7384
29721	57.7094
83513	57.6441
362817	57.512
286994	57.3959
311450	57.2912
25724	57.2305
314330	57.2242720237
116545	57.187
312251	57.0039
83785	56.7476
301555	56.6744
303300	56.2599
307206	56.1952
29456	56.0882
192154	56.04009214507
360827	55.9259
114485	55.7967
291733	55.7614
308523	55.7387
282712	55.7377442525
308939	55.6809
287940	55.5826
361700	55.4785
246297	55.3594
313554	55.0176
84350	54.9823
64314	54.9424735519
297768	54.5385
304766	54.1895965954
305434	53.8259
313594	53.6957259912
500137	53.6437
304294	53.1758
362418	53.0303
361925	52.9288
313609	52.780559204
292155	52.6683848328
114845	52.612
288545	52.406
29458	52.3756
360549	52.3385
294027	52.289562979
406169	52.0428
27080	51.8873
24848	51.8217329337
307126	51.7378
303016	51.6387397925
500986	51.1997
366889	50.9428
29480	50.8675963186
296281	50.7543
57027	50.504305864
300235	50.3921444536
103693239	50.0335985554
298317	50.0
289874	50.0
299618	50.0
295342	50.0
25444	50.0
307614	50.0
