316435	96.7408
303456	93.99517
361999	93.49472
25248	92.77745
287129	92.67487
58961	92.41022558929
497961	91.66004
360773	91.30376
296787	91.007834389
64312	90.9088492618
64312	90.9088492618
304822	90.24081
291129	90.22256
29546	89.3798040364
362317	88.7899
246047	88.3776
25309	87.9467
315824	87.7183
24577	86.6143
24666	86.535
306575	85.906815379
366277	84.4266
296580	83.3938
314721	82.8202
81002	82.8175
58961	82.7789141602
363228	82.5875
171440	82.515
114095	82.4503
313056	82.098
293012	81.739
81737	81.5971
81737	81.5971
81737	81.5971
81737	81.5971
367714	81.0367889734613
84600	80.5320334895
63883	79.7701
362412	79.4046
313598	79.1008522172
306695	79.0992
298874	78.6486
288182	78.5538
310086	78.4487
305887	78.4060141528
305171	77.5912667956
362751	77.4062
362383	76.8438
309129	76.4028
316023	76.2871
360709	76.276
154985	76.2111
366196	76.1506
29693	75.734
116641	74.9349
246116	74.8865
306439	74.8211
290556	74.7217
25301	74.1485
50665	74.1281
29629	73.973348596
295446	73.6651
64076	72.8589
81516	71.8388
681059	71.7335
362170	71.7206
295607	71.1363
362900	70.553282326
681112	70.4419
303016	70.2999144487316
361319	69.4519
315758	69.292507177
304150	68.9806
680445	68.5795728568
360917	68.4030404674
26955	68.3369
308650	68.297
84032	67.8764
29194	67.7818
295252	66.9574
363465	66.536
81656	66.061693924
305475	65.229076715
296117	65.2269
685258	65.1081
293505	64.6682
314824	64.6237
290749	63.8704
64363	63.8409042404856
291736	63.687
690043	63.3709
311182	63.2656
301489	63.1350031173
294154	62.9984
309126	62.939
117514	62.7601
289311	62.6228
299811	61.6853957268227
84356	61.6089980874
24237	61.2468
305880	61.0942
83523	61.0295516518
24942	60.1998
117255	60.1134
114705	59.5133
362738	59.4535
313242	59.2195
310838	59.1366
25561	59.106
307271	59.0022
24672	58.4974
366894	58.4304704872
117087	57.8715
365872	56.35
302502	56.0375
114628	55.8666
56064	55.6172
64206	55.0109118066
25343	54.6133
680712	53.9328
317256	53.700118564
50677	53.6036
307721	53.4944
83515	52.873
309361	52.7336
29218	51.9343
64088	51.8197
114514	51.5693
24765	51.5394
685472	51.4586
315608	51.3728278632
295319	51.3063
367218	51.2518622177
367218	51.2518622177
305391	50.6631
305851	50.0
313974	50.0
