171304	98.8137288535928
24239	98.70318787682
314930	98.1936795857464
140939	97.87321676296
65033	97.7993641522358
314721	96.8386954388417
360993	96.8268200458139
25654	96.65171871739
25493	95.9490872698
313481	95.9273668324
300756	95.5934037384772
84597	95.53797
361712	95.4940942264
499947	95.2726613961861
64527	95.24825
302935	94.55682141952
317343	94.3518991142
360468	94.0133
56064	93.92225
290783	93.65719
501550	93.54065
302396	93.4434064369
307579	93.2861862208
641521	93.19396
78963	93.1751686075
680149	93.08176
306492	92.82597
361070	92.55939
306197	92.49046
364081	92.3909811573646
353256	92.04633
295692	91.945953829
25094	91.8586960564894
155268	91.83182
291314	91.7524436306
25031	91.19787
313128	91.13323926
171329	91.0613
170843	91.00861
25533	90.7798
314157	90.70342
298555	90.65449
308937	90.57179
27080	90.55502
306404	90.46481
116600	90.24893
290549	90.03918
83526	89.9962585208
291540	89.947744235
303251	89.4825
266705	88.7527
302975	88.6333
683630	88.5089985385
307721	88.4662
289521	88.4552
114845	88.2706698574
298874	88.0687355778698
292843	87.9755
287615	87.5215096844
25336	87.492918329926
679906	86.9603
266808	86.9316533097
309419	86.8773
286988	86.7692784144
80338	86.7378
365395	86.6356
25584	86.3361196006
29463	86.1569
360726	86.0844290972783
304495	86.0546632181052
307667	86.010944896
59317	85.9656
54237	85.916
79249	85.6877
60391	85.6873
310999	85.6679
288092	85.5693
29642	85.5269858495358
24414	85.5014209645
64528	84.9426
309478	84.9179010794928
297784	84.7866
360917	84.7623706506768
288654	84.515
310659	84.178
306814	84.0862
305468	83.9765
687008	83.7949
365468	83.7913
291328	83.6837
306817	83.5717870849
50690	83.4007
25454	83.1521
308944	82.9219
315034	82.8691
689890	82.2423996937619
313729	82.2132
298859	81.9530603836
292199	81.7520833752
245926	81.7428
362665	81.4615316909276
83425	81.2815
307820	81.2712375293695
299714	81.1982
94196	81.1821347472
499431	80.96393809
114517	80.7103280572
360990	80.4504
25544	80.360866805023
81679	80.3365
361041	80.2203
192183	80.14991658
314228	80.0857
24255	80.0454
311336	79.9781
307724	79.933771342
25614	79.8803
362279	79.6976
117049	79.6604
309129	79.592641519
84410	79.5461
100362347	79.4803522584
312372	79.2938
308113	78.804248278
64566	78.7153985407156
303831	78.7008
288289	78.5425
29657	78.5061
291352	78.3170626384
24413	78.1355
302495	78.0455995805
499508	77.9683
500715	77.868
297486	77.813700684
304109	77.668
304063	77.6142120961
688777	77.5269553069
294708	77.5157
293184	77.4937
499966	77.4531903233031
306687	77.2847
286759	77.2685
192154	77.208399758
301374	77.1209933308
24414	77.0871922035
24904	76.9547
500116	76.9135600256
313061	76.7701826596
84482	76.6247
310552	76.4712
309532	76.4603
293060	76.378567581
361745	76.3311
24482	76.2689
24482	76.2689
293046	76.194
309135	76.1647
24482	76.1183
24482	76.1183
313554	76.0766424174
307271	76.0402
85384	75.9984
493810	75.987114868
58850	75.928
252920	75.9243122093034
309081	75.6923
360833	75.6761
25149	75.3198
314850	75.2752533604137
304850	75.2131
311591	75.0808
309812	75.02844493
307855	74.9952
303016	74.9595233752
360681	74.9179490212
29562	74.7376
299691	74.634
289350	74.4583
363153	74.3586072234
29358	74.1209
313323	74.1188
297508	74.0661
307740	73.8364
100362678	73.8317
171121	73.5629
309053	73.5554
29157	73.3935
292148	73.314
362918	73.2686
309630	73.21
291044	73.1253
140586	72.8967
298184	72.8266
64033	72.8039
361585	72.7094606976076
24398	72.4425323908
299002	72.2829574728265
368042	72.2513111678727
362356	72.2436
300772	72.1774
304758	72.1227069137023
60430	71.9816
117268	71.7288
363131	71.6135
25716	71.4675
117036	71.4271
311171	71.2429999042325
304960	71.0045
361825	70.9859
117284	70.9702
313242	70.9546454358713
313125	70.8807
114494	70.833
294250	70.8292
316482	70.798425598
311968	70.7807
170933	70.4718
303281	70.1586
297942	70.1216929261
304799	70.048482622
84010	69.9964
29573	69.7707
316415	69.7629
364786	69.7305
25569	69.5952
301575	69.4737
308663	69.4093261598
289144	69.3186
303602	69.2665376966664
311456	69.0544
140666	68.9644443192
687105	68.9229
299811	68.9012394208352
313954	68.8542
307395	68.7801
315259	68.77405
24225	68.7424
24225	68.7424
24225	68.7424
24225	68.7424
24225	68.7424
24225	68.7424
24225	68.7424
24225	68.7424
24225	68.7424
24225	68.7424
282825	68.5771
25270	68.3858
313838	68.1717
310791	68.1665
362152	68.1026472406
114637	67.9402
362697	67.834
295620	67.7882
170842	67.7653
360869	67.7154
298441	67.6757
24356	67.315966909
304763	67.1009
310753	67.0871
116682	67.0786
304832	67.0306
83788	66.8894
83788	66.8894
83788	66.8894
311332	66.8833
308669	66.8785
300266	66.8785
304218	66.8441
304218	66.8441
317444	66.76
79434	66.7391
25690	66.6793
25690	66.6793
58923	66.4589
500219	66.4579
25690	66.4512
316023	66.4064
116644	66.2744
307766	66.196548857384
117544	66.1805958093
305428	65.9296
314859	65.8074
309008	65.7302
24416	65.6188
294962	65.5873
25261	65.524
303206	65.4668
83572	65.3830874134
305367	65.2353015502
297797	65.2199
364712	65.1995
308845	65.1414
290905	65.0339
299180	64.845
58857	64.7143
29146	64.5431083382
365865	64.5137
361057	64.3709
304074	64.27
294019	64.24725
298757	64.2116
25565	64.2006
307016	64.049894761615
361944	63.876
361944	63.876
81732	63.8569
85267	63.8539749321
83425	63.8483
313438	63.7751
680712	63.6387
50552	63.634
64469	63.6026946008
94267	63.569280858
362533	63.5122
316611	63.4958
308097	63.4851645443
315608	63.4093
292721	63.3885
116740	63.3091
170845	63.2823
406164	63.2822
498959	63.2411
25248	63.2369
298894	63.226375458
100360100	63.2263
24392	63.1946
24922	63.1892
84411	63.1308
307500	63.0759682012
306941	62.8457
296467	62.7373
288308	62.7271
24398	62.7011
170567	62.653
315804	62.6459
360980	62.3307
266735	62.3126
266735	62.3126
266735	62.3126
308668	62.2463
287598	62.2225138315
679693	62.2225
116490	62.0743
314647	61.9285
291403	61.8018
303336	61.7763
303336	61.7763
311098	61.7680232062
362978	61.7072
85424	61.6106
317580	61.4173
303132	61.2118350187884
313874	60.9721
313749	60.8631
303803	60.6741262146
171093	60.6588
361442	60.6188
365755	60.5672
310506	60.4979598395057
291100	60.4510623875
311384	60.3433
361920	60.272020574
312159	60.2671259536
313620	60.2596
58982	60.2007
259226	60.0521
29721	59.9343
60447	59.8262522504
60447	59.8262522504
192248	59.8078205605
299810	59.7026
171086	59.6743037155245
84577	59.5435
140941	59.5147
117255	59.419
25480	59.4028
100361133	59.3792
499020	59.2514
499020	59.2514
301285	59.125186084
314401	58.9054
29335	58.899
306548	58.8749
303554	58.8013
114767	58.7913
29335	58.7713
50622	58.7664
305935	58.7359
85489	58.7149
114906	58.6848
305571	58.67
117140	58.6472
114024	58.6196
313418	58.4904863236
303351	58.485
498256	58.4759812075584
296925	58.4281
499330	58.4128018375
311311	58.3971
361285	57.9907
252889	57.8083226285738
64521	57.6575697774008
314713	57.5903
299608	57.4951
295327	57.4614
680014	57.3705
315497	57.3533
308215	57.0992
303403	56.9527
296501	56.7687
24379	56.7427
25483	56.6931
290467	56.6223
305171	56.5447
79242	56.5372
25537	56.4859
302864	56.4308
29577	56.4171
79256	56.3521
79256	56.3521
79256	56.3521
79256	56.3521
171046	56.1474
171046	56.1474
25675	56.042565339
362871	56.0346
293112	56.017014089
64016	55.8956
24604	55.8583
497961	55.834
363016	55.7967
65157	55.7939
306571	55.7683
297783	55.5329
116690	55.4776
116690	55.4776
116690	55.4776
116690	55.4776
24831	55.3834
24831	55.3834
303396	55.2637050905899
309095	55.1662
681178	55.0278
306141	54.9513
117016	54.9435
613226	54.8872413174
366169	54.8592
365963	54.6354
25151	54.4374
304547	54.3964
501157	54.3321895996
289990	54.1659164224
360230	54.0138041808
307296	53.922
25125	53.7333
309544	53.7116
192361	53.6051
360632	53.5445
84488	53.5245
29521	53.4836
29279	53.2910155079
361783	53.2492811026
83709	53.2346
58954	53.160349575
362325	53.1542
316064	53.1500541664
25639	53.0638
287703	53.0268
117520	52.853100757
117520	52.853100757
117520	52.853100757
114553	52.839095184
83515	52.75
291259	52.7409420734
291259	52.7409420734
291259	52.7409420734
291259	52.7409420734
289181	52.4875
116506	52.2181
116506	52.2181
246150	52.12831944
117548	51.9043
362051	51.8527
317271	51.6203437152
365355	51.5866
498545	51.5659
498545	51.5659
300813	51.5387721172
170927	51.4593
680445	51.4375799564
100362805	51.2708
307070	51.2021
83824	51.1153805158
309035	51.0696
503018	51.0382906426
498328	51.0165
365652	50.9331
29622	50.9319
363632	50.8975
685232	50.8516
24718	50.8418
24667	50.7906
361601	50.5453
305586	50.491031368
83497	50.4107903872
690911	50.1828439555
305497	50.0726638672
171447	50.0
309400	50.0
171447	50.0
171447	50.0
171447	50.0
81005	50.0
303601	50.0
117549	50.0
171447	50.0
303200	50.0
290447	50.0
171447	50.0
171447	50.0
