291130	99.138540076499
29670	96.47115329104
29627	96.0533391623
288306	95.69886
311426	95.2160001035309
29627	94.4401327028
295027	93.04202
306722	92.10324
29216	91.9549747926285
29588	91.670816138833
499914	91.38101
299127	91.32902
680737	91.14862
25094	90.5673
59265	90.27882
24459	90.03945
363474	89.523
24778	89.1766643858
679906	88.804
25136	88.1173
84556	87.0853
307820	86.7758231939
64845	86.3914
311508	85.836756840394
304775	85.7054
691429	85.467782711
140586	84.8944
83633	84.8267681424
252961	84.0112753549
252961	84.0112753549
315615	83.848
288482	83.4629295316
363137	83.4329
252963	83.0234740244
298584	82.7646
25671	82.1814
257646	81.9029404990356
54241	81.8027
312052	81.458
312952	81.2623255302
362078	81.2559
361632	80.8553258795
291553	80.8044
25717	80.7233
117268	80.4106
500564	80.376763653
365984	80.1788790998
306404	80.0158
314436	79.7607
54251	79.6531140131
192350	79.4146556124
298787	79.252108186
84050	78.9776
314999	78.6431
58940	78.4393
29492	78.298
314743	78.15539155
64134	77.6369
432358	77.5552
314384	76.4489712163033
362393	76.1695
245903	76.1676
117098	76.0028
282843	75.8801
171565	75.785119948
58936	75.6581
300900	74.7897
81640	74.6416
24674	74.6153
311621	74.4615
64531	74.1092649757
29693	74.0534
25615	73.6223
192180	73.5353
246116	73.4808
288702	72.9112
301388	72.9074578956
360697	72.8648234341464
498407	72.6952
499157	72.5369
317312	72.4307
114490	71.7646
309533	71.4912
290206	70.4887621516
291212	70.4838
654517	70.3967
170920	70.1209
29279	69.9122
309407	69.7976829601
310261	69.6438977668137
302935	69.6353695988
301285	69.5553
303630	69.0386
304741	68.6567806857708
171178	68.3763
360503	67.99
305581	67.9847
29498	67.8076
94272	67.7141777470456
287927	67.2316
300228	66.8832460808
304063	66.7561878812
192359	66.7257
113958	66.4894363225
316611	66.4825
288908	66.2736
171297	66.210075832
314771	66.1305
289201	66.0810158605
29657	66.0434
24796	66.0422
360613	65.9354
113919	65.4137042633255
297961	65.3174
24650	64.9882
29130	64.9428
498335	64.8494
290947	64.7684
171485	64.7268594716976
307997	64.4693538902277
303375	64.2033
290997	64.1667
64521	63.94345
311437	63.7904
286984	63.7264525920532
295953	63.6782596019164
300253	63.6738452331
65161	63.6701
362700	63.4915
81531	62.5797
266761	61.9914
292658	61.9379
58850	61.9358
25577	61.5988
311236	61.5136
363247	61.431872746
79237	61.3572
497991	61.309
25711	60.8491
24326	60.7654
25743	60.7038534995276
361677	60.7003173141
29699	60.5994
64510	60.4981
687813	60.4302
25404	60.4141860702
25404	60.4141860702
499966	60.4136
29154	60.3872
292999	59.7448982404
297705	59.7217270520211
363228	59.2008578075194
314638	59.1852636059093
501083	59.160621252
140544	58.982
288105	58.910681223
312656	58.7799826728
81655	58.746
114104	58.5347
287522	58.3586
362819	58.2438
295382	58.1228
314637	58.1033
296954	57.9746758070889
314320	57.8288740415
317578	57.5847782401
399684	57.3677
25243	57.2720239009742
303601	57.0359
499593	56.7444
170924	56.7051
116500	56.6951
293415	56.4287
29665	56.4278876272
501203	56.3253
499194	55.7748
24225	55.5635
24225	55.5635
24225	55.5635
24225	55.5635
24225	55.5635
24225	55.5635
24225	55.5635
24225	55.5635
24225	55.5635
24225	55.5635
296969	55.5340552264
304298	55.3129
306809	54.9832
292843	54.9376
29473	54.7735148656269
246264	54.7728
362170	54.4112693632
296966	54.3152871030172
362481	54.3049
24766	54.087912235
316067	54.021
308021	53.989714708
29448	53.9729
315824	53.9258
289353	53.7444950428
287134	53.566192918
290549	53.3431
309243	53.209
64549	53.0797
294753	53.0198
316426	52.8557
114494	52.8108
361884	52.5022
641521	52.1767
293546	51.7575
306809	51.7295
313929	51.5164
313027	51.2526
500036	51.2456
287942	51.1281
362151	50.9989
29402	50.9176
84589	50.9067
25620	50.7780445104436
310630	50.764153405
25620	50.7528338384849
25620	50.7528338384849
25620	50.7528338384849
292305	50.6809
299599	50.0
286993	50.0
294753	50.0
81738	50.0
