291597	94.96317
84487	94.846690775
29502	94.67510982375
29458	94.05171
289129	93.30118
50552	92.92896
308624	92.80274
59265	92.67481
24252	92.48074
24252	92.48074
24252	92.48074
24252	92.48074
116647	92.31741
432358	91.92036
301309	91.55172
303336	91.43694
303336	91.43694
306819	91.10197
259273	90.6661
25154	89.5599
246152	89.3246
311562	88.1971
294981	88.1253
114489	88.0464
83571	88.0323
361920	87.597
252961	87.5751
252961	87.5751
304488	87.3834
64845	86.8391
305826	85.543
290401	85.0581
290401	85.0581
29456	84.6776
290401	84.5944
360956	84.3734
360956	84.3734
360956	84.3734
306147	83.6364
360854	83.0235
360668	82.942
313961	82.7026
312192	81.473570774
170520	79.809
25110	79.3017
60325	79.0731
296229	77.9408
362110	77.44
24695	76.9262
252920	75.9962
307092	75.8454
309957	75.3461
29636	75.1352
114502	75.0476
65248	74.9504
306439	74.2286
29717	73.7434
29717	73.7434
308845	73.3337
292994	73.3238
25376	73.0517
296153	72.9671
25689	71.749
365751	71.3918
365793	71.0185
307296	70.833
291912	70.3594
83824	70.2329579818
365367	69.4224
29154	68.1
60447	68.0296
117180	67.9863
690419	67.7166
366275	67.462887976
81652	67.0086
25694	66.5073
304733	64.6623
85238	64.1861
287125	64.1411
501145	64.062
314894	64.0479
291182	63.8953
79120	63.6248
304962	63.396
299714	62.6882
500972	62.4510664074
29591	62.4397
316021	62.4251656304
81707	62.124
307540	61.7511
296988	61.5899
29199	60.8865
29199	60.8865
29199	60.8865
296925	60.163451479
24482	60.0385
24482	60.0385
24482	59.8975
24482	59.8975
286996	59.7909
306091	59.2223
312251	58.9994
305164	58.9474
306424	58.5874
192178	58.32
292760	58.047
300266	57.3363
25439	57.2848
291549	57.0926
292758	55.7903
286973	55.5589
363266	55.219
114481	54.9799
315341	54.7247
59318	53.656
500037	53.3146
305679	53.1561
29500	52.8917
25478	52.8469
316415	52.5241
170904	52.4753397103
308218	52.2476
25098	51.9354
25405	51.7852
293113	51.7767
288585	51.7598
300985	51.6874635544
116506	51.5377
116506	51.5377
25469	51.1479
116597	51.1412
309526	51.0457
500638	50.7307
364634	50.0
290789	50.0
