298765	97.3078616641716
313994	96.99306
307309	96.95387828
315217	96.7245918054448
361688	96.64598
294993	95.640099845
364706	95.33641204702
24831	94.780721476
50690	94.11228
114593	93.78657
114901	93.65299
287615	93.4760183232
140666	93.11908
25514	92.31781
24895	91.66939
306817	91.334750092
171381	91.05566
685474	90.96689
685474	90.96689
685474	90.96689
303567	90.62651
117536	90.28142
290501	90.26855
363412	89.9633
25640	89.8902
25640	89.8902
25640	89.8902
363603	89.878
311622	89.6191110649523
29458	89.4992895492
24705	89.2943
301085	89.2789
299802	89.1221221619
311842	89.0429026144
282634	88.6257
117536	88.4971
117536	88.4971
117536	88.4971
314647	88.4650654970456
25682	88.4556568230684
308896	88.2318
313609	88.1144
94270	87.9713929300892
94270	87.9713929300892
94270	87.9713929300892
291463	87.92083615
24831	87.6538923808
689852	87.0885
361554	86.7616
25620	86.6176034011
25620	86.5899287806
25620	86.5899287806
25620	86.5899287806
25537	86.494795502
246245	86.2306
25620	86.0596107255
25620	86.0596107255
25620	86.0596107255
25620	86.0596107255
304431	85.3913
171120	85.2772
289992	84.6607
362393	84.6016
303693	84.3379
362831	84.2419
25433	84.0993
29502	84.0710228395
25439	83.8247
83836	83.3605703884
502372	82.8672
360498	82.6871
309165	82.1127
65172	82.0649
25614	81.9342
295322	81.745384
312299	81.5598
292597	81.4883430807
363067	81.3446494084321
499882	81.3086
315594	81.0904
304410	81.0405235245723
361159	80.7868
65157	80.7003436792148
361676	80.6075
368002	80.2019
301513	80.1117
303251	80.0617
117063	79.7823
286979	79.3667
287362	79.2362
81771	79.0027
303396	78.6546305737347
306814	78.4874838919
288447	77.8718
308988	77.3362
295293	77.2646240378385
24629	77.1687
312192	76.4595
310506	76.4420866499947
25058	76.4013
29209	76.3812
298500	75.9502
295607	75.7833
29463	75.6346
364712	75.4872
29261	75.3459
315134	75.1793
24768	74.7216
246771	74.5396148047601
54355	74.5104
302396	74.4450853877
293023	74.4036980736
309144	74.4002478694
65160	73.802
306994	73.7011
50552	73.6388
80850	73.506
80850	73.506
300679	73.1921040568
25113	72.7721184943
497198	72.7702
290912	72.76
25193	72.6221
25666	72.235
290519	72.2152
295342	72.073
303824	72.0602
303824	72.0602
25478	71.8471127638
307500	71.6770709344
116500	71.4816
292710	70.9928
140923	70.8535
85246	70.7945755886504
360534	70.4474384104
306328	70.4002
316317	70.3013
312903	70.2697
303292	70.1283
307907	70.1227
314930	70.0924
366251	69.9498715178443
140607	69.9371
116590	69.88
64154	69.862110229
292686	69.7752082849
309168	69.7699
25294	69.5088
311913	69.4657
60394	69.272498338
156873	69.1476
362246	69.1093134082
303792	69.0857
301579	68.9451022525307
305438	68.3578333516
83534	67.1761093747
83731	67.0408
500790	66.7302
303101	66.6811
25342	66.6192
312647	66.4658
361069	66.4528
306128	66.411625336
307905	66.3996
24167	66.3215
24167	66.3215
24167	66.3215
24167	66.3215
24167	66.3215
24167	66.3215
366265	65.9711938325453
297342	65.403
289342	65.3874
307806	65.2708
29682	64.4972
24499	64.3594
311355	64.3113700867
64460	64.2473
80278	64.1189976281
304277	64.0287
79125	63.9095
54323	63.8184960832
298992	63.72
312451	63.6333
89819	63.2245
58838	63.0950836175
313594	62.9168
311617	62.8495
311505	62.8418
266806	62.8154
313594	62.8144
288731	62.6286
81664	62.5284353812
59106	62.495930468
310086	62.4286477673
306307	62.423922365
60447	62.4228135664
60447	62.4228135664
687105	62.1740806907024
300948	62.0846
29641	62.0814
302938	61.7330440844
290669	61.6315
311607	61.5535
305719	61.4767
192246	61.437
290632	61.3088
311487	61.2768
290668	61.1596594424086
60465	60.9698605244
361315	60.8223
361271	60.8121
25054	60.3916694200005
25335	60.3842
246120	60.3084
296580	60.1791
499964	60.0554
25662	59.8575
306672	59.7692
25622	59.57
25622	59.57
310756	59.5057
290635	59.1566
295211	59.0245
29560	58.9916
314711	58.9792
113893	58.4822
116673	58.0639303213
289482	57.8724172456
293587	57.7211
116502	57.6141
690966	57.4531
289026	57.1849
309514	57.148626073014
24188	56.9239
171178	56.8816
29533	56.6446
498798	56.6052
361422	56.5234
298034	56.2783
362835	56.2735216612667
308899	56.2189551292
308899	56.2189551292
85258	56.0042
297804	55.8336
64626	55.6321
117059	55.6292995900857
259233	55.3977
246249	55.2602
366163	55.084
315524	54.7019939413
170943	54.6447
312504	54.6206
361435	54.6009
286939	54.5371405610702
307382	54.2937835345137
29602	54.230696176
310760	54.1833
140473	54.1636
308995	54.0481
58840	53.8455
78969	53.8187
294747	53.7597
296390	53.2837
293181	53.2047
29227	53.1494
56781	53.1328
56781	53.1328
81818	53.0268
303059	52.9968660158
306571	52.7507
83683	52.5924
300666	52.4745
312678	52.4336
296084	52.1623
25425	51.9651974869
64845	51.707
305464	51.6569
83709	51.6152548003
85254	51.5178
94272	51.4552
246116	51.2801
305624	51.0816
192247	51.0767
302612	51.0035
81519	50.9289
287521	50.8877553182201
309051	50.7991
298534	50.735967594
301346	50.6375
293476	50.531
81613	50.3988123061
81613	50.3988123061
302993	50.1332848633
287441	50.1311544406
266777	50.0425384962313
498898	50.0
301416	50.0
81655	50.0
