317589	96.42868
310806	93.27800949115
100360334	93.12713
81780	90.96101
56042	90.77843
308126	90.32998
29647	90.05158
117275	88.6193
192270	87.3021
306000	86.6296
316351	86.433
25368	86.3563
365755	86.032
301306	85.9526
502525	84.3137
310969	83.2521
25549	83.197465265
25110	83.0446
245926	82.2721
25247	82.15
362831	82.1023
192361	82.0649
304092	81.4546
29424	81.4461214307
24379	81.0307
117097	80.8059
58820	80.7778
309153	80.2791
302415	79.3051
309565	78.1313
308523	78.1067
84046	77.5698
305149	77.1206
295327	77.0966633713851
25347	76.9664
684097	76.0108
308800	74.9469
79124	74.7561921418
24908	73.9419
94188	73.1346
302363	72.9984
300173	72.8874766176828
308493	72.7518
288025	72.021664342
293551	71.878
24176	71.6368
25392	71.2662
303824	71.2569
303824	71.2569
291793	71.0077969025
29300	71.0009
302864	70.717
117037	70.4722
305341	70.248888244
297453	69.8839
360820	69.6981
309986	69.41
362678	69.2331
207122	69.1324
102548228	69.0858
306436	68.8618
303754	68.7007
289874	68.5597
300228	68.0245
25263	67.7475
362264	67.2154189862
312828	66.4123
81920	66.383
493574	66.2612
246282	66.215106317
301365	65.981
300994	65.3874
291604	65.349
310638	64.6865
83824	64.4794
303547	64.433
297437	64.3764
297437	64.3764
316400	63.8598
363062	63.4695
309407	63.4485
305317	63.4225358035075
296501	62.8032
691431	62.7833
79209	61.9293
64551	61.7414
64551	61.7414
316033	61.698
500040	61.4093
84586	61.0404
362956	60.5549
83469	60.3723064414515
29627	59.95365376
29627	59.95365376
25054	59.8902
314384	59.8430634112
360878	59.7006
116663	59.5113916996
291608	59.3908
289276	59.0657647474
312159	58.8304
25687	58.6728
294018	58.49
25205	57.8084987571315
366624	57.6461199018
60384	57.085
295455	57.080511745
311952	56.9061
311952	56.9061
499308	56.6741026714
315795	56.5078908095599
307947	56.4084
362199	55.9821
313108	55.6985
314862	55.6702
304323	55.5466
25336	55.5425511632
287435	55.4741
29544	55.2825383464
303763	55.0667
311456	54.9581
313949	54.7594
500485	54.6309
25544	54.3588419584
307855	53.8668
85264	53.636725229
84587	53.5913
295500	53.5561
287927	53.4486
29688	53.1014
25613	53.0716
315666	52.4031
288821	52.2595
29483	52.139417468
29483	52.139417468
29483	52.139417468
29483	52.139417468
289315	52.0936
302373	51.8057778764
89784	51.6507
311530	51.5758
297784	51.5016
315309	51.3813277
306492	50.8437
316409	50.7467055952
289277	50.5865
300983	50.5254128884
307986	50.4338072554
58834	50.0
25298	50.0
