307415	96.7676517841827
305497	95.5105677900046
302489	94.10222
499878	94.0918524876
65035	94.08991
65035	94.08991
306862	94.00590351822
292127	93.95764
65035	93.87737
84487	92.93573404371
291314	91.830025024
24411	90.97781
171070	90.65006
302507	90.42455
50555	89.746582843
114861	89.6447
298317	89.6021
64896	89.3594
314288	87.7034
25055	87.0227
315137	86.7361
306809	86.626
29134	86.516
497886	86.3399
298936	86.2495
59296	85.5468
50577	85.054
309812	85.024465217
353256	84.9634
64192	84.7763
290567	84.6757
301007	84.1984
66015	84.1641
300455	84.1290670918
683927	82.5229024972
316327	81.9935
360739	81.9317
361677	81.8095238496
312159	81.7219
24942	81.5684414147
29323	81.261
306183	80.7528328404
170908	80.5851
302711	80.2505
24924	80.193
60382	80.1774
266780	80.1679663184
246174	80.0378
307479	79.8898
117186	79.1316
29564	78.4732657302
293117	78.3279189835
305586	78.2326
310533	77.701
29413	77.5372
289382	77.4734
29194	76.9066
266761	76.8218
306809	76.6952
680445	75.9632063552
25428	75.5777695264
686611	74.5957
686611	74.5957
25062	74.4797
313121	74.0481499276
362316	73.7279073400401
305454	73.6748
53372	73.4097
59088	72.8475
286889	72.5255
305021	72.5003
298982	72.2909
311252	71.7708
84550	71.666
317218	71.6183
311919	71.3557598113
305482	71.2998
298288	70.7756
310764	70.6836
309533	70.5107120145
315870	70.433360128
304055	70.1635
306765	70.1355
84029	69.5733
29591	69.1896
365548	69.0909
361018	68.8819
289278	68.4251
25099	67.9553
294299	67.7146
315608	67.111
313061	66.9974
300679	66.8781
308449	66.8368
292684	66.5089
313304	66.232
25448	66.2285
361634	66.0861
58921	65.9233
311325	65.866
360992	65.4204442984
140448	65.3503
366872	65.249
293561	65.128702051
311530	65.1119
691429	64.6081976097357
192260	64.6056
117519	64.2337
192257	64.1189409058
24257	63.9873
25541	63.9732
307500	63.9481075808
114248	63.8395
289810	63.7005
300027	63.4927522301
293546	63.148
314818	63.0607
306253	62.431
300759	62.3753
362871	62.3261
25287	62.1626
114104	61.8413
64440	61.6762
288322	61.2456
287382	61.1455
361627	61.0817
299602	61.0347
291796	60.9986
25253	60.5709
81771	60.445
29705	60.4304
360579	60.3093
289185	60.0318
171075	59.9075
171075	59.9075
362813	59.8397
362813	59.8397
24770	59.693
64469	59.5852706635
362049	59.5384078888
294744	59.531759179
170924	59.2805
288151	59.2734
360600	59.2734
207122	59.2671
89816	59.2314
25112	59.0554
498609	58.7191
116665	58.695
64563	58.550831258
117048	58.4686
316482	58.3282
252917	58.3107
252917	58.3107
361935	58.2126
24534	57.7516
24534	57.7516
295319	57.5991
78956	57.5530080842
310760	57.5365
29344	57.4999
309729	57.2136780864676
307997	56.9255399725
81678	56.6586
365748	56.074070544
315496	55.7424772537674
114106	55.5902
24397	55.270282492
691042	55.2403
311642	54.4888935536
288762	54.4762258126
365380	54.3464
315550	53.6893
361467	53.6544
296302	53.3729
84016	53.2614
304923	53.2546566226
300018	53.170426919
83683	53.0284
310086	52.7126626852
497757	52.5856
308100	52.3675
305719	52.3479
303599	51.8709
56064	51.8256
29364	51.61
29509	51.4023
363599	51.1656
25509	51.0119
313598	51.009
314028	50.8996
300474	50.7699107488
287433	50.5541
29737	50.5472
298184	50.5462
25281	50.2287296616
502894	50.0
685472	50.0
287607	50.0
365793	50.0
