25405	98.8164063044863
192178	98.8053352192375
25293	98.7599476581282
170842	98.558419472927
25293	97.9348311989657
25293	97.9348311989657
25293	97.9348311989657
25360	97.7585119654
364224	97.3963324412
361866	96.45284
306860	95.97178432192
25293	95.7453829986803
685472	95.5805491382
313387	95.53841
363849	95.0324751788
54244	94.85344
314205	94.84399882
691431	94.5162546032
24706	94.091073325
288257	93.93146
362686	93.81975
304832	93.6667793305
311245	93.16307
79121	92.92308
310399	92.20436931863
64387	91.757
25404	91.275828577
25404	91.275828577
117033	91.22399
116546	90.5973090112
306526	90.59394
293615	90.5422248916
65248	90.346249611
116967	90.31701
296049	90.24692
24917	90.11862
296178	89.9797453765
64823	89.7724019416
25281	89.7008
65196	89.5743
289168	89.5207
289809	89.4933
300880	89.1011
287543	88.7885
362871	88.4936111317653
308864	88.2759
362316	88.2133
25467	88.1392
25537	87.9393468834
296580	87.4459421311649
24397	87.4239
302705	87.4152
83685	86.9807954672
84550	86.8083004144
689972	86.7722
304109	86.7068695298
317247	86.6648442803403
25736	86.4096170036
116693	86.393
29456	86.361599592
170904	86.1859260172
361626	85.8827307376
60331	85.87508781
294449	85.8748
502902	85.8339
304859	85.7086
367218	85.695
367218	85.695
361615	85.3059172933
296102	85.300341632
29189	84.8326
57301	84.7836
24617	84.6322
29279	84.4788916326908
298792	84.358
310392	84.2660482513084
363227	84.1296014714
362489	83.79476581
306459	83.7568323076
314743	83.6414
360602	83.4255
29629	83.2822834
29629	83.2822834
299138	83.1380966859176
313427	83.0802
306261	83.0342071456
117540	83.0307
312382	83.0257
286981	82.9298
298184	82.8057301047
362550	82.7174
288364	82.6686
83720	82.4467
117544	82.424202742369
288077	81.6045
297911	81.5675
289515	81.3133845332
299256	81.2601233618
309772	81.2037
83571	81.1135
54296	81.0136
361666	80.8797
25651	80.8061990605
313308	80.7069
295619	80.6772
680486	80.6590373841645
691209	80.4793
501195	80.1520100122
25603	80.1376383865
308692	80.0332
296349	80.0014
498301	79.981786872
315973	79.436
362021	79.3699015744
24413	79.3324083286
29434	79.2001
29139	78.961
24242	78.7995
309361	78.7963
373544	78.522452259
316254	78.4169
288821	78.2446729912
316211	78.209103391
83576	78.1246914325
361789	77.6306
361389	77.6127
294948	77.5289248714
64631	77.3697
292156	77.2414
619385	77.1622
317268	77.1323
286928	77.0339
302492	76.4592
498486	76.2917
498486	76.2917
103691034	76.1669538792
53982	76.1620454664
313121	75.9966781232
287703	75.8367
363544	75.7066
85272	75.5349
306375	75.5205
363228	75.4517611079
84608	75.3264665
303236	75.2256727468
308993	75.1834
305317	75.1216
308282	75.0692309461
288108	75.005
365802	74.8127
246150	74.6036
287477	74.543
298890	74.3846
364785	74.2779
361295	74.2639527841256
499353	74.0984
308667	73.8227
292462	73.7913
317630	73.5003
300189	73.4221
192226	73.3808
58823	73.35675
302369	73.2915
100361133	73.1194607359
293864	73.0627
291352	72.9856095983
60586	72.8806
89826	72.8318
84010	72.4933
66014	72.4546
50685	72.4481
293570	72.327
303399	72.3154
293017	72.1615
81736	72.1259
308265	72.0839470708728
84352	71.839192877
60582	71.7904
296541	71.7232
58961	71.6226
58961	71.6226
360916	71.5876
304074	71.4543584
303394	71.2976126219
691380	71.254
299907	71.218575724
307200	71.0979
310791	71.0683730618
498587	70.9408
498587	70.9408
302396	70.7862582831827
259241	70.7008692345028
171563	70.5751
365895	70.4844218408365
294074	70.4232
305586	70.3546883184
361705	70.3347
298280	70.1777985793
361159	70.143991202
500069	69.8841436440213
373541	69.7811
373541	69.7811
24667	69.6695
295953	69.5782
29753	69.3420648868
24398	69.2418418388
303208	69.2022
60447	69.1625719066494
60447	69.1625719066494
305861	69.0617
288108	68.914
292124	68.8671
310261	68.6955529263717
303803	68.5957
294715	68.4904
293061	68.3801731567326
365592	68.3182
362483	67.8908
310670	67.7171
298653	67.4808867176
140941	67.1798
170698	67.10564463
103693419	67.0336668545948
192359	66.9639
25429	66.8202
64678	66.7696
313438	66.6098
499745	66.5263
316539	66.3345279229627
312678	66.2671597680063
304885	66.1318947248
366894	66.0225996107852
24708	65.8613
155918	65.8433845388831
25706	65.731351267
260327	65.5112
312915	65.369332056
100911069	65.1248424084
113965	65.004123136
363519	64.9873
304741	64.9853014171787
81748	64.9440909975
313994	64.8014395616
291737	64.69103393
114845	64.2681
25094	64.0704950742
361688	64.029676651
295457	63.9885812959
313954	63.8655
308361	63.6923786596543
296086	63.5452
315567	63.5351582
679668	63.5092
50658	63.4798
50658	63.4798
361628	63.314541586
50658	63.2553
294395	62.9491
690632	62.9312
316400	62.8626
287925	62.809
689704	62.7957
29650	62.3132
684538	62.2991
85384	62.2854
287920	62.1854
291439	62.096
502020	61.7672319111
294708	61.6085
362900	61.3391
309441	61.2847
306792	61.2172717934
89814	61.1196
314785	60.7092
305268	60.5831121008
299201	60.5801
140945	60.4416
140945	60.4416
25694	60.4264476463463
309457	60.2045
306630	60.1875363151893
25640	59.9784
25640	59.9784
25640	59.9784
304833	59.9669
497978	59.7354
24392	59.6555306878
170913	59.27685
171064	59.1793722144
307503	58.8947
500077	58.6133
266631	58.2753
25553	58.0395437831
303596	57.982
301709	57.9244
498140	57.8002
362859	57.7889
116723	57.7785
304244	57.75847616
298066	57.6877
113919	57.6455361692
364855	57.5508
291100	57.5129554045215
64668	57.4829
113948	57.3166
58840	57.2218
362612	57.1638
296182	57.1208319803847
311129	56.9316
54299	56.9268
303614	56.897064811
307180	56.8661439812517
287521	56.6082806173
362304	56.5874
25705	56.5798
312451	56.5382
682988	56.2935
81668	56.16228686
363676	55.9677
246153	55.8712288162258
362700	55.8431
309081	55.7219623276
117104	55.7085
25275	55.6956
306619	55.6816
170906	55.5944
432358	55.4878
64519	55.4032
293504	55.3433
305078	55.1311
25124	55.1254
312828	55.0114
84587	54.9658
289717	54.8932300515
24680	54.7986
25454	54.7637816350122
312108	54.7477
500690	54.6322
313876	54.4588
25743	53.9178978196
499322	53.9009
64440	53.8067
246187	53.7169
619393	53.6594
116682	53.655305488
29528	53.6401
29144	53.470885781
619385	53.1992
266777	52.973130778
303496	52.8320854174
291133	52.7425447967495
365963	52.7072
65190	52.639806386
365652	52.393914286
24483	52.3575
24483	52.3575
24483	52.3575
300756	52.3572969037
301674	52.1408
305795	52.054077475
305497	51.1889
361679	51.1562
312373	50.8527980585
362142	50.7908
56826	50.7227
361086	50.6068
296954	50.5313
310785	50.4774584572
50566	50.2271877912581
366889	50.0
29750	50.0
304786	50.0
311114	50.0
360703	50.0
315804	50.0
365948	50.0
361285	50.0
362721	50.0
310855	50.0
