315158	97.8273602868832
362645	95.9251420128
407765	95.8758319788011
299638	95.25928
501099	94.1890667433187
362965	93.7599207884783
286964	93.68938
365872	93.403693814895
399489	92.9260698112
24483	92.626052838597
24483	92.626052838597
24483	92.626052838597
29619	91.87467
304592	91.8740679042962
25125	91.688346089
308759	91.62905
25023	91.33021
116557	91.0860820410496
500874	90.66805
64043	90.1435753950142
314304	90.03052
116491	89.8976
171352	89.3549
85246	89.3270625458518
362394	89.0476192808297
313729	88.5072
29140	88.4477023676
287949	87.7508
316516	87.662889064
293453	86.8368577263545
300074	86.7337
299131	85.7541
299156	85.675396981
291637	85.1893
252897	85.1893
291635	85.1893
498847	85.1893
252895	85.1893
116782	85.1893
363249	85.1851477989332
94199	84.9795
305438	84.8660127610898
65131	84.3310165016741
89817	84.1488746489
308961	83.6487
497948	83.3817412285
362102	83.2365219742
288734	83.0879
24881	82.6634
305826	82.6151915788
305434	82.4275
59312	82.271830508663
252919	82.0844
29640	81.8887
312677	81.8717
58923	81.331373955
312727	81.0753
58958	81.0430916702
100362678	80.9208
140734	80.7366
500300	80.7089
312728	79.8664324616
294562	79.748720938
313409	79.3664
311193	79.2558
303004	79.0846175526
246142	78.9634
84489	78.9171662581
50938	78.6961
307900	78.6271925660516
362279	78.5289469108
305479	78.0757559809014
192247	77.8360424812
83469	77.5311597265319
84686	77.4645
292019	77.047
361420	76.9298
84404	76.8669
25506	76.8287
24791	76.6760577949
25486	76.6710053924
25486	76.6710053924
25486	76.6710053924
306400	76.6593604847431
299858	76.2056022416
406165	76.1779075872
362093	76.1548
299618	76.0958788827612
310614	75.7155
309911	75.6122
192183	75.4313959189
304601	75.2971
245983	75.1753
170724	74.8236
499966	74.6176846802343
303926	74.564225822793
300191	74.5055420032
289034	74.2021955286
289482	73.7061
304833	73.6638
29278	73.448273973336
64823	73.3938
60562	73.3189
360823	73.2973329906
304410	73.2378662545812
289201	72.5806374435015
362094	72.5726863508
310677	72.2653
311165	72.2629
308392	72.2445
308392	72.2445
309111	71.883987691
361388	71.8654
300018	71.4162482681857
100912292	71.3821009301
246760	71.36857986
192178	71.3125763479021
114562	71.015509504
58851	70.9374
29457	70.9254
303181	70.8847
296394	70.8583
288702	70.5728581503
171381	70.5656
363707	70.4132745468922
287931	69.9425440408
29362	69.9242833782104
25186	69.9171866428
299266	69.8959
192154	69.6256722961851
56817	69.5005590541
56817	69.5005590541
56817	69.5005590541
29633	69.1009
60447	69.0041
60447	69.0041
314180	68.5102
290356	68.4990498536749
304208	68.4150581482392
296753	68.4148
303792	68.1439861564
297334	68.0575
292129	67.8544
362891	67.7528
64522	67.6989
287721	67.6758
365865	67.6509393541
309157	67.2824370323
361688	67.0628
286908	66.3054
364298	66.2002
685244	65.579864679
317418	65.5766
24273	65.5464
689593	65.5275213847
298576	65.3913216414192
24273	65.3309
114851	65.137973468
363519	65.108724928
500564	65.0672750969584
300974	64.8314
297514	64.7128
690366	64.632
252853	64.3222
688996	64.1115816358
25337	64.0251
54251	63.9407983469293
361070	63.918470299
361517	63.771
83526	63.767
100361323	63.7371
307585	63.6991756732
290829	63.6742774303
307618	63.6331
298652	63.6033522417
116490	63.4911
309447	63.4869
502749	63.36043555
499929	63.1938
305227	63.1831
313662	63.1291693523123
361310	63.0961
307927	62.864318092745
303252	62.7816946798
309179	62.555
116545	62.4887
300095	62.2656
296580	62.2485
304860	62.2467
113907	62.2252278028059
29644	62.1747673042
305471	62.08
309060	61.9833946220858
171547	61.9433601294592
306262	61.9404
311114	61.8678893632
300472	61.6578
25033	61.6003
25722	61.584321508
29270	61.2939
171086	61.1388908744
308218	60.9026142545
292721	60.87345
361651	60.7863305744
314273	60.7336
361577	60.653
192211	60.3947794499
114499	60.38221906
25152	60.277916251821
289515	60.2134
303569	60.101
25516	59.956
246328	59.8874
24382	59.8113
299356	59.7942251331
117108	59.7733289187408
315611	59.6881
362955	59.644325107
362061	59.6207209555
498030	59.5555737661417
29138	59.5276706639
312248	59.4643
266764	59.2751419769999
85483	59.2581597454366
85483	59.2581597454366
85483	59.2581597454366
727679	59.2335
308069	59.217
295586	59.1279712882
81513	59.0897064932
65208	59.0691254588
24888	58.7469686600532
24888	58.7469686600532
406163	58.5896
314612	58.2973730480496
362081	58.2694
29276	58.1232
59106	57.9750310296903
362831	57.876
64188	57.861
50719	57.8028
58977	57.795
309373	57.7521
298404	57.7444
315174	57.6673201417
302808	57.5926
50572	57.5311
63938	57.5033
304799	57.4922261972002
59324	57.4534456220549
315139	57.4177090990671
305477	57.0907
363140	57.0751
311406	57.0671
294324	56.9812652031401
311204	56.8191
307482	56.7423242829
58979	56.7419027333169
292767	56.6079
29582	56.5255480028046
308415	56.4683611136
171109	56.4561
298514	56.4119091904
29177	56.3421
305443	56.3131
287656	56.2986
296954	56.2657
308843	56.2651533046
360605	56.24869026
287722	56.1442
685244	56.0370337528
300849	55.9773
24678	55.792
24678	55.792
24678	55.792
303281	55.6711179532
311405	55.6123444383
304581	55.604
116486	55.55765
309376	55.538385898
100126191	55.5304
362638	55.4553799075
311786	55.3768390845044
116673	55.3456871632
304522	55.2323094776088
192357	55.0675
50622	55.0652
315134	55.0132440596
366568	54.984526847
29495	54.8735
24772	54.8455382776872
116697	54.8229656563
298646	54.7442455985063
680537	54.6652493095
311617	54.6138647413339
304741	54.613621432
309165	54.5397187547
432367	54.4320550624677
313969	54.055
314212	53.9908892506
362287	53.9074
312710	53.7581
313560	53.6415840835
300664	53.4817
687031	53.4583
308468	53.092
299127	52.8008
171293	52.7128530259563
58812	52.6364240354
298878	52.6337
117186	52.55675899
315427	52.4959445564
306128	52.4907579883
292139	52.3928
316330	52.3421199175
361550	52.3134
290564	52.2791656245
29228	52.0879
291137	52.0854
363062	52.0204391181232
192280	51.9865008899829
59110	51.9787579045
293733	51.9605
307643	51.9492
292139	51.8738
58982	51.7665
116470	51.7652784664
363578	51.6111194565043
29645	51.5841362357585
24668	51.5344129858
315716	51.3494498536
100362554	51.3402637936
287638	51.3284
290652	51.2233
316101	51.2008
64356	51.1188279014
25288	51.0986
60669	50.977846776
303478	50.8677
365895	50.859
295691	50.8382
311866	50.6469105518681
83788	50.6341955818
83788	50.6341955818
83788	50.6341955818
296583	50.6326866748
317464	50.5463
298019	50.4772244088
29413	50.4501256470024
300444	50.135492458
314647	50.1350289255
287275	50.0
361705	50.0
316211	50.0
362329	50.0
289026	50.0
246153	50.0
59108	50.0
64152	50.0
83616	50.0
362301	50.0
306455	50.0
362301	50.0
691556	50.0
