360983	95.1872763248
311726	94.48399
306009	93.78153
117272	93.29104
289400	92.384376068
307067	91.1045163866
64152	91.01007
360514	90.36434
24356	90.3465671824
117050	90.31136
364675	90.1350710825
83425	89.7985
83425	89.7985
29717	89.4664
29717	89.4664
80338	87.9717
501121	86.6017
316256	85.343
309170	85.0236
310958	84.7208526536
501550	84.1391
313969	83.9393
54264	83.6414
84356	83.4437
290553	83.0146
25022	82.540523478
25022	82.540523478
25022	82.540523478
25022	82.540523478
25022	82.540523478
25022	82.540523478
290637	82.5257238127
156767	82.1571
319113	82.1117
117255	82.0809
293990	82.0707
25269	81.7073
310097	81.44308554
304486	81.3778375048
309441	81.242
300215	80.7897
306222	80.1832
361991	79.7972
192178	79.77532445
80846	79.1531
80846	79.1531
84399	78.178478751
300758	78.0671
298184	77.8495
25102	77.744587453
303281	77.7045
499528	77.6369
365252	77.5517
64519	77.4447
360461	77.4409
24952	77.1415
25740	76.6187
303135	76.5122
290912	76.0858
298992	75.728557089748
312828	75.5117
307016	75.4683
304091	74.7749359616
114514	74.4353
25639	74.32214516
312912	73.5406
29144	73.2136
29331	73.0524
690693	72.7809
317296	72.3504460015
314751	71.5707
304157	71.4321013988
79239	71.2048997876
79239	71.2048997876
310801	71.1885
84394	71.1799
362844	71.1585621335041
364773	70.8032716147
360466	70.6371830329
690899	70.5171715094
311872	70.1909
362491	70.0561
365865	70.0134
117035	70.0071
500244	69.5818995379
24896	69.423868799
288683	69.3752
691149	69.1186664332262
24896	68.4794
360725	67.9775
25522	67.7457669702
288272	67.079
680133	67.063
64530	67.015
79216	66.6582
85483	66.4308
85483	66.4308
85483	66.4308
114764	66.3609843456
314330	66.2418
301460	66.1452
364738	65.4796
295252	64.9037
308068	64.8909048929503
300030	64.7907
305310	64.697264
140657	64.6805
295965	64.2801
25054	64.1686879824
79558	64.0869
310352	64.0602208339558
246334	64.0243661388
246334	64.0243661388
362665	63.9607388356
497815	63.8073
246334	63.557401888
246334	63.557401888
306549	63.5320396912
292160	63.447
25711	63.2534
360650	63.1188
140943	63.0743
308129	62.8437096262
54227	62.421338878
117524	62.3
307343	62.2979629986607
294864	62.283
25243	62.152523976
311494	62.07144256
308339	61.9727
367218	61.9472
367218	61.9472
89809	61.6572
29539	61.4965510625
29592	61.44033845
289733	61.3864
294228	61.2404
291019	61.2017
25096	60.7341371125
317413	60.6294
171407	60.0931
291556	60.0727
291556	60.0727
311839	59.7769
308346	59.7743
297093	59.7224
58942	59.456
64631	59.3413
292739	59.192387284
500287	58.9888
363115	58.9516209824
287962	58.7936524373966
287173	58.3343
362013	58.071
314964	57.9333805163
294643	57.7463
170899	57.6883
140592	57.6425
361990	57.6032
681989	57.5974920945
300236	57.5234367702
83807	57.2231
25634	57.2077719831861
367328	57.1827
116673	57.0533105217931
100360302	56.6673
295333	56.5845
303601	56.4289045005
64462	56.3565190856797
25628	56.3389
300866	56.2753
313304	55.9145
307927	55.5876
296710	55.3112609437
404781	55.285115832
114119	55.1817
246331	55.1413
25403	55.1073
25403	55.1073
25403	55.1073
81830	55.0473
305391	55.0053
367242	53.8766
307900	53.7131
310250	53.598
498999	53.508197821168
25151	53.4755
291689	53.3706
361272	53.2113344848
291411	53.1561
306562	53.0252438966466
58919	52.4541605275475
294790	52.3939
287436	52.2487
80849	51.9791
29631	51.9752155654
313027	51.8602379
116677	51.8184201100445
288920	51.7533
363517	51.5271
315712	51.0498
117284	51.0469
287470	50.831
311569	50.7973
25478	50.5924152952
24681	50.0
24176	50.0
297498	50.0
25492	50.0
619558	50.0
