25359	91.06876
29665	86.3288
294009	86.0189
245981	84.9132
313729	83.7902
85248	82.4264
361736	81.368
289392	80.0969
294400	79.7939
24946	77.8298
301079	77.2001
313594	74.6969
313594	74.5873
282825	74.5697270295
78957	74.561
361412	74.5014
500590	70.889
24669	69.7860919384
170906	68.941
361065	67.9791
366468	66.1771
26759	64.3348
26759	64.3348
246046	62.5197
29364	60.419
290317	59.9494729906
685474	59.5574355784
685474	59.5574355784
685474	59.5574355784
498678	58.9346
294335	58.8888
361986	57.4256
170944	56.873
289230	52.170567024
292008	51.6119
65130	51.0902
315136	50.5399
81812	50.0
116657	50.0
