25701	95.12988430264
364712	94.4730771592
114845	94.101816137325
305256	93.7430908575
81687	90.70526
301442	89.0598
680537	88.4682
114593	88.153127241
302470	88.0124
362713	87.9577
360823	87.1404
298875	83.3089
311355	83.1494
363735	82.7997
313929	82.7588
116665	82.1251
60586	82.0751
308942	81.7832
116676	81.2688
289094	80.9447
288108	80.5454
64507	80.1570414835
308523	80.0039707399
362955	79.9175
360896	79.8798
309887	79.529906125
292199	79.5215
305464	79.1645562384224
309275	78.5012
84596	77.477
59303	76.7761
303236	76.092863677
313304	75.9859
56761	75.8937
304935	75.747
298487	75.1025
117035	74.6345
297525	74.6238
313352	74.3882
25406	74.0017
58936	72.639687273
498440	72.6345
292710	71.6199
50690	71.1405
306492	70.2373
291403	70.1379
498301	69.6133
85246	69.25649648
25537	68.3271942022
25080	67.9967
366163	67.9137
64630	67.875
294018	67.0179
727679	66.925
24813	66.4226
298521	66.3957
498299	65.9777
64566	65.7928
298521	65.759
306814	65.6556
306630	64.4848
291469	64.0853
363684	63.7343
363836	63.392369975
500316	61.7113
500564	61.5700568478049
24835	61.4957
684871	61.4604
288108	61.2337
84396	61.1555538101319
308624	61.1156
24766	60.944
298452	60.5398782525
116695	60.4754
287168	60.2856
25267	60.2566385958
171120	59.8572
303259	59.8129
303764	59.7363681667
497770	59.7301
65190	59.5975
292597	59.3799245824
311658	59.356495921215
363243	59.3247
59303	59.2177
29218	58.9331
29603	58.5474282202
100362121	58.37
306765	57.9966210384
84357	57.9635
288778	57.3406
292887	57.2986
286990	56.6556
310621	56.4857489305
290668	55.6370321133788
100360066	55.5737
171102	55.1900092307781
25401	54.9465
312135	54.6372
296293	54.4610689474
687105	54.4354
289144	54.0047
363071	53.9648114916
307855	53.9238
301346	53.7409
116470	53.6212350727
690585	53.5626
25054	53.1663674769742
301416	53.1385
497892	53.0353
497892	53.0353
302946	52.7974885303268
81574	52.7114
690516	52.469585329
316519	52.3061
59106	52.1409
365407	52.0878
361431	52.0592
24784	51.7315
293489	51.4561
316524	51.4179
363519	51.3513215362
302705	51.2958
304334	51.1751
362871	51.1014828935
286928	50.814191888
314647	50.771725526703
311872	50.7469
301013	50.1259728893
361251	50.0
290257	50.0
24831	50.0
