291259	99.6569943847287
291259	99.6569943847287
291259	99.6569943847287
291259	99.6569943847287
192178	99.3882491630928
85267	99.236961738558
25469	99.2170142044
29216	99.1945937613326
29517	99.0195060466
303016	98.8158826108887
306328	98.64955024637
29517	98.4260712001
29517	98.4260712001
308523	98.26488
288654	97.84909249048
310533	97.8308967614129
27080	97.64821535809
313477	97.3460009464
311730	97.1334888602
313173	96.9457
25587	96.56377
60447	96.5366738541
362329	96.2705563324
25716	96.08503
308667	95.68757
361736	95.64567
50690	95.60891
304920	95.604737491
301076	95.36222
303394	95.2783361134332
301346	95.21265
691589	95.08637
310960	94.72393
316742	94.69677
171115	94.55078
499380	94.50545
60447	94.490072734
25151	94.4583074924
297814	94.45681
307348	94.3577127552276
298836	94.29191
24484	94.15038
680102	94.10316050904
25281	93.8975
309135	93.86927
297865	93.8331704885
364634	93.71254183664
309478	93.58413651523
116645	93.40211
65183	93.02591
59076	92.99639
296762	92.993943916
314312	92.80773
360834	92.76039
619558	92.73307
307810	92.43438652
116477	92.26263
81813	92.16348
114517	92.14687
311137	92.09967
113976	92.039932253531
362171	92.03014
296623	92.02087
287537	91.96355
361745	91.84113
305505	91.8295
314543	91.7718
684516	91.69398
365024	91.5929590051
29410	91.41889
85243	91.41415
296580	91.38268
498416	91.3816016512
24948	91.1699215306
140590	91.12097
307178	91.05659
170699	90.94401
308761	90.89884
316351	90.89135
25579	90.82409
304741	90.7595918483137
361384	90.7265975518
304488	90.65279
300813	90.61803
362185	90.5452
307029	90.50842
290794	90.48833
359959	90.3107
311854	90.2682916864
315879	90.18236
312563	90.1501530043
296084	90.02163
299827	89.8241
25667	89.7088
65166	89.7014
680133	89.6954
361060	89.6606
306436	89.6411
259273	89.2364
307039	89.108939232
58840	88.9902
362892	88.9326
286988	88.8424
298317	88.7182
307016	88.7029
294674	88.6118
89826	88.607
302495	88.6048804326
362607	88.448
60443	88.3771861955
60443	88.3771861955
60443	88.3771861955
361601	88.2144
362332	88.1385
24783	87.9365837344
25547	87.9283
59076	87.7683
366189	87.6552
25403	87.4304
25403	87.4304
25403	87.4304
24465	87.3917
64152	87.3822
311494	87.3036
295347	87.1722
360554	87.0961
303274	87.0949
294375	86.9117
29528	86.8813
24703	86.8279
361580	86.8041
60382	86.7014
54323	86.5426
83505	86.5222
362962	86.4710251024659
288666	86.2599
116504	86.2166
116504	86.2166
290775	86.1809
116548	86.0306
306695	86.0021
378467	85.925
24782	85.8557265805
252971	85.8288
170904	85.7603
307579	85.71645
302965	85.2842
80338	85.139
314265	85.0785
64521	85.0122160796
305256	84.9168
25584	84.763
29364	84.6869797217
246152	84.5076
294322	84.0463
288908	83.8318
295325	83.7769
302864	83.5674
305164	83.5643
360466	83.3376
25672	83.0608
298034	83.032
360950	82.9691
289277	82.9468
315949	82.666
311414	82.4237
313418	82.387989805
84409	82.3845
312915	82.1917
300191	82.1892
170911	82.0792895822483
362264	81.9923
291212	81.8519
54400	81.7933523074
298894	81.7034
291023	81.5381
364712	81.5157
64373	81.4661
314894	81.4060822539683
679221	81.3466
25747	81.3134
680445	81.2753617372
293960	81.1707
25216	80.9735
24239	80.8957
303310	80.8314
498301	80.8279678368
56064	80.7613
291314	80.4226
304124	80.292
500874	80.2535
289657	80.1587
116741	79.8069
300359	79.5108
25708	79.4446
311842	79.4051
307485	79.3525
24949	79.3508
362325	79.3413918319
24949	79.1853
360906	79.1319505018
311598	79.0083
360917	78.9843
117513	78.9534
114121	78.9221
64551	78.8949
64551	78.8949
314859	78.6050517328
171447	78.6021071155194
171086	78.5128
310352	78.4295484901058
305812	78.2973
26955	78.2966073452
363278	78.1184
170906	78.0415
25524	77.9174
25524	77.9174
25524	77.9174
25524	77.9174
304569	77.8727
304410	77.3605
24822	77.1474
289307	76.7754
116477	76.6109
116477	76.6109
308589	76.598
113983	76.4079
305831	76.3837
65208	76.2877788421
365793	76.2792192
192152	76.2385627704127
29546	76.232
310677	76.1474
361057	75.9955
117559	75.8885
299799	75.8488
287441	75.6215349625
298091	75.6012
308069	75.5688014489
304315	75.324
681337	75.1152
310086	75.110698873
65201	74.5693
501195	74.4091
29733	74.2391
303968	74.2298
289276	74.1633
24881	74.0528991294
289515	73.9958
316164	73.8267
316249	73.7403
25033	73.6970433011649
691335	73.5707
306825	73.4934
171500	73.3238
171500	73.3238
171381	73.3017
291604	73.2851
287989	73.2097
116554	73.192
305544	73.1380863112
288659	73.0346143888
301388	72.9342631108
301737	72.7544
113960	72.6286
64624	72.5011
170908	72.4181
24783	72.3185191296
292401	72.1147
363989	71.9194
362275	71.7728940028
171148	71.7698959
361508	71.7668
64547	71.679037555
291388	71.6414
311334	71.6199
362778	71.6193
683626	71.5633
29694	71.5633
291936	71.4372
317715	71.276417646
303375	71.1202
309456	71.0385
309456	71.0385
78957	70.9541976144
312937	70.9275
497961	70.7003940056
295934	70.5723
25051	70.4555
29463	70.2978
29686	70.1283
29686	70.1283
315327	69.9439
303831	69.9379
78956	69.7010591434
29686	69.6414
304474	69.5841
501621	69.5027
155423	69.4592
313672	69.2239
314384	69.1574966932546
117035	69.0026
207123	68.7995
309255	68.687
296851	68.5911
296500	68.4889161346
170899	68.4664701838
81653	68.3524
50646	68.3443
313811	68.1551
362849	68.1324
25312	68.1053
311193	67.9475
293561	67.6293220672
288919	67.2509
361215	67.157
171093	67.09925
362867	66.9545
29618	66.9491
171447	66.9442419610022
171447	66.9442419610022
171447	66.9442419610022
171447	66.9442419610022
171447	66.9442419610022
171447	66.9442419610022
682507	66.9422389327
553106	66.8597
81754	66.3862
362900	66.2378
313339	66.1521
311575	66.0947
499952	65.9944
317576	65.8904
305066	65.5255
362587	65.4821
287638	65.446
83689	65.2862
85426	65.2565424832
299204	65.1604053299
307271	65.1138
84026	64.9165
432393	64.8351
363228	64.6302
309804	64.5683
289324	64.3602
362923	64.3409
171070	64.2544
29440	64.2387
302369	64.1574
24882	64.1251
83522	64.0872
500037	63.7236191064
313536	63.6996
306352	63.4929
29715	63.1262502641972
29715	63.1262502641972
29715	63.1262502641972
29715	63.1262502641972
29715	63.1262502641972
29715	63.1262502641972
29715	63.1262502641972
29715	63.1262502641972
29715	63.1262502641972
171432	63.0832
171432	63.0832
360571	62.9338
291610	62.7581573422
246295	62.289
365895	62.2018
25270	61.8147
305434	61.7731
304670	61.7063
317335	61.5423347969
114520	61.5086
360983	61.5030693526
294449	61.4975
311671	61.3308
313053	60.995
297910	60.9465
310710	60.8715
290467	60.7368917756
363412	60.4715
316008	60.3699
361303	60.113
58834	59.8945
304758	59.8479
308709	59.7294672451
65248	59.7093
65272	59.5788
311437	59.5529756592
29588	59.3787
156767	59.2131
25335	59.009
25343	58.9755
310097	58.967
83726	58.7969485078
65193	58.7659
303141	58.6992
309304	58.5258
297930	58.5205
309957	58.3912
54241	58.2555
361628	58.2464356855
361700	58.124347732
81649	57.9405
307343	57.6005054608
500988	57.5926
117596	57.5515
685472	57.519863388
404280	57.4982
313742	57.3238
690911	57.2365
83833	56.7031
499653	56.4371
498798	56.4313
368042	56.3125
282835	56.0706
298787	56.0651
25262	55.8294
25262	55.8294
25262	55.8294
316611	55.6225
308937	55.5581
25248	55.3139405352
293452	55.269
366734	55.1966
79428	55.1828
297867	55.1816
315611	55.1736438694
361970	55.0959
303259	54.9638
54302	54.937433745
54302	54.937433745
363662	54.8661
299138	53.808499942
298384	53.6283
301544	53.2491
171093	53.240532879
309053	53.1185
304294	53.0448
314221	52.9845126331
311913	52.6602
292462	52.6076
303606	52.5877
171501	52.5385
58967	51.7547
29259	51.5193
24586	51.1815
304109	51.1126
116644	51.0753
362591	51.0074380691
317274	50.9149
246074	50.9106
361677	50.7163254016
304900	50.6414
266735	50.5781
266735	50.5781
266735	50.5781
24392	50.5459
306492	50.0
298147	50.0
308971	50.0
260323	50.0
