25705	99.955523856254
306439	99.7195426922218
171070	99.23886862614
360272	99.070695700365
315496	98.7833236165797
313729	97.7651410624
24650	97.1579448269642
64525	96.88926029066
303439	96.21956
307148	96.00792
361626	95.98790656154
94273	95.9769865856
366624	95.90664
366734	95.6972875067
310448	95.38003
303888	95.29974
308942	95.25193
100158233	95.09748781984
306862	94.8811944065393
294518	94.67727
170911	94.5465656336882
29633	94.4723904268
117268	94.04722
359725	93.95376
29214	93.81569
24516	93.80107
84686	93.79726
306147	93.75389
295395	93.59731
64525	93.16550165202
64525	93.16550165202
64525	93.16550165202
366169	93.14747
116504	93.10942
289277	92.76067
25177	92.62553
25177	92.62553
25177	92.62553
300756	92.5407331615
293067	92.2044663506
290303	91.95932
302671	91.95676858
83840	91.91816
85243	91.8765
246074	91.6816043154269
302913	91.5855039298
306257	91.4885573792
690043	91.43488
302495	91.4252375953
171410	91.41983
296762	91.319617345
50555	91.2968244196
29642	91.2833323055
314743	91.11253
363735	90.9675282462911
360600	90.967513485
312562	90.94033
500651	90.89281
314157	90.87975
170842	90.75711
291352	90.54771
24409	90.52058
313609	90.43589
25661	90.3698140015
304301	90.3355056088
304546	90.28364
313033	90.0473
25177	89.9571
25177	89.9571
302864	89.7715
286973	89.55715084
116504	89.332
303211	89.2134
362859	89.143
294030	89.1222
25589	89.0204783865
500069	88.8571975953
114906	88.7605
363283	88.7429
192234	88.7226
363455	88.668
25603	88.3238
114856	88.2758
79212	88.2302
365984	88.2248837632
191571	88.1923
305268	88.1217363586
171396	88.0911
54254	87.904
306504	87.7154
303554	87.6677412976
299827	87.6624
314548	87.5699
116744	87.462045823
687147	87.3816
687147	87.3816
100360066	87.3462
310533	86.9619
84409	86.9461
311182	86.8287499527993
313811	86.5548
313370	86.502576346
498331	86.3306428328
64670	86.2914803616
64313	86.2895
294568	85.96195963
299858	85.8389
299799	85.7963
315996	85.7432
24718	85.311751528
289175	85.2968
116459	85.2834307161
29150	85.1415
155918	85.1334
313323	85.0989
313581	85.0475
50552	85.0312122928641
295401	84.9766929130426
316369	84.885
25512	84.8604338436
64823	84.6909
689890	84.6065082256655
24908	84.6062
24667	84.5546
311384	84.5026148305
361086	84.4034
307745	84.195071185
306492	84.1731
305922	84.1467
361171	84.0016901151
116555	83.866
114514	83.7661
309871	83.6937
313494	83.6769362145
29508	83.6691
298757	83.6113
365895	83.5095
361712	83.3974
313997	83.3131
315670	83.1868012
303206	82.954
112400	82.888190272
316021	82.8014908228409
64469	82.5402047208347
365652	82.530274342
246118	82.3963
24239	82.3681
305373	82.3169
314930	82.241866036
304798	82.237606182
287275	82.1704
80849	82.0855106204
309514	82.0461499211495
316237	81.99
361694	81.648
314788	81.542542366
94267	81.4949
25537	81.376914192
64154	81.1591
282712	80.9424797392
117255	80.8300038448
307343	80.6651215016
498256	80.518
306137	80.3415
64314	80.2642
297902	80.2346
286898	80.1946043591
292999	80.147679848
50621	80.1322
294421	80.1188
303918	80.0525566935
266777	79.9158
170914	79.7701
170920	79.744232755
307271	79.5561
291914	79.4543189932
25495	79.4456
266732	78.9431
81652	78.6373
117520	78.4168
117520	78.4168
117520	78.4168
246217	78.3865
303024	78.225325956
288545	78.0982
29365	78.0088
117553	77.9327
293408	77.8047
306817	77.7591725644
24356	77.6909451805914
315160	77.5801
64824	77.3209
683788	77.2247
311450	77.0989
300838	77.0286
24672	76.7806
81737	76.721152876
81737	76.721152876
81737	76.721152876
81737	76.721152876
100360100	76.6496526561
314259	76.5328
25254	76.4882
64366	76.3586
312656	76.2665
24370	76.2563937125
362900	76.1759585944
65180	76.1213
362154	75.9679055933848
619393	75.6212
313598	75.5637
313231	75.4156662374187
299203	75.4056
299203	75.4056
299203	75.4056
24413	75.2934792258
498545	75.2691
498545	75.2691
114634	75.2409
313418	74.9679
192270	74.286
81922	74.2438
297093	74.2375
300674	74.2214
24388	74.1157
79256	74.1072474707
94268	74.0189
116477	73.9843477483
116477	73.9843477483
116477	73.9843477483
308097	73.8103
25012	73.7719234907
301363	73.6027
363091	73.2317831504
54251	73.1551633957
245956	73.054546936
81748	73.0429
307479	72.8372
364420	72.0543
83469	72.0277
287805	71.3884
25508	71.383
297486	71.328399014
304218	71.2773
170816	71.1961
170843	70.7964
360896	70.3883
310086	70.3703
304023	70.3162
114505	70.2663
292537	70.263
312947	69.9654
25333	69.9354
680486	69.5441509718
362521	69.4453009732
501099	69.1841566072
299864	69.1764063574
25640	69.0332
65045	68.9342
500526	68.9167
296271	68.7766
302920	68.7667
29264	68.7057
362279	68.3881
360917	68.252158384
298874	68.2097184608
363153	68.1476
299730	68.0255
81673	68.0245861184
362519	67.8792128575556
316370	67.8109
25738	67.7962
114711	67.7721
360557	67.7407992572277
501560	67.6666
29521	67.587670578
288108	67.1271154908623
301701	67.0552
25695	66.9653
498910	66.9015
363112	66.8223
25312	66.8147
246215	66.6691
79256	66.6335343452
79256	66.6335343452
79256	66.6335343452
363266	66.5034
361315	66.4325
25023	66.2228
361745	65.9715
59319	65.9377
116693	65.825
315891	65.7749
292155	65.7726736372719
291964	65.7021
308306	65.6551
64442	65.6014489113
308509	65.5982
360983	65.4422287558
361831	65.2644
303803	65.2503
500251	65.1981
24679	65.0103621211
140866	64.8967
29623	64.7383
303351	64.7358
310250	64.6695
287433	64.4691
688717	63.846526678
64312	63.799
288257	63.7947
84407	63.7215
310785	63.5898
79208	63.5700681598066
309429	63.4925
308690	63.4523
310074	63.4503
287873	63.1807
25675	63.0345
312516	62.9568
83785	62.936
50622	62.9298099985023
64047	62.7875
83785	62.7471
83785	62.7471
83785	62.7471
83785	62.7471
83785	62.7471
83785	62.7471
83785	62.7471
83785	62.7471
83785	62.7471
83785	62.7471
83785	62.7471
83785	62.7471
297942	62.6872315028
25573	62.6246
140923	62.5572
310261	62.5416
362291	62.4202092108
500000	62.3606
171147	62.3371306256
314417	61.9132
360579	61.8344205919
294043	61.8091
365380	61.727392133
315880	61.6468655399
309544	61.3160134696
85384	61.2274
289400	61.203350878
56010	61.1612
313098	60.8525
289992	60.7718
84007	60.7568
83685	60.6796
361920	60.6641
306165	60.4319
444984	60.1646
444984	60.1646
613226	60.0863
81661	59.9378
360589	59.7333
309144	59.2810721245
373544	59.2438
361765	59.0427
257646	58.7523
25159	58.7454
171525	58.46608342
81648	58.2828
25403	58.2036
25403	58.2036
25403	58.2036
362325	58.0490726647707
299117	57.9948
317183	57.9765
303336	57.9547
303336	57.9547
361970	57.9011
654496	57.6674
140941	57.5797
313348	57.4805
25600	57.2427
315664	57.0319
500131	56.99565862
500132	56.8712935792
171434	56.7651
298878	56.6493
83792	56.6346863704
295325	56.6272
64366	56.6182
291314	56.4324862732
304900	56.3671
117036	56.2616
363228	56.2214
289562	56.1937
25514	56.1495396587
25696	55.9938
310034	55.8615
298696	55.8201
308215	55.6951
291670	55.6026
171148	55.4368
84587	55.3931
406167	55.338
85309	55.2875
291671	55.1029
303836	55.0841
312398	54.9036
171086	54.8714
170635	54.759571054
314423	54.5711230792
314423	54.5711230792
117045	54.390983734
54321	54.0565
25643	53.9885
294809	53.9853
25049	53.9501
25439	53.842
304410	53.8121
501923	53.7813
291309	53.7107
25492	53.6902
25230	53.6765
25230	53.6765
299905	53.5802
313488	53.4698
24680	53.2759
29611	53.1966
294790	53.102
301513	52.9541159863
680445	52.9355
25012	52.8276845042
25012	52.8276845042
83722	52.7952
24716	52.7751112765
296267	52.6119
24152	52.5378
83681	52.436762281
79210	52.3882
297783	52.3708
60447	52.34481197527
60447	52.34481197527
362831	52.2454
685425	52.1209
25736	52.0292
81813	52.0183
24176	51.9688
29568	51.93
29568	51.93
25665	51.907081858
25368	51.8935
171447	51.8659
171447	51.8659
171447	51.8659
171447	51.8659
171447	51.8659
171447	51.8659
171447	51.8659
25622	51.801725332252
25622	51.801725332252
300147	51.7557
309678	51.518249254
65153	51.482
288353	51.3498129864
298024	51.3254494728
298024	51.3254494728
297415	51.206
407784	51.1927
680229	51.0756071334
117280	50.974
117259	50.9049
112400	50.899626752
112400	50.899626752
112400	50.899626752
112400	50.899626752
112400	50.899626752
112400	50.899626752
112400	50.899626752
112400	50.899626752
302290	50.7013
301374	50.1511792393
116740	50.09885776
25613	50.0
170909	50.0
29324	50.0
85385	50.0
85385	50.0
362261	50.0
363684	50.0
306526	50.0
65157	50.0
289257	50.0
