315000	97.74418
363062	93.04376
313304	90.2834
171090	87.5771922456
300121	87.2927
311146	87.0782
79032	85.0237
84420	82.8995
81817	82.7646
306825	82.248
399684	79.5002
303702	76.1495
619558	75.6827
29628	72.6753
29628	72.6753
170902	70.4416
29582	69.0564
306873	68.9468
25546	68.8315
84360	68.1762055402
305922	65.731
302424	65.5733
100912536	65.5645
117538	65.2259
300173	65.0467
297865	64.4819
444986	64.3939
300458	63.7692
25497	63.3783366916
89821	63.2761
192251	61.9536
50938	61.9128
298504	61.5068
311846	61.3436
294018	61.2425
306630	61.2061
117284	59.2129
24645	59.0345
316344	57.9926
60460	57.9517
304648	57.3288853393
29263	57.0675
313477	56.9384
312952	56.9220255124
289264	56.3631
308959	56.2007
29187	55.9354
310638	55.3991
306260	54.2829
315870	54.0974
140937	53.9625
303281	53.0637
314587	52.4983
286981	52.005104716
362776	50.8384
291211	50.3744004976
312478	50.0
