303101	98.054246480688
245962	94.8136030495934
311478	94.10918078736
288710	94.02701
171151	93.489493645
298944	93.0782362756084
304859	93.01116
303016	92.8976496499323
24479	92.60016
116724	92.48198
313436	92.00431
25403	91.9990342208885
25403	91.9990342208885
25403	91.9990342208885
362788	91.97236
83633	91.649431657
315210	91.02672
309144	90.365960302
100322884	90.08468
687694	90.08334
689256	90.0696578204
360709	90.00867
79217	89.9265180223024
595134	89.8101
305552	89.6552
114492	89.254
295327	89.1217061702175
299762	89.0054
287940	88.8089109475
29642	88.71286695925
25672	88.6009
292548	88.1237
289584	88.060716336
302680	87.5448
29393	87.27580853875
298068	87.1867
315958	86.7908741451056
367218	85.9806
302396	85.8613301663324
245961	85.6939
24318	85.6083636742
307148	85.5891
301618	85.5214262436
84014	85.2139
313156	85.1141
25724	85.0768
291470	84.6042
83807	84.5753
315891	84.5031
313994	84.3749
309457	84.1907482415
294375	83.1952
245966	82.747
295319	82.7218
299714	82.6908
290669	82.6715
291819	82.4824736275
300870	82.4053
171068	81.7618
498749	81.5426
311617	81.2318523955
360492	81.2230198682
288280	80.7426
309255	80.5626
83529	80.4995
311913	80.4116213424
100361818	80.3846
362037	79.8528
312781	79.7527
80897	79.7153
309901	79.6643
300053	79.6304
60328	79.5661
29546	79.5477
25288	79.4382625725
360514	78.7053586926149
362630	78.6996
64672	78.3185
29588	78.2964735711349
25031	77.9536825896
307251	77.75
299811	77.546945432
117058	77.4653931786
65154	77.2396007842
81734	76.4805
315615	76.4543
688555	76.3327
286984	76.3166
25235	76.1276956636
81750	75.933694606
685867	75.9052
170895	75.8222
29357	75.4049
29357	75.4049
307348	75.3145
362248	75.3092
360854	75.1622
309082	75.0022
314647	74.9111611260761
361920	74.7882
313588	74.6445
293743	74.2701
171109	74.228
641521	73.7843
310152	73.1814
259275	72.7702
365652	72.7385080916
302290	72.0901
311182	71.9882455436
302864	71.821399633536
29331	71.5586619658
306152	71.4532750799
29627	71.4345715392
29627	71.4345715392
291793	71.2213
54281	71.1202
362591	71.0606045384
302489	71.0463
308509	70.9723
312678	70.8187
361400	70.6716894312
308495	70.5724
363153	70.3223
113970	70.2384
294410	70.0802
50690	69.8868
116663	69.5769
303132	69.0565840972
289668	68.9974
313478	68.8633
207122	68.8058
117549	68.2917
361632	67.9355922925
310806	67.844287432
310667	67.8029
498798	67.7894
309678	67.6812325255
84550	67.6139809628216
64185	67.3696861475
363412	67.1997197508119
498560	67.124
113961	67.0942
312491	66.4724
500219	66.4037
192268	65.8946
192268	65.8946
192268	65.8946
305831	65.794418394
315159	65.580944428
367218	65.5798
102554884	65.4685029024292
294303	65.4124
303311	65.396
245980	65.3945
365601	64.9695
310250	64.7623
311902	64.7345
314246	64.728
307919	64.4205
24620	64.385
25721	64.139
365382	64.064
298689	63.9721
641555	63.9466
311166	63.6309464596
303790	63.6168003237
83689	63.5851
25314	63.5020164722
291670	63.4243
259242	63.3373944798
297804	63.00125
252963	62.9446
302495	62.9295174716626
24673	62.903
310086	62.8303285
314818	62.81409019
363135	62.5017265533217
171040	62.452206304
81816	62.4276
25094	62.2736192644
291653	62.2049
316415	62.1523
305423	62.0754
25293	61.956034426
289456	61.9470519535
114122	61.8203
25293	61.7666128471
25293	61.7666128471
25293	61.7666128471
25293	61.7666128471
313949	61.7646768254
114591	61.7199
361832	61.6229
288512	61.5906
171501	61.5593
683077	61.529
499380	61.4937
304474	61.3897
64204	61.1918
64204	61.1918
64204	61.1918
64204	61.1918
64204	61.1918
64204	61.1918
64204	61.1918
64204	61.1918
64204	61.1918
64204	61.1918
64204	61.1918
288821	60.9693
304786	60.7889905847
309871	60.3827302305
304208	60.3661
293864	60.3553654016
679869	60.3546764875
298681	60.1583
360905	59.9864
306332	59.7868
619374	59.7857031562591
313647	59.7025
84586	59.624
287607	59.4246430644
29456	59.3304
116589	59.3249
294091	59.3047
116506	59.292997366
116506	59.292997366
79123	59.1979894225
362812	59.1253
117107	58.6401
293526	58.5638573692132
362325	58.436
302248	58.3863
360526	58.3371
363254	58.2251
315833	58.0981
192129	57.9884
301020	57.8309
100362678	57.8011
65189	57.7541
310461	57.7136
24790	57.606
24451	57.5429
29504	57.5267
303251	57.49638815
290595	57.3915
140943	57.3151
305888	57.31
309441	57.2980604561
113922	56.8258
84391	56.7377
291952	56.7287
305571	56.6943
304181	56.4531
89842	56.2824
305164	56.2534
360557	56.0642765994
303214	56.0495308191
25309	55.9436
363243	55.8896
83626	55.8791
306792	55.8701
83501	55.777
292244	55.1938
309659	54.8544
113976	54.7841030496
83627	54.708
498545	54.6976
498545	54.6976
29259	54.6468
295588	54.6083
302934	54.5688
29376	54.4942893426602
310097	54.3526405192
192152	54.2033921269505
78975	54.1274
84598	54.1135
309135	54.0706
24575	53.9189
24575	53.9189
24575	53.9189
24575	53.9189
24575	53.9189
24575	53.9189
691947	53.8969
297554	53.8279
26759	53.814
24248	53.6992
311591	53.3127
362156	53.0333
292721	53.0257
362859	52.842
307810	52.7611623863
289859	52.7292
65195	52.693
500244	52.6864
171361	52.684
65195	52.6167
65195	52.6167
311658	52.5867619249
64043	52.5245
78961	52.3728
311919	52.3563
362383	52.3015
84394	52.2707819708717
308267	52.1708
29503	52.0586
301363	51.9132
316539	51.5345
362202	51.475135871
25367	51.3259784041
25367	51.3259784041
25367	51.3259784041
25367	51.3259784041
360823	51.2329497856
368066	51.1913
298573	51.1048
292401	51.057759712
311494	51.0034463665553
29629	50.9963
116643	50.8866
192178	50.6833288376971
303563	50.6728799488
362293	50.6642196431
307343	50.3416062046
25701	50.0
89811	50.0
309596	50.0
361838	50.0
94270	50.0
310914	50.0
297725	50.0
29682	50.0
502020	50.0
299127	50.0
94270	50.0
94270	50.0
