294210	97.6214
288057	97.11129578352
365699	96.081805098
302396	95.7465120070372
494445	95.07233
312052	94.59941516443
113886	94.45454
291100	93.91078419936
310540	93.89721
309041	92.87666
116718	92.42601
360797	91.48014
310801	91.46299
114519	90.55098
24943	90.47749
246311	89.9606
83474	89.5388
314830	89.4323
679712	89.3522
24813	88.686244216
100362555	88.347
100362555	88.347
399684	87.3039
493909	86.9445
362011	86.7662425194
399679	86.7213
309391	86.3431
306203	85.3877
54248	84.4877245501
25204	83.7559
300849	83.6847
298757	83.4749
25706	83.1123
362665	82.5789257611847
25254	82.3069
94188	82.1985
361293	81.9857
308215	81.3771
297481	81.3675
24516	81.3102
171147	80.8548
298267	80.8531
100362678	80.6879
304822	80.5815
24166	80.5641
304218	80.4397240081
79120	80.4286
364706	80.1671
311591	79.4038
316639	79.2329
314196	79.0327
25401	78.3889
81750	77.5158
84394	76.7685214047684
303245	76.674
117263	76.3465
288665	75.3863
362485	75.069
303730	75.0317
309922	74.8748138098851
294560	74.5341
304218	74.4692922916
366203	74.4452708545
361921	74.0987
500987	73.8979
81642	73.6309
296972	73.5377
365797	73.459
58853	73.348182822
29510	73.1753150848
29510	73.0678944469
498355	72.9796
29504	72.1874
84597	71.7794
25546	71.1083
312516	70.9742773642
306657	70.7719
299617	70.4743
309144	70.2471
300891	69.9008
312154	69.3008315364
288161	68.158673534
500282	68.0100213008
289482	67.89479839
294456	67.7023
114558	67.221
114558	67.221
315655	67.0253
315989	66.7942
291314	66.6414161536
306152	66.4875006994
362463	66.429149974
315936	66.3780085007
498910	65.7989
246771	65.5461
291914	64.9993
116459	64.6478
361384	64.6467
362972	64.4869773028
116643	64.4209
292843	63.8806
313166	63.6704
300668	63.3377
360466	63.2763547296
84391	63.1399
83531	63.0765108205
117515	62.964
499020	62.9543
499020	62.9543
306071	62.6279922126
311952	62.5762
311952	62.5762
310808	62.5644
361844	62.4713
59300	62.3728
171341	62.2729
304071	61.9384
301563	61.7411
301563	61.7411
301563	61.7411
155268	61.65
192178	61.1290465013427
301574	61.1193
24590	61.0225
296395	60.2292647053
292155	59.7427
64521	59.6871615592
24916	59.2931
297504	59.2136
314543	58.676
690038	57.5386252326
245977	57.262437193
24411	57.1487
361554	57.0318
315675	56.9193
295922	56.5401
310395	56.4822
362520	56.458803202
266601	56.4586
24680	56.3837
83825	56.2985326709
295922	56.2511
303306	56.14
298652	55.9378
493810	55.7964
24667	55.7667684663
363228	55.5676038178
25743	55.1828251886193
65193	55.1222
493574	55.1177
304798	55.0999
83689	54.828
116668	54.7261
295686	54.6581198982
308718	54.562
84010	54.339
25544	53.5101
113984	53.3434
29254	53.3249
368070	53.1674
293113	52.9679
294421	51.7825
83571	51.6696
309596	51.2416
500790	51.2106
302811	50.7107
290907	50.65
288821	50.3803217503
309478	50.0
315994	50.0
64032	50.0
293112	50.0
288499	50.0
116744	50.0
192280	50.0
