191573	97.25068
191573	97.25068
114116	94.7117
85425	93.80717
29758	91.87195
500629	90.96905
305248	90.70989
361071	89.841
290623	88.8590121196
29173	88.3593
170566	87.8408
362279	87.5306
317576	86.9464
114901	86.0521
303589	85.9674
287199	85.3899
24245	83.1685
24245	83.1685
24245	83.1685
361585	82.8825
310693	82.7297
116665	81.9851
63938	81.2972
117180	80.9893
85426	80.2855
361237	79.5254
298786	79.4786
307271	79.2422
64530	78.5937
170927	78.0017
361391	77.5106075784
24660	77.3825
301246	76.9992
361632	75.0129745291656
170842	74.768
64667	74.4904
25577	73.6084
302473	71.9107
100322884	71.3694
308624	70.6595
64896	70.3765
25376	69.8472
293960	69.6473
303754	69.1000698649
288105	68.6104456192
360230	68.5374
361412	68.2794
24559	68.1801
310749	67.9815934214
365755	67.1482640232
54238	67.1178
311856	66.2974
287444	65.0064
315833	64.3484475124886
303141	64.122
499330	63.4332
81809	62.9625
641452	62.9149
296603	62.8164
117255	62.1391
24400	62.0842
310775	62.0679
291923	61.8272
291259	61.6755
291259	61.6755
291259	61.6755
291259	61.6755
298609	61.3373
24640	61.2816108476
24640	61.2816108476
24640	61.2816108476
301013	60.8173574064
315804	60.7442676094
306262	60.2352
291555	59.7097503414
363228	59.686
307916	59.6606
192178	59.485
310864	59.2786
294981	58.8428
306819	58.753805959
361221	58.6755
292760	57.8283
117045	57.6092
287953	57.4399
308820	57.4031
301309	56.9104
499529	56.8886
79209	56.1769
64124	55.8879
170909	55.883
63866	55.246
299195	54.3837
314855	54.2199499356297
299256	53.6492
305317	53.4898022
314212	53.0811
29483	52.6464
29483	52.6464
29483	52.6464
29483	52.6464
291571	52.5328
54262	52.2947
54262	52.2947
60577	52.1653166995
29657	51.8285
53982	51.2379
296350	51.1552
29564	50.9643
689704	50.5460049558175
310261	50.0
100362347	50.0
302711	50.0
