308309	96.12634
295663	95.46944
192245	95.016177595
307505	94.54842
300470	94.23732
116563	93.2328666024
81526	93.21321
308309	92.65801
25483	92.01334
291259	91.68051
291259	91.68051
291259	91.68051
291259	91.68051
502317	91.36218
300920	90.04388
296935	88.7588
297334	88.5385
314432	88.2344
266803	87.8506
29486	87.3877
286938	87.3737
315265	86.7352
286927	85.264
79219	84.5223
292763	84.0372
360917	84.0047
154985	83.8457
361315	83.6824
680172	83.3966
24924	83.3332
246208	83.2376
84382	83.1751
25577	82.7324
83824	82.3999323205
170900	82.2985188096
117263	81.6383
314787	81.5038
81801	81.1285
502603	79.9581
24799	78.4199
289736	78.1301
308445	77.9449
252918	77.7064
303684	77.5050616313
312689	76.7456
314396	76.5857
286983	76.5533
293142	76.1726
50577	75.806
245982	75.7171
25183	75.4756
292264	74.5879
140607	74.5309
311872	73.8896703159545
100126191	72.976787537
288108	70.7467228041636
94202	70.6778
94202	70.6778
117101	69.8054115819475
309900	68.8713
313914	68.7738
171434	68.0931
54242	67.6466
361207	67.19
313308	67.1807
114216	66.9207
84354	66.6317
25619	66.5775569185
299276	66.5583
314126	66.3167
290623	65.405
25475	65.3243
293150	65.2176
317191	64.4598
287168	63.5943
500036	63.539327909
266777	62.42473082
112400	61.4378
112400	61.4378
112400	61.4378
112400	61.4378
112400	61.4378
112400	61.4378
112400	61.4378
112400	61.4378
25008	61.2847
312108	61.1042
362018	60.957
64202	60.3724
79218	60.3021
83614	59.6804
303185	59.6346
25230	59.6277
25230	59.6277
497198	59.4924
300664	58.99182364
112400	58.735
112400	58.735
112400	58.735
112400	58.735
64456	58.4114886488
25476	58.3562430519
288108	58.2949
305848	58.1452
317259	57.6613
25119	57.6397385845
64635	57.5704
64317	57.4955
29463	56.9744
306071	56.79
312709	56.6870795654
25439	56.4662
294975	56.419
301027	55.7665
360993	54.6149
25046	54.3708
295384	54.2368
117045	53.953
29300	53.784
54190	53.1369
361645	51.4079
362246	50.4103689970834
65146	50.0
303088	50.0
361550	50.0
