298184	96.4437443336
24460	95.32815
303518	94.73077
399684	92.2487
299971	91.30037
84484	91.08136
288353	90.8461
300913	90.43762
60660	88.2584
299940	87.7342
309957	87.0605637772
306994	85.8121
317494	85.7966
365755	84.5278506232698
100322884	83.7392
302864	83.594861913
293067	82.5968
24771	82.029377698
29365	81.3334
84471	81.2087
116459	80.9054
595134	80.2923
499328	79.8906411598392
58840	79.7439
287931	79.7218
117099	79.5391
290364	79.2736
24465	79.2379
302977	78.8837
308000	78.101989558
314157	77.9450277476
171090	76.7302
305423	76.7078
81676	76.6922
288272	76.5079
170902	76.4202
81521	75.7066
361684	75.2747273099
307016	74.8405949037
313554	73.605063268
313264	73.5378
25699	73.5078
24952	72.9843
313436	72.8761
315165	72.6094
364712	72.3546
81717	72.2846
26295	71.964770465
315037	70.6965
25622	70.32348409
25622	70.32348409
295631	70.0497200426
140860	69.5443
314320	69.5438
192189	69.4674
296390	69.1361
89816	67.8375
362697	67.7239
299811	67.632794155
314046	67.1395
64678	66.9275
25262	66.8765
25262	66.8765
25262	66.8765
25570	66.867
29433	66.6404
296269	66.2951
316539	66.2453798784
312192	65.9795818852
299691	64.6856
64525	63.8866
64525	63.8866
64525	63.8866
64525	63.8866
680149	63.8816
294362	62.7808
497078	62.0131
25615	61.724
29504	61.64
312678	61.505
685232	61.4289
497979	60.9047
25743	60.8554314045948
83624	60.7019
304271	60.3124
85435	60.3046
294421	60.0235920593
171133	59.8597
296787	59.4527908627
304474	59.4438
308361	58.8000489224
360847	58.7245
303394	58.6856
287441	58.6548231274
25033	58.3277
300947	57.6862
314374	57.6678
64358	57.1787
260416	56.617018048
305714	56.5941504309
305714	56.5941504309
116699	56.176
365744	56.0203
293410	55.9194
29547	55.8452
25094	55.7073
308140	55.0971
313156	54.8789
305164	54.5967
686611	54.5486
686611	54.5486
308493	54.4032
363854	54.2853
65162	53.9793
294698	53.9537
301261	53.8167741516
294408	53.7939801512
315306	53.5901
298144	53.1059
314228	52.7301
24605	52.6146
246755	52.5659
311146	52.4888
366697	52.114
302378	51.9235
29300	51.6483
307766	51.6163
26955	51.3754
64394	51.0847
500132	50.9374965294966
313308	50.6485
84480	50.0
316211	50.0
