287622	96.34848
65040	96.3166041932
29157	95.32238
65040	93.7730766646
80899	93.01869
287109	92.80686
64826	92.78897
171050	92.09501
365797	91.3630181005
299274	90.85834
498328	89.9155
29737	89.4022177370101
299928	88.4503989331292
114514	88.433462575
309031	88.3819
309532	88.1434
25616	87.8435
288482	87.6659
399684	87.5227
24926	87.4658
64551	87.2667
64551	87.2667
367314	87.2329
353218	87.2196
100360302	85.8814
81678	85.7226
289546	84.7453
288661	84.3756
297486	84.3286143694816
293060	84.3169100475
286939	83.6879
289168	83.6471
29645	83.4078
64017	83.3708
25577	82.3982
314205	81.6639
292295	81.2917
29144	81.101279592
81920	81.0508
689256	80.8917
317444	80.6778378454
287541	80.5278
288289	80.2845
361178	79.6537
25652	79.591676493
313954	79.3944
298874	79.1542
366889	79.0064
311730	78.8742
155423	78.4803
309227	78.1708470912
295455	78.1067
64028	77.8664062992
362687	77.7585
314824	77.2556933067341
292401	77.138
295382	76.8416
24848	76.2557
84409	76.1539189181
286924	75.9872
360834	75.8231
292016	75.3436
361285	74.8344
29642	74.5595
25264	74.301
360747	73.7544
313609	73.5841
313308	73.2756550792
365984	72.9999
289104	72.8812
501454	72.1679
501454	72.1679
84550	71.6270998718781
362418	71.4267
116548	71.4140202532
311326	70.8817
113990	70.8383
294679	70.408
432358	70.2185
83825	70.155946321
606294	70.1136
84556	69.7594
29230	69.5274
365948	69.4572113116
171355	69.4427
304692	69.363
291211	69.0804
680133	68.8523
302369	68.713368589
361624	68.428168408
191574	68.3345
308509	68.1621263896
50622	68.1081
25611	67.9811
680102	67.1643
83504	67.0203
307067	67.0166
360589	66.8526
266773	66.4637
266705	66.1369
361907	66.047015704
306998	65.9862
306998	65.9862
362246	65.9455
171142	64.2173
302396	63.6543646181642
25651	63.6354
310506	63.3775252122
493574	62.394890032
117087	62.3042
54281	62.2114
24948	61.9991
50565	61.5977
313242	61.5616
360698	61.2022
313370	60.9653
360838	60.396028107
312301	59.466
24503	59.4236713779
360462	58.1161175176
64440	57.9485
312603	57.940701936
25428	57.6184
298982	57.4335
362665	57.3104924994
26296	57.3065
116478	57.0951
24239	56.5487
361970	56.4863
58948	55.9497
291023	55.5728
100361133	55.5010115365
306157	55.376
78975	55.1638
497961	54.5638
25672	54.3259655366
310399	53.8612
316005	53.5453
294674	53.3205
64088	53.3194
310207	53.1009
80773	52.833
84410	52.585
50566	52.5257
313228	52.3379
313409	52.2192347288755
84586	52.0473
298652	51.857
140547	51.4013
315348	51.1758
298954	50.91
245977	50.0
680609	50.0
360564	50.0
29669	50.0
114593	50.0
296167	50.0
