85384	92.2310445456
310909	91.144220485
306862	88.4732193486
362052	88.0406
50690	86.4526661281
65155	83.9459
362029	83.8987
497942	82.9877
50594	82.7035
298075	81.9244
362530	80.4190986161
362394	79.5179
287927	78.8401
497078	78.7970320124
313035	78.6414
313618	78.4953140083
363076	78.3886
304758	78.0357
89821	77.4312
64154	76.2988
301118	74.9187100703339
312603	74.0595
303351	73.98
296973	73.3067
259242	73.25569131
360589	73.1732
304833	72.4826282940147
287709	72.2384
361585	71.4833
60326	71.1633924662
362738	71.1090698163
314157	70.6093
301374	69.604412239
307039	69.4835
305471	69.3249
361749	68.2251
296472	65.9279
313873	65.8131
311218	64.86
302697	64.651
290280	64.54275679
303193	63.9951
684112	63.9529
54248	63.9243
24171	63.3703
311327	62.4736
679028	62.4509167421
364785	61.967
24716	61.8109
315804	61.6613
361391	60.3088
308267	59.7323
29546	58.987
25589	58.5830964577
682930	58.30706094
25162	58.1682
310659	57.846531973
25301	57.2414
291394	57.2183
687147	57.1712100292426
687147	57.1712100292426
293112	56.8361
498798	56.6522
317413	56.435
286928	56.3533
54355	55.7755
307861	55.2561
296281	55.1880513724428
298859	54.794562094
297123	54.317330244
306886	54.0738
295342	53.9139
29211	53.8485
309858	53.2438
78975	53.1879
246323	52.7424
500616	52.6642
305150	52.5415
59105	52.1558
298103	52.0105
29560	51.4393
84410	51.3506
