315996	93.0334711775
315978	92.96924
499929	92.492123043
114122	92.3881654216
432393	92.31104
25445	90.97717
54320	90.79563
291044	90.78358
79249	89.835
303200	89.7920112949
303824	89.237542196
361821	88.9063
360571	88.79
315722	88.109
24788	88.0061
501002	87.9509644917
100361376	86.8685612894146
296306	86.5878
365548	86.1216
303584	85.4830031057619
292016	83.9622735567
315599	83.8594933462
24831	83.197172366109
24831	83.197172366109
314894	82.922
309111	82.5848558572746
171355	82.4822
313969	82.3928800531673
94272	81.8262214327333
287537	81.8166093917838
289727	81.752532731437
298500	81.7113241034111
192350	81.6309
294010	81.5513253751
679713	81.2776
298091	80.3537323918042
303824	80.280908048
363577	79.9656145221696
501099	79.8699791493566
84686	79.49315
171415	79.2691
24807	78.6087407944
314623	78.4598
299923	78.3964707673935
117269	77.8678161198254
64474	77.7598
303070	77.5308679234265
312495	77.310212807797
683713	77.1282
291670	76.9466
117103	76.7913395016
246217	76.6564261440843
362164	76.5900751572005
304885	76.0623941213196
362171	75.9729
494445	75.8844
684097	75.8683
25674	75.7949
311854	75.6174027680855
171444	75.6074375561623
116663	75.5708197826
64204	75.5048205885108
64204	75.5048205885108
64204	75.5048205885108
64204	75.5048205885108
64204	75.5048205885108
64204	75.5048205885108
64204	75.5048205885108
64204	75.5048205885108
64204	75.5048205885108
64204	75.5048205885108
64204	75.5048205885108
192211	74.5376577904
290975	74.5344
24326	74.4073
298787	74.2874
361879	74.1958902169181
310659	73.8974687060318
116673	73.756781743
114122	73.7303239
114122	73.7303239
114122	73.7303239
307503	73.6361220995
690516	73.3829369887
296708	73.0788969153432
56011	72.9165
114247	72.879
64551	72.0313235434
64551	72.0313235434
300105	71.8252418294
311622	71.696690711743
287543	71.4363032154
81668	71.3214684344
307604	70.9642
29398	70.9359
310533	70.888666968
25626	70.8773
304784	70.7463
114860	70.5415
24943	70.4638
501052	70.3680534298
313913	69.9274624564
83523	69.7379
680445	69.679
361251	69.6465
308602	69.3977
29576	69.028
25197	68.4336339118116
25197	68.4336339118116
362609	68.3692
81922	67.8229554682
83685	67.157
24790	67.1447515193218
171092	66.98352805
25253	66.565
288914	66.502160599
292878	66.2962465832
81664	65.9958
500901	65.9861
298512	65.5577
312728	65.424143857168
303747	65.1821
140931	65.055
311902	65.0192118125
24768	64.9028
303676	64.8991
306873	64.8925
498003	64.8837
291212	64.5883037838
304315	64.5723906364921
83722	64.077
65157	63.790189832
171148	63.749976418
29713	63.7404
315962	63.7082
24417	63.6291
192154	63.549271
293736	63.2184088857837
300359	62.866
81515	62.7973
81515	62.7973
171075	62.5929
171075	62.5929
287615	62.5519
56780	62.4664
289264	62.3286874274796
29264	62.0464227256
25411	61.9968
114839	61.8225
304592	61.7468627633444
498335	61.7359
81641	61.6859
302552	61.6383
304817	61.447
290212	61.3678
29227	61.217
304714	61.1570182896229
117130	61.0004966416
83513	60.7999690235008
362788	60.7234235744432
292126	60.6859
308995	60.67895
305494	60.1876153628
361400	59.8317723095259
64362	59.7514330935131
192280	59.6778326725715
317256	59.5131027751268
289785	59.4986
313811	59.016
360459	59.0055179864
84492	59.0026
360549	58.8348
246215	58.6244
367218	58.6014004427581
367218	58.6014004427581
308692	58.2635
304410	58.056619973276
686999	58.0487
685059	58.0467
171305	57.9874
100360880	57.9779
362246	57.8300179834
24873	57.7681
315158	57.71975
408234	57.5593
64192	57.5396
365755	57.5183459717809
311721	57.5113355321786
100360872	57.2930645175195
94338	57.186195789826
29663	57.086423866
307907	56.9165480196985
295461	56.8072
112400	56.500495487929
112400	56.500495487929
112400	56.500495487929
112400	56.500495487929
300253	56.1865
24382	56.1717
683687	56.1174
300025	55.8072
303690	55.7857
303690	55.7857
58958	55.7792546158
294380	55.7542
311245	55.6959
114214	55.674789952
287899	55.5733
291259	55.5171
291259	55.5171
291259	55.5171
291259	55.5171
313436	55.3747089536
297383	55.0114
317235	55.0104158798
29757	54.9292
295325	54.9284
29723	54.7860536056
29723	54.7860536056
312135	54.7306
304474	54.7263595505
293113	54.5639
83470	54.4598
299811	54.1905
306586	54.1678
365652	53.9857
64322	53.8849519615
619440	53.8063
289712	53.7921799549
29361	53.715891642
303586	53.7104866494
114205	53.5790711809
24881	53.5057
304785	53.4808
246294	53.245461232
360406	53.185
58954	53.1134912008
25069	53.0818286499797
309186	52.843
315084	52.8008
311215	52.671721645
24479	52.6234
246314	52.5356798864
363520	52.4458
301033	52.1992
89783	52.1344563164755
497974	52.085
364952	52.0717
288597	52.0428
288707	51.9296
29456	51.9177562492
298992	51.9137
306619	51.8362717789
25205	51.826465186
308326	51.7945
313994	51.702
298024	51.6940080798203
298024	51.6940080798203
191572	51.6564
296390	51.5415
24973	51.5406196282
288151	51.434
361103	50.945343324
317399	50.9273682988173
361271	50.7983
289623	50.7758
25659	50.6493
683613	50.6379
363143	50.5677204415
57302	50.5671
57302	50.5671
287441	50.1351036181
294643	50.1132762099969
294103	50.0
83469	50.0
307652	50.0
360554	50.0
688999	50.0
296318	50.0
