24413	98.6558097356068
29316	96.98235
84484	94.14484
373545	93.21926
498301	92.3966218648
311872	92.25781
289881	91.793106622522
362048	91.6965471975
312299	90.87508
79218	90.21724
29456	89.9252
300384	89.8824
312640	89.4623
304334	88.9489
362515	88.5988948551564
313554	88.1757
286906	87.7427908453
64045	87.7175
100360100	87.6979
497198	87.6026
312903	87.559
310288	87.0235
365755	86.8962
364867	86.7046
24638	86.5568
24638	86.5568
24638	86.5568
450224	86.1749
312398	85.8804455924
29150	84.3385
171087	83.393
311311	83.1351304288
114104	83.1128
312694	82.8582169897
314543	82.7469
282832	82.4938
311146	82.3357
360550	82.1765
313304	82.0638818416
362892	81.9909
296787	81.1222
116464	81.11
24654	80.9923
286912	80.7335
29146	80.3596
287541	80.1701
65202	79.9112
312781	79.45143633
308361	79.2631659109459
58813	79.2475
25293	79.0852676911041
25293	78.9947047880369
25293	78.9947047880369
25293	78.9947047880369
25293	78.9947047880369
313228	78.5003
287593	78.4989
360896	78.3776165776
60447	78.3026789876
60447	78.3026789876
315665	78.0937
316628	78.0158666722
311450	77.5686
363013	77.0181
79423	76.7771
79423	76.7771
79423	76.7771
29662	76.6879
24508	76.6192
79423	76.6103
79423	76.6103
79423	76.6103
84032	76.2381
315798	76.2369
363445	75.78459748356
502603	75.7511
59300	75.6123612832668
299159	75.4803
117024	75.3333
287185	75.3192
360920	74.6249
290789	74.4375
363445	73.8705321347839
116663	73.834
290647	73.7747
302396	73.7245
50566	73.498
313978	73.1033593356
298598	73.07376976
690195	73.0618903456
56010	72.7945
64020	72.7293
59322	72.501
689917	72.4950178856
306809	72.3202
29737	71.868
171159	71.79
117180	71.7677
362812	71.4684
679921	71.2949
116690	71.2256281948748
116690	71.2256281948748
116690	71.2256281948748
116690	71.2256281948748
170751	71.1969
500651	70.8959
362533	70.7923
114203	70.6762
314405	70.611
681062	70.2962
298748	70.2118586098
24877	70.0408
306809	70.0026
80849	69.5675
58945	69.5239
310250	69.4692
84427	69.2914103104
313391	69.2
295230	68.4002
291000	68.3459554064
690163	68.271
315265	68.0795
59318	68.0312
29277	67.8198
289515	67.0154584102
305586	66.9892
24414	66.97546081
362356	66.7435
29256	66.4818
29256	66.2855
29256	66.2855
292766	66.212
84350	66.1183
257644	66.085336681
309871	66.0473
304982	65.9095
24399	65.8311
361018	65.7784677376
171084	65.3799
113922	65.3144
293024	65.292051905
293561	65.2631536804
294930	65.1195254802
245977	64.9569
305999	64.6368
58845	64.4439
293505	64.2240760807
299811	64.1195698264
364419	64.1007
498709	63.7939
117064	63.6674
554172	63.5795
94196	62.9061
54323	62.7958
79146	62.7129
79146	62.7129
304721	62.5478788222
171101	62.5398
117287	62.5041
117287	62.5041
117287	62.5041
117287	62.5041
117287	62.5041
306281	62.33
362788	62.1785030458
310780	62.0976
24297	61.9056
79209	61.7321567314
291671	61.6529
691380	61.6331
313236	61.5763648501402
291960	61.5019
114561	61.2032049948
84597	61.1102
25083	60.6509
313433	60.593
93667	60.444
304124	59.9543
291450	59.9162
313860	59.9029
29627	59.8349488752
29627	59.8349488752
24946	59.7367
114115	59.7069
309544	59.7044292784
360650	59.4281482642
681337	59.4111
65156	59.1808
246323	59.1154
306247	59.0556
266601	59.0422
25033	58.9709352376
192349	58.7135192541
192349	58.7135192541
294410	58.6944
63912	58.5759
292462	58.5461
64358	58.5381589838136
294012	58.5165
24908	58.438
501563	58.4265
364033	58.3042739388
64086	58.160708888
294606	58.0361039402
685332	58.0103
300756	57.9525
298577	57.6308
317498	57.6164
316344	57.5272
287607	57.2156488762
287441	57.1275
313385	57.04115
361688	56.9569
363220	56.929
56718	56.9143
25565	56.4839
679640	55.8971
312030	55.8743127368461
310399	55.8629
312828	55.8626767588
361745	55.7193
686611	55.5572
686611	55.5572
289168	55.4362
306647	55.2068677524
361073	55.1653
287472	55.0091
64443	54.916576153
309478	54.6651
498549	54.3195
261730	54.2387639246
307124	54.2304876892379
727679	53.9642356161
304763	53.950461218
363138	53.8524
300710	53.5918
306376	53.5630824686
315716	53.5121
307810	53.5118
362342	53.3368
304157	53.125082566
313098	52.963994885
303586	52.9017877576
305482	52.680318197
301261	52.6334
362013	52.6303
266674	52.5747
25682	52.0937235105
192178	52.0360242259458
83514	51.9921051269556
83582	51.9176
65161	51.8729
306862	51.8232
171571	51.7619290475
363412	51.7116504968868
29628	51.2768
29628	51.2768
192280	51.2249
65166	51.1955
307986	51.1198
312086	51.1074
292724	51.0625346146
305812	50.9126
296301	50.7532
25096	50.7426
297109	50.7397116267851
302711	50.7039
287805	50.6855
24167	50.0527075036
24167	50.0527075036
24167	50.0527075036
24167	50.0527075036
24167	50.0527075036
24167	50.0527075036
296408	50.0
298280	50.0
83469	50.0
309172	50.0
691478	50.0
81682	50.0
64530	50.0
314818	50.0
25577	50.0
309457	50.0
