314265	97.1218380963847
689890	97.0335315302
362876	96.25495450287
292483	95.66553
25577	92.7404
25648	92.7375915233171
311024	92.70931
306129	92.41642
246074	92.411619382
171396	92.081424124
369016	92.01318
296884	91.58396
289196	89.906
56011	89.6010868208
303336	89.3488
303336	89.3488
295143	87.8996
56769	87.136718559
56769	87.136718559
295445	86.9888
309008	86.6663
291948	86.4324
309304	86.1495
24213	85.8933
50559	85.8844
314388	85.826
25621	85.7325
314388	85.641
291084	85.2421
291556	84.7098
291556	84.7098
100359982	84.6944
307865	83.789
83824	83.7877
140722	83.6768
293067	83.5069
301622	83.1289
65248	83.0249
286900	82.9765
309525	82.6748
641386	82.3785
296708	82.0746884046
25469	81.9212
116554	81.3718
289312	81.3713778406
304078	81.2747
361992	81.117
25430	81.0335
305477	80.6287
311876	80.4493
363005	80.4046
25430	80.257
192189	79.3245
29737	78.6728
25601	78.4253
294018	77.7561
310780	77.6506198426
303439	77.5589
287433	77.3946
363045	77.3744988492
64823	77.0918358334
305424	76.4871
24158	76.4265
687031	76.0798
114483	76.0659
367252	76.0154266377827
367252	76.0154266377827
293673	76.0114457961
304053	75.6999627983
29218	75.5259
361651	75.2526263845503
140937	75.1195
308961	74.184
315108	74.1251719667275
315108	74.1251719667275
314374	74.0902
306071	73.925
29246	73.7972
29456	73.714346046831
29200	73.6614
287942	73.6087
29194	73.5455084042
286914	73.5015
298992	73.289402015
301085	72.9488
361668	72.9038
140593	72.7942
291081	72.6889
314312	72.5117
353316	72.249
315744	72.065303884
64626	71.8196558176
25505	71.6246
25505	71.6246
25505	71.6246
289809	71.3262
289745	70.8868
497978	70.8749
305149	70.8334
307740	70.76775
292264	70.4008
29711	70.1254
499709	70.0675
297113	70.0337
294331	70.0152
310693	69.9406
170910	69.8944
362170	69.7206
287940	69.5612265121
313510	69.4692
85489	69.1103
79124	68.9976805687
293526	68.9476
361319	68.865
309457	68.3816
497794	68.0715
306819	68.0676
315741	68.0395
85309	67.7134
287552	66.982
29635	66.8535
297568	66.8338
287954	66.7966
308846	66.7321
291637	66.1536
252897	66.1536
498847	66.1536
252895	66.1536
291635	66.1536
116782	66.1536
307505	65.7891
300253	65.6416385344
25243	65.5568
293691	65.4345
308028	65.3435
25620	64.8505
25620	64.8411
25620	64.8411
25620	64.8411
117560	64.5312468788
306281	64.5308861584
298690	64.263304912
360662	63.7199
286928	63.7036832749662
84411	63.5832
293735	63.4812
287607	63.3483
25122	63.1397
683626	62.995318192
50558	62.4478
312248	62.4129
288364	62.2657
289727	62.1966439992
192245	62.1035
29588	61.7722
313845	61.7189697894451
313429	61.4159
81655	61.371
81707	61.2396
315434	61.1544
287962	60.9658529472
289482	60.953
500616	60.9129
114768	60.841
25631	60.6805
64536	60.5225
365382	60.3735
293016	60.3407
293016	60.3149
25257	60.1964
685258	60.1119
305341	59.9415
266764	59.903
294667	59.8393
315949	59.5885
312108	59.5626
316325	59.4791291991335
362412	59.1177235307
315891	59.0570763691
310621	58.8723
307474	58.8145
316344	58.4915
304037	58.4861438297129
306998	58.1438
306998	58.1438
311384	58.126
302492	57.7631
170907	57.5786382625
363227	57.377
24794	57.3394
64442	57.1324
295607	56.8169
282819	56.802
310071	56.7585584892
309651	56.6948882485
54254	56.5495
313582	56.5326
619374	56.494820152
65165	56.4614
364240	56.3277269962
81808	56.2258
292172	56.0586
305675	55.8079
305675	55.8079
300047	55.7925
296956	55.7762988227
313575	55.7381320867
292847	55.5837
81754	55.3607
305152	55.2667
294400	55.2144568884787
494445	55.0956
29600	55.02
295669	54.8448272493451
305171	54.7542
114211	54.6422978058
494125	54.4618
365652	54.3668314792
312251	54.3371
309622	54.1092
25120	54.1037
170906	54.0687
312563	53.9384678028
309165	53.8184
290500	53.516776464
290500	53.516776464
311604	53.2623
81708	53.0689693851535
291403	52.9335
304881	52.6630653088
25033	52.6504847793
498545	52.6501576251
498545	52.6501576251
25262	52.453
25262	52.453
25262	52.453
288353	52.2782696857
314824	52.19752897
360480	52.1707
25620	52.1383
25620	52.1383
25620	52.1383
25620	52.1383
314380	52.0814
57027	52.043872729
65208	51.718
310864	51.6416
316005	51.5653
362587	51.4846301545
140941	51.388
306782	51.3185
307403	51.2883
78957	51.2372
24653	51.2209
25658	51.1475
84356	51.0480955488
29710	50.8345
292129	50.8251
29591	50.6547
291015	50.6363067681
287155	50.6187
