315958	99.873774045051
305310	99.6879425773834
84407	99.5250361309114
297508	98.8382156231724
306439	98.8041279708992
315615	98.62833639435
171069	98.52633
315655	98.2714477488269
25515	98.19658000288
309514	98.089077170474
114490	97.9430004499
246153	97.78214689518
64440	97.6481353424595
310533	97.635312619
310801	97.41219025534
367218	96.9341116892094
313030	96.9237384633584
298787	96.85286245216
292007	96.72685
291877	96.65919
499593	96.5706936767
303754	96.33996516816
306129	96.33574
361060	96.3157522839
290679	96.29926
245926	96.22744783066
686611	96.12008
29468	96.06505
25493	95.93046
690244	95.91986
364634	95.6916055299413
361289	95.60899
65045	95.29983
305828	95.27524
114901	95.2502245675565
498545	94.8596718592
58853	94.8302
679869	94.82483321551
311118	94.7139909957119
365668	94.64693
300253	94.61233
362223	94.44153
367218	94.3671032968302
311968	94.3361636928
299979	94.28572
246334	94.20078
246334	94.20078
117515	94.13455
114494	94.1302
312915	94.1043761225
246334	94.07776
246334	94.07776
501563	94.0764884992
306814	94.07287
65166	93.91327
686611	93.85015
117280	93.84819
140586	93.8247325905
595134	93.66436
312689	93.57584
362609	93.5456583061842
81748	93.01309723484
498545	92.992734208
291553	92.86259
303188	92.5463004407043
170920	92.469040634
309144	92.3804355418
25230	92.2706879815
25230	92.2706879815
292019	92.1665283049
305468	91.91226
361684	91.7770744702
114634	91.3819808551
312491	91.25446
25289	91.24409
25289	91.24409
24918	91.22007
293684	90.84791
365468	90.75981
296762	90.755297061
63868	90.66453
64631	90.56616
83614	90.338
304794	90.2421333672
24706	89.6669545076
25341	89.655
64018	89.5491
361096	89.4915
294799	89.257461867
25401	89.2216
65171	89.0792
360886	89.0402
302642	89.0372
364738	88.9852335836
29628	88.8665685705087
29628	88.8665685705087
64845	88.855689992
316273	88.854
360827	88.809210175
84416	88.7835
24790	88.7147
25283	88.6821923374
64387	88.522
296751	88.348495792
114505	88.223
360704	88.1767
499431	87.7769
303836	87.6355
84476	87.3357
314718	87.3245
310843	87.2926
300880	87.2561
641521	87.2364212318
266780	86.9366
689415	86.6669
299909	86.5084
64206	86.4222
290789	86.3548
301555	86.1923
50993	86.0584
360895	85.9683
57395	85.7963
303068	85.582
361688	85.5532
289457	85.4341
363854	85.4334
313873	85.2467
360722	85.14
84026	85.1279
29748	85.1258153851332
303016	85.1247896218579
29345	85.0722
24398	85.0547018584
296911	84.8624
117596	84.7525
360272	84.7029045469
306562	84.583
499964	84.4873
361095	84.3712881075
246060	83.9518
246060	83.9518
246060	83.9518
54348	83.9126
315870	83.9124
304763	83.8355879635
313961	83.8277
304729	83.7809
29464	83.7554
24398	83.5561
171120	83.5433205889
313035	83.4474
29721	83.353995026
309686	83.3199
25571	83.22745
64551	82.9924
64551	82.9924
363783	82.8632
317396	82.8051996109641
314743	82.6876
25031	82.649535211
300891	82.6188
117140	82.5659
308939	82.2181193012
361171	82.094
362317	82.06
361285	81.9871013014
498416	81.9863
315648	81.8582
288471	81.8103
117268	81.735
304860	81.5321
29546	80.9970272455
361258	80.8802
306571	80.8710608552
303923	80.8562
293897	80.6866
29707	80.4717
300733	80.4134
305302	80.4074
680445	80.3269653294246
309812	80.0811
117259	79.9711
294449	79.9522
307721	79.8071
25675	79.688
287709	79.6715
360600	79.6624906316
25253	79.5992
294043	79.5485
171086	79.5079
362279	79.4095
309774	79.2948377152
304294	79.1034
314949	79.0092
207122	78.9688695846563
680717	78.8715
362612	78.8012
65262	78.7434
25467	78.6593
257646	78.5563760104
25650	78.4955
291549	78.3746854975
29222	78.1568
289990	78.0885
252856	77.9937
497961	77.962
29157	77.9573123512
171092	77.8975
361103	77.8795703422
58868	77.3403
317673	77.3106
314647	77.2915
364712	77.0962
117275	76.7952
29417	76.7781
361057	76.7466
303828	76.7236302064
294380	76.716027331
294252	76.6693
29618	76.4946879445
296787	76.3422930304
307806	76.1351
499022	76.134
100360066	75.9823
293649	75.7498
286973	75.7427400829
293960	75.6972
291975	75.5513
314993	75.4822
296710	75.3784
314824	75.2569
362938	75.2538
365793	75.1500211682995
308690	74.9498
307667	74.9015
301374	74.8189344184
302290	74.7891
298874	74.6856208336
312132	74.5989
301622	74.5923
311494	74.4993
654496	74.0302
171121	73.8984
314721	73.8978
304244	73.8392
314417	73.7575
305373	73.551963487
83689	73.4299
24666	73.418
116464	73.3821
25204	73.2213345818
498309	72.9692175486
295325	72.9576
498234	72.9029
308266	72.894
24766	72.7504
308215	72.6393965144
288512	72.5102
24166	72.4649
296510	72.3818
113902	72.1646
307973	71.9602
287615	71.9378
65189	71.924
306998	71.9222
306998	71.9222
316344	71.8163
294809	71.7922
24907	71.7356
314941	71.689513744
29637	71.6036
25603	71.5999330875201
360994	71.5073
498709	71.4207
291736	71.3262
83683	71.2951
299850	71.2613
362275	71.2516
83838	71.0137
287113	70.9969
83629	70.7026642714
316242	70.4664196321
305719	70.39195
313554	70.3322
25327	70.3171
361970	70.208092432
315000	70.182
361833	70.1349
170724	70.0587
498959	69.9486
361668	69.8789
291539	69.8648
287537	69.7144
116563	69.6111
246770	69.5884
100360427	69.5534
25281	69.4656
171018	69.2604053857
171018	69.2604053857
171018	69.2604053857
500616	69.2369566726
25129	69.1546
304005	68.851
24392	68.7648
114500	68.7141
25614	68.7014449993
300980	68.6055
171440	68.4270821335
360917	68.4018
306817	67.7472
315666	67.7055
306548	67.6786
300756	67.448914734
306152	67.206000627
306081	67.1897240734
309678	67.0048259512
292044	66.9006
64030	66.8524418792
304290	66.7632
293996	66.7404
361601	66.7162
291388	66.7122
309798	66.5666
24936	66.5336
500054	66.4874827008
361907	66.4428
497954	66.3966227526
305923	66.28
683626	66.1175
296603	65.8852
498749	65.795995021
294400	65.7465
310698	65.6505
313507	65.6146558876
303132	65.4340144625
170909	65.3503
84010	65.247
116741	65.1719
310698	64.8256
361442	64.8195466755
309457	64.72545
306792	64.7201065888
310785	64.5898
289623	64.5631
364706	64.4299
287818	64.1597
293561	63.8277
25692	63.7096353412
366894	63.3955295656
25615	63.1966
302993	62.9798
29693	62.8218
94267	62.68849478
25159	62.5447
300514	62.4685
64534	62.441608416
362923	62.2969
307075	62.2882
365394	62.2659
292328	62.2557
25340	62.13715
307070	61.9405
361940	61.8349463352
24413	61.832295384679
360521	61.8157
29619	61.6191
365355	61.6028
289992	61.4966340808
171447	61.2809
171447	61.2809
171447	61.2809
171447	61.2809
171447	61.2809
171447	61.2809
171447	61.2809
83474	61.1926
296554	61.165
84007	61.1495
29554	61.1446
294712	61.0238
303073	61.0207
299197	60.7405
305455	60.7255
116663	60.7108
29629	60.5766
29629	60.5766
363026	60.5499552634
363026	60.5499552634
24656	60.4629
287521	60.4356
363412	60.3155325268
689161	60.2973
309400	59.8436
294862	59.7671154348064
29737	59.6018994442
116544	59.5129
79209	59.3997
498241	59.3764
64053	59.299
79208	58.9972764025
360847	58.9904
307916	58.9667110208
313596	58.8372
64456	58.8094
192247	58.8032
291705	58.751
117540	58.7474
83824	58.7342244273
310463	58.7024
25546	58.69
312225	58.6314
498272	58.6148
58978	58.3563
58978	58.3563
58978	58.3563
307067	58.3541
362912	58.3191
85250	58.2593
679572	58.0817
286914	57.9604
24669	57.7870247013592
313588	57.7245
29693	57.7237
364208	57.705
316575	57.6243
291259	57.5951
291259	57.5951
291259	57.5951
291259	57.5951
293112	57.3703
25024	57.2725941768
309901	57.2504
24511	57.243
64824	57.026
297699	56.9747
83833	56.6439
24784	56.6134
114520	56.5543
499337	56.4385904392
301416	56.3155
78968	56.3009016625
78968	56.3009016625
58820	56.2267
313308	56.2072
252941	56.0854
84394	55.8816870618125
300250	55.7744
313969	55.7744
304885	55.5584
100362678	55.5133
50646	55.1076
64558	55.106097932
363425	54.8093
296500	54.4787
117271	54.4400891
289521	54.4389
116721	54.2983
313063	54.2789
310392	54.2321
60628	54.0983
497815	54.0297
305164	53.7483
25062	53.651
362588	53.6081
313825	53.5447
313689	53.3633
304410	53.3365517557
361930	53.3018
29335	52.7947
100360334	52.7745
29335	52.667
362740	52.32
79423	52.2825
79423	52.2825
79423	52.2825
311797	52.2461
302378	52.1623
361627	52.1194
171577	52.104
192178	52.0959
114105	52.0505
361577	51.9324
117553	51.9096
24668	51.7853
306141	51.6925
296480	51.6756
25415	51.5473
24337	51.3626
361921	51.1860031528
65196	51.1574
310352	51.0352544704
306030	50.9625
295053	50.9344
83513	50.8701
686295	50.8212
681178	50.8071
363122	50.786850586
25708	50.7838
289129	50.7355
100360682	50.6661
309858	50.5622296824
290614	50.0
298757	50.0
260416	50.0
29171	50.0
317418	50.0
361745	50.0
365842	50.0
297867	50.0
