170538	99.9795016307334
685472	99.898044598377
313876	98.7953852828704
313169	98.74511993337
361916	97.9374983838
25615	97.9172067551694
307343	97.8562269345099
24482	97.8557664471892
24482	97.8557664471892
24482	97.8340121069291
24482	97.8340121069291
295620	97.7622337384761
306886	97.6201888431751
296753	96.9009
260323	96.8096614728
306571	96.247875
81673	95.840119443
300126	95.77354
24516	95.73275
286928	95.69389
117548	95.53526
100362764	95.3224102085414
315352	95.25274
298184	94.8482388416204
305687	94.76071
29546	94.7102278152
310344	93.8600663233058
680066	93.8438
29647	93.83121328186
305482	93.63312
25248	93.3774853459
25620	93.2556578114
25620	93.2517531726
25620	93.2517531726
25620	93.2517531726
25202	92.996163060792
288272	92.9172986516226
315327	92.66217
361585	92.63506845335
303836	92.54187
317191	92.5243525335
296710	92.30216
362703	92.03143
245922	91.76057
246142	91.68579
287876	91.5808
308106	91.53054
301374	91.4590912366
296925	91.39009
399679	91.17652
297514	91.109472018
260323	91.082822743
313929	91.0046165524
81830	91.00006
308265	90.989205928
112400	90.5882
112400	90.5882
112400	90.5882
112400	90.5882
112400	90.5882
112400	90.5882
112400	90.5882
112400	90.5882
312192	90.5172426766
170920	90.495470649244
25620	90.4584920509
25620	90.4584920509
25620	90.4584920509
25620	90.4584920509
315686	90.36732
25705	90.14044
64521	90.1245324373376
246244	89.9557032914
307545	89.849195212
299199	89.6946
303016	89.5879912189363
362170	89.4894
84686	89.2846
24714	88.998
117140	88.8811
306672	88.7379310016
314548	88.6854
114845	88.3123658835382
362051	88.0167
24414	87.9247505826
85497	87.6673
314212	87.5821711438
54241	87.4998
303953	87.3489
29146	87.0646240798
25023	87.0007
114505	86.9706
303439	86.9219
170914	86.8471
296199	86.5645
502525	86.5049158712
113976	86.4240603964
300359	86.4040312738
296076	86.3404
304092	86.2652514088
24316	86.1632489227
84589	85.8027
59303	85.6947147442
299138	85.6381925704116
293448	85.4392
363140	85.3639
171028	84.3901
171028	84.3901
314221	84.3497580788755
156435	84.1909
25605	84.1848907928636
64823	84.1361
313304	84.0911
24414	83.8918309156
360886	83.8812
297865	83.7142
362697	83.4095
313373	83.283
117544	83.2804
307766	83.0418
288108	82.9638730743691
314543	82.8806724501956
81744	82.6463
315740	82.641
295264	82.5740832405143
25672	82.569091998
362489	82.4951
29642	82.3399
170895	82.3291
25262	82.3034245646
25262	82.3034245646
25262	82.3034245646
304758	82.2982
58954	82.2158397802
266803	81.9959368544
59296	81.9864
112400	81.9776929184
112400	81.9776929184
112400	81.9776929184
112400	81.9776929184
66030	81.9024
100192313	81.579529182781
289883	81.3961208107
245709	81.3911799222165
170843	81.32595
84407	80.9282922022
500156	80.9176
140583	80.804406708
114024	80.6498
289990	80.4526
25690	80.4048609976
25690	80.4048609976
313098	80.4027824224
301106	80.2374
25690	80.159563354
116500	80.0383
498112	79.8426
246282	79.83432216
498999	79.8264
59303	79.489180347
24790	79.4871867973
310749	79.2559334692
315666	79.189708770844
501195	79.0938
363228	79.0273
78956	79.0023876146348
361191	78.9558559719
25267	78.9492
84409	78.5821161282854
29221	78.3309
306782	78.2356
315478	78.1695610905
309478	78.0843591345
300030	77.8697021577
100125373	77.8252542205
79223	77.8144439473
360980	77.7846
312927	77.6673071
362713	77.643
306720	77.6241
361391	77.5043
25167	77.4118
114514	77.2958
305586	76.654776916
362037	76.6148
29448	76.4596395262
291624	76.277
365895	76.2205626131
314964	76.0464485266292
317576	75.7758374513
25654	75.6278697
307395	75.5181
303403	75.449
313974	75.3849120328
499330	75.3173827624
314028	74.6843
64531	74.6147923711583
29627	74.3179493280703
29627	74.3179493280703
305896	74.302914565
24500	74.1188
83726	73.930661613
302678	73.9247
311607	73.8688167812
305171	73.6141342807
85428	73.5683
29463	73.2581244881
307067	73.0813
25448	73.0379
362052	72.72908632
297486	72.6152
315833	72.5019577952
500874	72.4721
307039	72.2567684367
294380	72.1967
50622	72.0442
297768	71.8175126464
308028	71.722
81754	71.6646846483021
25577	71.5829420989
310806	71.5183304522
314859	71.507
315804	71.5059
314384	71.482503928
83501	71.4055
114629	71.2958
114557	71.2878559072
295105	71.1738
304157	71.1471706503014
83572	70.561893268
292810	70.561
360466	70.4832893467
316013	70.4426
312381	70.3600833763
360797	70.3432353772
298934	70.3373
366265	69.8045029428318
361086	69.7543
303614	69.6932183752
306600	69.612
100125361	69.5642927452
192361	69.5537
58948	69.5427
24923	69.386939198
301555	69.30865
314205	69.2978
25367	69.2417
25367	69.2417
25367	69.2417
25367	69.2417
100910806	69.2322883847
301261	69.2202622710495
310244	68.9742
25714	68.6344
303803	68.5333
315824	68.4496098561812
64457	68.3315
64457	68.3315
64457	68.3315
64457	68.3315
64457	68.3315
64457	68.3315
307948	68.182
310352	68.1688
140635	68.1329
304124	67.7854
685232	67.7735
171494	67.72
296115	67.7097
300173	67.30725779725
606294	67.2341
301033	67.0559
362049	67.0186932354339
689399	67.0145998340919
25187	66.9397
24766	66.9289
25022	66.8646
25022	66.8646
25022	66.8646
25022	66.8646
25022	66.8646
25022	66.8646
305910	66.8016
24379	66.7473
59300	66.6721
114489	66.6224
362591	66.5114
25478	66.0729
170908	66.0572
294395	65.7849297955
365252	65.743
361103	65.7028688670819
58812	65.6919
29554	65.6854
29498	65.6552848365
361400	65.5718
365802	65.4600801793
170913	65.3688697593
361688	65.2677
299356	65.1915786030594
114561	65.1137889511
300838	65.0578
301242	65.0102
170909	64.9462
246152	64.5240640262
306012	64.1400642024
155812	64.0387
501145	63.9416
117556	63.8495
25467	63.8183
685258	63.6982
307724	63.6075467110067
364630	63.5176
302396	63.3220311764
316344	63.3071
432361	63.3007
29500	63.2703883598
500112	63.2336
300950	63.162373754
286988	63.1391
303132	63.0430135940684
114521	62.8935
296913	62.723
291137	62.6144305944
498650	62.5125
498650	62.5125
296349	62.5068
293960	62.4979892032
299246	62.4658
140914	62.3284135664
312372	62.1308884456
103691034	62.0715958229862
308000	62.0587
84471	62.0373
25558	61.83705
25124	61.6463
288615	61.5
317464	61.2086
498130	61.2058
29530	61.1667
680445	61.08
171458	60.8804
302470	60.699
287765	60.69
60447	60.207444424
60447	60.207444424
368070	60.1978
25281	60.0452945618
288151	59.8164
299811	59.779
78961	59.7412751714
292044	59.6241
296851	59.6162
59325	59.461
307070	59.439545107
317271	59.4244843312
361970	59.3235153959709
362588	59.1259
362325	59.0752
117538	59.026
291327	58.6819628194
313385	58.5811
317346	58.5762
79208	58.4892739461062
116744	58.2498301491
313128	58.2174
266762	58.171
81743	58.1473
81743	58.1473
117036	58.14135
24922	58.0761
362107	58.0192289503541
362463	57.9653
81743	57.95
294079	57.9413
65133	57.9168749144
100360066	57.8764
406160	57.4873
298504	57.4006
25675	57.3729
304077	57.3618
317312	57.3417
497976	57.3369
313994	57.27865
305268	57.1237
84511	57.122
29645	57.1097663434026
29705	57.0645205
312952	57.0438307688585
302369	56.9833846005767
308709	56.9345
307199	56.9052
399684	56.8196
306630	56.7319
63852	56.697
308283	56.5933
310348	56.3515507459896
282845	56.2048
288239	56.1131
365755	56.0431320472
303004	55.9279
81710	55.9212
361523	55.8132
24300	55.756
366697	55.6786
308939	55.656747047
114095	55.5746
298765	55.5603
296084	55.1602
364430	55.0583
680308	55.0489
298534	54.9522
297332	54.8763
306451	54.8542
171120	54.8457
114481	54.8015
312828	54.7225084828
314721	54.6704448098
29650	54.6269
360916	54.6152
680102	54.6015
498486	54.5097
498486	54.5097
65040	54.3771311396
65040	54.3771311396
29480	54.299458828
360613	54.2584
25696	54.1406
363165	54.0794
315306	53.9204
306129	53.7728
302290	53.7558
116459	53.6169
57027	53.5398987788
83684	53.5294918408
294065	53.4660009562
500244	53.3571113714
290626	53.3511
307169	53.2208
117268	53.1389
498328	53.057544341
25124	52.9006070464
305909	52.804
314619	52.6911
29748	52.6273
314894	52.5652
316033	52.4528
305230	52.3615
686611	52.264987654
686611	52.264987654
368042	52.1322890586
681178	52.0865
293967	52.0025172283
360917	51.5768
499100	51.5511
362282	51.4863
498301	51.4839
25743	51.4342332741818
288233	51.3744
362111	51.1986
309651	51.1243
362045	51.0302
246116	51.000264652177
312113	50.9443272283
293673	50.9108
313554	50.727
314930	50.5391
65248	50.0150718795
29433	50.0
24678	50.0
498545	50.0
294975	50.0
24678	50.0
498545	50.0
24678	50.0
316005	50.0
