309227	95.1558
295211	94.1010849758
29458	93.38641
124461	93.29097424712
29431	91.84176
361096	91.16307
309514	91.1093913736
25445	90.9141028633207
499929	90.224622581616
59303	89.1816
298024	89.0034351688
24645	88.3591
362835	87.6011991431721
117063	87.4759
295401	87.3150615792349
310855	87.1247494434991
291000	86.9066693825
307492	86.1964
266806	85.7782
25648	85.6088371268722
307820	85.5115874763122
298765	84.5173
311791	83.8037
114901	83.7743
29693	83.7497738218
311374	83.5317
64664	83.4416
58840	83.349446912
303214	82.9009
29560	82.8618294272
361202	82.7552
310749	82.7239
498301	82.6486207436612
85483	82.615135726
85483	82.615135726
85483	82.615135726
288778	82.6028
58948	82.6005
290668	82.2267965798618
315599	82.179
25682	82.0296983700733
25058	81.7949104296
312781	81.4738
502020	81.4565
94270	81.3641
94270	81.3641
94270	81.3641
304431	81.3106
363067	80.8662424126383
303601	80.8252887988495
25367	80.2293893824779
25367	80.2293893824779
25367	80.2293893824779
25367	80.2293893824779
294515	79.5849
365183	79.2404
361262	79.0307
294335	78.9652
24611	78.8558
313234	78.5350583593285
298890	78.4903
362814	78.033627844
361649	77.7173016380566
81710	77.6679
368070	77.6259
300866	77.4029
302934	77.0589
300674	76.781508894
300078	76.7568836392
81920	76.5038571421
140923	75.9779
64033	75.8031
304071	75.605171104
24399	75.3575
60666	75.0553
312855	74.7484
311840	74.3151
287622	74.2712723845
361167	74.1173851446
65142	73.7477
65160	73.5611
296076	73.3692
298024	73.2164506282
687090	73.1014730365
84598	73.1001
315863	72.8409514848
362900	72.557458144813
306324	72.3002
300758	72.2808
312398	71.535891576
59303	70.8295
301742	70.6781
303693	70.6038741514
65190	70.5856944206
295347	70.4955318289
314930	70.4207
83685	70.1727
304334	69.7640073760319
29132	69.3554
29132	69.3554
305888	69.2204
361628	69.201
246266	69.1371
306873	68.8309784013235
246311	68.695
500131	68.5901
293950	68.5496030899
315311	68.3337
315311	68.3337
315311	68.3337
309135	68.2867512048876
171434	68.0808849017919
360505	67.7421
306571	67.2050453924
292724	67.0354828258
25485	66.2587459240908
304294	66.1874180017
298002	66.0267
287709	65.9623
317425	65.8903915918
24629	65.7126442137868
140581	65.6864600977859
293112	65.6659
289757	65.6156570451
171517	65.5104
295619	65.3034
362224	65.2141548865106
290818	65.1943519693108
313905	65.1714
25054	64.979860411
297342	64.9507
309544	64.9126718524
300444	64.7958141280447
299811	64.5379
309653	64.1163
307070	64.0699696076
29553	63.648952267
294279	63.4002
500418	63.1542826475
361727	63.133
116477	63.0659611572
116477	63.0659611572
116477	63.0659611572
300888	62.9778
171547	62.9321
302248	62.9194
64832	62.6293721008
364785	62.6114
301173	62.5992
192246	62.5725
25614	62.4414
301512	62.4413
315088	62.2386
303292	62.2312765963
24827	62.181888283768
296380	61.8824
310506	61.7234372765653
25263	61.657
58839	61.6513
63836	61.6039
360855	61.5636807064
313717	61.488021784
287776	61.3419
298012	61.3263
498234	61.2275839561
170844	61.1538242783811
363249	61.109728715
303353	61.0332
94267	60.677
298098	60.5322084799
304577	60.4902373889618
293023	60.4074502260502
65144	60.2994
60334	60.2538330615
313481	60.133
171444	59.8703565776429
315744	59.68026022
289392	59.67885
79219	59.6665
114028	59.6313
300870	59.4422
299802	59.2748
363002	59.2561
29454	58.9097054633875
362923	58.8978
360796	58.815
305471	58.7989
313591	58.6209883708
360230	58.5768615895
287643	58.4851013688
29140	58.4821491586704
691209	58.3885745195
503214	58.2299
59109	58.1662420238
306110	58.1651
29593	57.8829
65030	57.7965987979
312052	57.7517
304601	57.7431563776
25701	57.5649
498840	57.4498
311861	57.3762657424
404781	56.8841924142802
116690	56.7681639530729
116690	56.7681639530729
116690	56.7681639530729
116690	56.7681639530729
171495	56.7378363338758
360967	56.6370716803457
303304	56.5051
365548	56.2636
312504	56.2444615800019
363516	56.0146
83709	55.7497504768
84550	55.2814842976
79238	55.1887
311607	55.0686
361400	55.0553052089413
25290	55.054712338
290669	54.8084065096
365410	54.6203
500244	54.5781618101614
25243	54.5735671825198
286954	54.5236
364301	54.4157
298533	54.3955
316527	54.3953
81917	54.3831959416
81917	54.3831959416
29344	54.35
113893	54.1486
79423	54.0617162806
79423	54.0617162806
79423	54.0617162806
317324	54.045
294809	54.020469205
500832	53.818
362915	53.8036241196
25054	53.7584662850482
192204	53.6188115344
494021	53.5298
361677	53.4350069205326
117559	53.3547
687090	53.35126766
65210	53.0308
295956	52.9251018808
360662	52.8419163586219
59101	52.801
300689	52.7375
690919	52.6322
140940	52.4305
308218	52.4034
83792	52.3851750996501
291819	52.3434
79423	52.2681505915
79423	52.2681505915
79423	52.2681505915
300018	52.0500324136
66016	52.0375
305438	51.9414553236
252919	51.8955
289900	51.8567
309678	51.761043466794
294747	51.6939
362037	51.6739
313512	51.5154
80849	51.4255523504
289482	51.4105454722
306261	51.3475
80843	51.206867704
301062	51.1049284911
25662	51.0819
29264	50.8364745274
25095	50.8349
311193	50.8112
298301	50.7277123276
363256	50.6575
309376	50.5090979183964
304203	50.3399799096
303470	50.1961847463723
312251	50.0
296603	50.0
83502	50.0
64226	50.0
114764	50.0
