114521	96.7199646227
26295	94.48624
25573	94.31723
500418	93.92403509439
305502	91.65519
360726	90.94271
365410	90.93579
502020	90.62761
366277	90.42158
288516	90.3891625788142
316164	90.38005
29748	90.32552
363002	89.8877660968
303277	89.6403
25367	89.5435951637151
25367	89.5435951637151
25367	89.5435951637151
25367	89.5435951637151
79049	89.1522
287940	89.0858315908
24214	88.7766
303601	88.7208
366274	88.6971
313591	88.3376
64522	88.0201
83726	87.5516
192235	87.2745492564
192235	87.2745492564
25562	86.8397
24324	85.9881
303918	85.9013011985
116831	85.8339
266709	85.806792874
252917	85.7403
252917	85.7403
81708	85.4189
498309	85.1263284493
304537	84.936418679986
116649	84.3470761176
363243	84.2143
309051	83.9686
497985	83.805
58813	83.409
29387	83.3922
56083	83.2595
292766	83.0315
304883	82.8988307875
295378	82.8888310216
59087	82.4997
171495	82.4973
498840	82.4774472992
361321	82.4495
315579	81.9218
362900	81.5035
295217	81.444541144
295217	81.444541144
311730	80.822408248
83785	80.6710745852
83785	80.6710745852
83785	80.6710745852
83785	80.6710745852
83785	80.6710745852
83785	80.6710745852
83785	80.6710745852
83785	80.6710745852
83785	80.6710745852
83785	80.6710745852
83785	80.6710745852
83785	80.6710745852
83469	80.296140719
311166	80.187
298404	80.1839
301337	80.1562528132184
24165	80.048
294207	80.0007
497931	79.9229
116693	79.7601
304784	79.4357
360550	79.4068
287464	79.0975
252963	78.838
29199	78.2959
29199	78.2959
29199	78.2959
58954	78.2214
298032	78.0081
292584	77.671
310721	77.3305
498171	77.1993231215253
307838	77.0753863538
171103	76.897619713
25741	76.8705
315611	76.749505862212
313507	76.4657
292878	76.4356516380025
307081	76.051
365380	75.8692246320199
64032	75.8643385664
307724	75.8606603542
29511	75.7215095929633
100359836	75.6789
289175	75.503613695
361055	75.4005
114117	75.2118
246248	74.9818
29424	74.9188389790552
24831	74.760947446182
24831	74.760947446182
79250	74.602
117551	74.5942483364
302864	74.5363359021409
307124	74.5254669772
58958	74.2323
81005	73.9338096733457
311607	73.8639
360646	73.8232
25055	73.6969330062006
361711	73.63240147
500987	73.5753
298884	73.5397
293667	73.4037
25375	73.1522
310808	73.0004
680407	72.5442341416
303250	72.2905
301617	72.1562
117524	71.9613378576
309441	71.8738
501563	71.579497276
287796	71.5636
314349	71.5451
83785	71.5034
302965	71.4937
295252	71.3618
24459	71.0901
360814	70.9281474970422
170917	70.8264106466
315265	70.7058
362385	70.6515
366452	70.6499072668
171113	70.5592117819
300675	70.5244
287598	70.5093
287208	70.3459
140587	70.3001
266764	70.079226819819
65153	69.9386
80850	69.88965
80850	69.88965
116633	69.674
54297	69.4057
315716	69.2627
308097	69.1277
314612	69.0318
117269	68.9526382498
304325	68.8606
362092	68.8247555554
361103	68.8133632049
311866	68.4712559496
500564	68.2659
361190	68.1851
287638	68.067
300317	67.9856
362107	67.9582
361065	67.9401
302808	67.7846
29361	67.7816062246
60447	67.5255763572272
60447	67.5255763572272
311857	67.4260201642
311604	67.3754555735
114514	67.1603222104
298675	67.1129
305624	66.9171
313427	66.912788200316
361730	66.9041
65029	66.8188
362572	66.6711
25113	66.6578
303569	66.486237565
24684	66.469500007
114029	66.0613913415
290230	65.832
84402	65.762
304766	65.5611
688283	65.5272217124
293344	65.3893
292485	65.3234
314251	65.08
360868	64.712978005691
113975	64.5617
361736	64.3046
312678	64.2916
29558	64.187
691149	64.1759
287873	64.0953
311215	63.9944
25679	63.9758158892
25721	63.88875757
298671	63.628608664
117536	63.6154
117536	63.6154
117536	63.6154
117536	63.6154
140666	63.5622913758
27150	63.5493
361568	63.3012
362826	63.2046388546
286954	63.1902
312828	63.117817794
113907	63.060324839
301085	63.0214872776
29637	62.9142
305472	62.8357298738
24239	62.719220002
313581	62.6488020684
296762	62.5528627105
64562	62.4623176695
292548	62.3583657617
85264	62.2128
298584	62.2026
24848	62.1327
296461	61.9943
25117	61.9532
50565	61.8936735376
24963	61.8906
362246	61.8472942528
29398	61.682
289720	61.5678
298576	61.5462
64462	61.4703343267
727679	61.4175
360719	61.3606
29431	61.3556
59319	61.1065
116545	61.0521
29492	60.988
314397	60.7799
29662	60.7693
307745	60.46
361746	60.4152
289664	60.349
311832	60.3277
292767	60.1716
313339	60.1054352289864
315758	60.0921006
24334	60.07
300857	60.0049
89843	59.967
304813	59.923242942025
308837	59.8539
300027	59.7378534236259
25123	59.6885
171010	59.4937
302915	59.4671176801
83576	59.4449368897943
309136	59.3780752834
192178	59.237
65040	59.1848
292008	59.0795
310358	58.9698092908
192183	58.8257
298534	58.7154557934
293135	58.6878961065872
58979	58.517679156
362238	58.498992459
362238	58.498992459
299356	58.411817785
58920	58.4058
311622	58.3642199364762
259242	58.0463
360619	58.041225294
114489	57.9163
308843	57.8903
363913	57.6896642875
24849	57.63
25684	57.4683
306587	57.2294913444
24888	57.0382
24888	57.0382
170818	56.9875434888
54260	56.9081931304
366265	56.7708757971261
313433	56.6893
54320	56.6435264748
689364	56.6243489224
25701	56.5237768528
316620	56.4906
89787	56.3615073497
54281	56.3465983725
311861	56.3397302803298
64204	56.29462335
64204	56.29462335
64204	56.29462335
64204	56.29462335
64204	56.29462335
64204	56.29462335
64204	56.29462335
64204	56.29462335
64204	56.29462335
64204	56.29462335
64204	56.29462335
25475	56.1714
363060	56.0566
288333	55.9047
313575	55.8592679464
29413	55.8181
24716	55.733995827499
83526	55.6747078698863
293488	55.6095
25177	55.4318
25177	55.4318
25177	55.4318
307343	55.3336
25476	55.2972
299156	55.2493
286997	55.225
309639	55.1743
25177	55.1581
25177	55.1581
290652	55.052278469
316539	54.9391
54259	54.8057899924
311598	54.7639
60430	54.7625
315594	54.7092
303567	54.6988
311338	54.6291
191595	54.427679024
290843	54.4125
360462	54.2752
314964	54.1354
25537	53.9796236845
289727	53.965552327
25289	53.9496621820961
25289	53.9496621820961
79433	53.9299793405
309513	53.7421
64896	53.6002763617
378467	53.5427
287418	53.469808319611
310756	53.4149
304315	53.3778761947
360743	53.287874452
362591	53.2554972509
364241	53.2134
682507	53.199057865
286973	53.1537
681211	53.092728624
117559	53.0604414708
294799	52.862
81732	52.8425
25114	52.8078
170668	52.7728
361504	52.6213
83800	52.5881
287532	52.5007
690188	52.4171
84491	52.391
171064	52.3758
311786	52.1767032864
116690	52.1764
116690	52.1764
116690	52.1764
116690	52.1764
303070	52.0566
79248	52.011
362810	51.9574
276720	51.9193
287278	51.8655174983
308971	51.8411
304522	51.8323509852
24267	51.8149
83842	51.7759
266780	51.686157999
192154	51.5636
81515	51.5336
81515	51.5336
291978	51.5039
288821	51.5037325258
304280	51.4950573175
314855	51.4815
25344	51.4814
65182	51.4467
307897	51.3707123254
291440	51.1846
365382	51.1083
266685	51.0134
312777	50.79279384
313725	50.7431241276
84491	50.7274
59073	50.6591
81509	50.6266
286939	50.5158
100192314	50.4815663428
361825	50.4619846284
100360302	50.3306960635
315388	50.1492956683
296587	50.0
25294	50.0
294508	50.0
294948	50.0
309126	50.0
29623	50.0
192110	50.0
291653	50.0
305471	50.0
171551	50.0
287155	50.0
500316	50.0
288475	50.0
29367	50.0
303304	50.0
360616	50.0
