304495	98.4033752771901
288659	97.21492
309514	94.8450445594
29701	94.78199
303470	94.7458005352
302473	94.27106
305149	93.99805
25669	93.67642
361940	92.34973
64631	92.2334
292406	92.15431894448
292148	92.09854
54284	91.97946
309804	91.66356097596
310218	91.35612
307039	90.9022447294
29629	90.7089503068
294693	90.14493
25235	89.6775
308000	89.2700150567864
303592	89.087
303016	89.0538158528926
298189	88.9953
114104	88.6717897342
289335	88.5407
296267	88.2811
63845	88.1793303392
295663	87.8982878446
79246	87.3088
293112	87.2344735406
293561	87.1234159532932
315338	87.0104
102548228	86.7881
296911	86.0978
64624	85.384
140923	85.2256
314941	85.1718
266735	85.1593
266735	85.1593
266735	85.1593
315798	84.8498352148
304157	84.237763438
114521	83.8669
316164	83.5641
306147	83.5009
65248	83.3923
58840	83.3406
79249	83.0118
79559	82.7895
362665	82.6993
310960	82.6535718223
84480	82.3497037381
60357	82.1542
60357	82.1542
361833	82.024
298300	81.9931
291130	81.9739152656292
25023	81.9375
298184	81.5223
84486	81.5163
24459	81.3921
298943	81.2645
362325	81.1364
302492	81.1119
287925	80.9794
619558	80.8595988046
309126	80.5438
25050	79.5403
315962	79.284
296753	78.9781
302864	78.6217827088
314751	78.3326
24667	78.1654
287005	78.1174
289992	78.1042
25124	77.9604
65023	77.6931105016
305812	77.6082
363232	77.4477
307745	77.0474
307206	77.0043
50552	76.5003655215
553106	76.1491390575173
313418	75.4642635696
305571	75.1678337239
361585	74.9934
246244	74.7976
308443	74.4029
317218	73.9769598070097
291078	73.5424
65198	73.5302
493810	73.3776
192268	73.0424
192268	73.0424
192268	73.0424
171052	72.5045
54284	72.4102
24560	71.8375
246116	71.4555
304278	70.8139
360511	70.8114075638
310773	70.6643
83836	70.512
171548	70.506
64551	70.0613
58961	69.6946
58961	69.6946
308939	69.6889
116725	69.2
497815	69.1205
296789	68.958772795
296182	68.9307216025
314423	68.6297
314423	68.6297
363062	68.583
315438	68.5076
300711	68.5059
310838	68.3357
364754	68.2891
171010	67.8379
502227	67.7984
361984	66.9896
252920	66.8289
170956	66.6723
313609	66.5764220829
302500	66.3775
498587	66.3723
498587	66.3723
498587	66.3723
65023	66.3588684604
65023	66.3588684604
65023	66.3588684604
252962	66.2382
24611	66.2188
313166	66.0677
170843	65.6766
360514	65.6187
312678	65.3517029452
81002	64.4792
308232	64.4435
25743	64.3835479974852
83615	64.1849
293660	64.148276385
170851	64.0176
315524	63.8186
29230	63.7126
25643	63.4935
25293	63.3344875245813
25293	63.2312738884663
25293	63.2312738884663
25293	63.2312738884663
25293	63.2312738884663
363854	63.1805
25367	63.1735884098
25367	63.1735884098
25367	63.1735884098
25367	63.1735884098
310806	62.9118
361814	62.861
313304	62.7074
497878	62.6725
501069	62.3187
56064	62.2371
312603	62.0278
313845	61.9332
361241	61.8151
361618	61.7755
306809	61.7493
309390	61.4161
289606	61.1684
25416	60.8985
689415	60.6203
83720	60.2382
81824	60.0882
306504	59.7414
363632	59.7121
287299	59.5732
296956	59.1519
306809	59.109
313155	58.9516
361596	58.9379
50599	58.5536
24946	58.4016
64507	58.2796
64440	58.2275
302671	57.9443
361578	57.8096
298370	57.4842
310958	57.2383
316254	57.1991487388
58954	56.7812
64373	56.7621
29219	56.7409
363578	56.3729
500132	56.3275
310399	56.306537596
312052	55.9887
313591	55.9409
60586	55.8353
116693	55.7267
117556	55.6393
302495	55.1951852016
303132	54.9553
297109	54.2987982336
29359	53.7774
59265	53.7764
29335	53.7714
306183	53.6815
29335	53.6296
310392	53.4334
361060	53.2394626825
24211	53.1910604583
314374	53.063525038
29544	52.8914
295691	52.5737470882
245921	52.5606143854
363735	52.4746
300126	52.4295
309129	52.3231
170914	52.228
29491	52.1163
313512	52.0869703599907
297952	52.0364
314028	51.9196
373541	51.6282
373541	51.6282
291553	51.6222
309391	51.4778341464
361399	51.1587
29646	51.119
361389	50.7438
304786	50.3844539503689
29543	50.0
25716	50.0
116744	50.0
171115	50.0
25604	50.0
170911	50.0
