259241	97.6548814615
303518	95.82594
360602	94.857561456
114505	94.17909459615
295327	91.35690119542
117041	91.05223
296137	90.1865474084
301388	89.5865873937
294559	88.9134
171152	88.7848
84360	87.5774
29497	87.2233362034
29497	87.2233362034
289276	86.3136
499529	85.7285
303602	85.6206695403
315330	84.9641
25406	84.7828
29150	84.0783
296635	83.975
361401	83.4773557253206
85253	83.4116
58961	83.188
289521	82.5554776456
304807	82.5438
287102	82.1757
29131	82.1417
84380	81.8011
252961	81.4552
252961	81.4552
363227	79.9585
24849	79.0575
291705	78.9787
313498	78.9603
287821	78.9116
297337	78.4357
362495	77.984
360969	77.7973
25113	77.2167948406
290744	77.1649
171563	77.143012627
303514	76.2201
305471	75.8050573616
289264	75.634
292130	75.4853
500300	75.4019759114
192154	75.1574
303888	74.6795057302
316351	74.0552
64534	73.748196622
311547	73.5844
497770	73.5827
50622	72.3922
116459	72.0564
25272	71.8677
25159	71.8629
685465	71.7891261546178
291085	71.7638
300445	71.7592
25272	71.6414
25272	71.6414
691380	71.0426
315136	70.3788
170843	70.2482
64394	70.2305450205621
290823	70.166760949
306804	70.0033
361057	69.9908
360702	69.6627280837
289230	69.6362056363
29627	69.4363513345
29627	69.4363513345
246331	69.2698
80278	68.7023
60666	68.1986
299938	68.1365
25720	68.0345
171517	68.019
309029	68.018
288108	67.5079812122
293491	67.1013
24414	67.0581
29629	66.8963
362283	66.8821
24705	66.59
300950	66.0299
192245	65.895
294012	65.6406776568
116596	65.614
307343	65.5231051142739
288499	65.1246
298992	64.9637
266773	64.3093
315000	64.299
685258	64.0117
58961	63.4571
116590	63.3195411472
301291	62.9836
679155	62.9436
361400	62.7836595108
299643	62.7063
170917	62.2452
29647	62.1986
306451	62.146636839
29745	62.0858
100362347	61.8774
302913	61.788875036
292847	61.6952
311857	61.6881
304244	61.6177
192178	61.5678073122
304286	61.2259
25614	61.1737
292760	60.7603486344
80850	60.6138745296
80850	60.6138745296
117551	60.4957
296621	60.3714
304579	60.2291840761189
64362	60.1914
309888	60.0468948816
361700	59.9979
25405	59.9767516248
500282	59.7145
679890	59.5211
364630	59.1008957998
292129	59.0291
305685	58.7613
360868	58.3097031788678
63885	58.272
24560	58.0774
29434	57.5529672459
304947	57.514
362850	57.2794
25367	56.6256576363261
25367	56.6256576363261
25367	56.6256576363261
25367	56.6256576363261
116506	56.5464
116506	56.5464
498587	56.3034
498587	56.3034
305910	56.1373
50864	55.9015
304947	55.7577
312248	55.7244
25567	55.4614
294804	55.3912017376
301229	55.3553
311785	55.3293479212
303068	55.0744507295002
306261	54.8898
81676	54.6939
289623	54.5186
306600	54.2462
292022	54.2229
498728	54.1734440556
171010	54.100643952
25399	54.0439
60329	53.6865
299356	53.0214390784
171124	52.9107
170808	52.6915
288353	52.5998
292264	52.2366
26295	52.2292
25622	52.0438
25622	52.0438
89803	51.8186222016
367242	51.7965
315298	51.7456
84016	51.6536
312516	51.5409
171525	51.4214196784
297483	51.3484
83807	51.2514
288108	50.7926
305812	50.34494141
25639	50.0193635432
304935	50.0
361628	50.0
50566	50.0
