81801	99.921912206407
298894	99.8560347872544
25049	99.8078978246831
292622	99.685003431256
171050	99.6319132715424
498140	98.89030391752
366205	98.6555292212
298317	98.39746820776
360959	98.2026878284
308523	98.18938866439
297867	97.952558091331
361831	97.7649211331
312303	97.72857116762
293645	97.71500682523
64558	97.6631369548
259241	97.4509
298681	97.42777
84409	97.2745184442484
308667	97.19134
309126	97.1510795669652
299138	97.0840254308
298765	96.87621986865
315891	96.86155489483
171379	96.71662
58953	96.3846677704
64469	96.3382541653405
312299	95.92934982941
361237	95.66075
83629	95.4120010632
308718	95.28171
29380	95.17925
25705	95.13233461394
305586	95.10236
192178	95.0830150091329
25314	94.84962
361601	94.75262
302495	94.71225
29161	94.52865
315422	94.44139
26955	94.10298
302492	94.0190285728
114845	93.87085
317575	93.81279
316599	93.7046308168
304791	93.6232767004228
289881	93.44922
306809	93.24194
310261	93.1660771177
282587	93.14115
685258	93.05
362923	93.001177093
306809	92.34345
312440	92.3019814396
245920	92.27009
360468	92.18436
25537	91.90681
296583	91.84665
282581	91.7868
29591	91.5981327582218
300679	91.44258
24392	90.90279
313304	90.76756
25696	90.6652482958
81754	90.55419
309812	90.51464
25283	90.4210635155
116482	90.35154
687031	90.27041
306687	90.15639
308106	90.0671642269
291609	90.0668847888
306129	90.0083345214
293104	89.9212
25650	89.7346958905
84407	89.6339732626
363227	89.598
140592	89.448
302290	89.4268
498130	89.2563351681
64020	89.0968
305164	89.0639929247
497961	88.9043
286926	88.6411
58838	88.5782
290705	88.5282
500616	88.4051484081
360993	88.2563
100360066	88.2526
309399	88.2475
373544	87.9804729584
291691	87.9368
313834	87.8945
83619	87.7715
116721	87.6691
311494	87.5686233447997
306247	87.4644
312159	87.3136
65133	86.6949
297783	86.5978
314401	86.201
311876	86.0559
291750	85.853
58819	85.4387
363165	85.4087814812
310667	85.28
29743	85.2435
117087	85.1592
300186	84.8316
308896	84.7957
363002	84.6297
29336	84.6292
288770	84.5195
288770	84.5195
288770	84.5195
362078	84.4943
303336	84.4661
300813	84.3072
314399	84.2524728393
83785	84.1169
304074	84.102
83785	83.9729
83785	83.9729
83785	83.9729
83785	83.9729
83785	83.9729
83785	83.9729
83785	83.9729
83785	83.9729
83785	83.9729
83785	83.9729
83785	83.9729
83785	83.9729
500874	83.9706362384
289521	83.9512
361430	83.7616
688705	83.5952
291078	83.2222221611
679713	83.1252346863
303337	83.0966898191
312828	82.9626131000172
301388	82.9088454256
24252	82.9034
24252	82.9034
24252	82.9034
24252	82.9034
308283	82.8628
116477	82.7664242256102
116477	82.7664242256102
116477	82.7664242256102
246334	82.7559
246334	82.7559
293950	82.7158
686611	82.6654
686611	82.6654
84391	82.6486431375054
246334	82.4939
246334	82.4939
304410	82.4264269384
314641	82.3096549594
314641	82.3096549594
114489	82.2381
310250	82.08315
64547	81.7263
79223	81.6726633555
296762	81.637063083
140935	81.5959
304218	81.3602
304218	81.3602
282821	81.1767
312154	81.1331
316424	81.063
288585	80.9225
29645	80.8512640678
81710	80.6203
58840	80.3630723254
116600	80.2014959539
311726	80.117014592
367252	79.9734246598524
64440	79.2988
81574	79.2038211688
317324	79.1338799076
499929	78.9339
29748	78.7675
246249	78.6936
286988	78.6838
64312	78.6428
293017	78.3548
294043	78.2616577943
304833	77.9634362446
24162	77.7244
313163	77.4373
308508	77.3582
361745	77.2934
309957	77.0276098144
361801	76.992
296884	76.8778638732
304286	76.8287031832
681178	76.7884
309478	76.7285
65248	76.4369
361388	75.9789
314964	75.9245
171082	75.5847
57300	75.5298
85430	75.475
362713	75.4142
367252	75.2750044058411
29521	75.140453242
58954	75.055
114856	74.9911
315686	74.7460404986
690654	74.3869
245903	73.9809520306
311137	73.9111035548
171099	73.6435
140939	73.6038
65205	73.5511025594
311661	73.5508
64200	73.4787419906
64200	73.4787419906
64200	73.4787419906
64200	73.4787419906
362876	72.9362
302396	72.8325
29560	72.2774317365
140942	72.2499
29642	71.9960125676321
444984	71.9554550584
444984	71.9554550584
29157	71.8737
306571	71.852543403
362844	71.8454391008
298992	71.788
308790	71.6001
25427	71.4504264706
305171	71.3201
306451	70.6221
84356	70.4681
295446	70.3722429736
303336	70.352
304944	70.1405
310801	69.956
26295	69.8806018382
303803	69.6079
25122	69.5667
363498	69.328
297758	69.2769
297942	69.2615360368
291906	68.9914157368
291914	68.8525
307199	68.595
286923	68.5844
286923	68.5844
286923	68.5844
315211	68.5705
641521	68.1893
313507	68.1774
362665	68.1199026972652
171440	68.0750106608
295027	67.9645
311713	67.1953
24640	66.99324291723
24640	66.99324291723
24640	66.99324291723
140583	66.927130436
316742	66.9258
291946	66.7051
83712	66.6091
293056	66.3493
303828	66.2732
317444	66.2706
25266	66.2198
308759	66.1524
155430	66.0555
308843	66.0014
24936	65.9669
301489	65.6407
60443	65.5187
60443	65.5187
60443	65.5187
302913	65.5155
362048	65.4918
313969	64.9692
303470	64.8449
114839	64.81263444
307774	64.7973
289312	64.7071
307616	64.6669
499870	64.591656414
287275	64.5526
29216	64.1488
302248	64.0627
399684	63.8534
117104	63.8214
24706	63.703
317343	63.6995
313438	63.601
360739	63.5905
360511	63.53726664
308821	63.3337869495
298184	63.3081769604
24654	63.2925
295382	63.2193854111
290744	63.1295
306695	63.0986
171048	62.9392
685465	62.9236259005
299199	62.8604
89820	62.6335993168
192269	62.5078
314894	62.4965
245959	62.3677
245959	62.3677
303792	62.3273
689388	62.3009
25196	62.2783
298874	62.2475759299
306873	62.090596292209
288821	62.0361
289608	61.8324
64312	61.7954
60382	61.454
314862	61.3468801292
291848	61.325
288518	61.0378226992
303823	60.9363
288482	60.8506
362404	60.768
85249	60.1822151008
83765	59.9019526372
303376	59.7763
360482	59.68
301086	59.644335706
314465	59.546
50622	59.5185314180111
24397	59.4476
310785	59.2915
303602	59.1186
64461	59.0996
81514	58.8158
307740	58.6947
25012	58.651
25012	58.651
25012	58.651
25512	58.2984
315259	58.2614
25230	58.2331
25230	58.2331
307893	58.2101
304007	58.2002
103693239	58.1170190086
363232	58.0551
25497	57.8459
310392	57.80595
287477	57.7165
306991	57.7004
252962	57.5373924964
25501	57.47040655
362733	57.3605729638
362733	57.3605729638
307848	57.0748
29682	57.0362
24356	56.9537
307745	56.8138797121016
156767	56.7717
362831	56.6097
117020	56.5969
304193	56.5877
25043	56.5808
364033	56.4639
25694	56.407
362720	56.3475
207122	56.014
29331	55.818
312491	55.7044
296753	55.6188
171563	55.4084
308909	55.3926
683570	55.136594628
170914	54.9892
313270	54.954505895
84586	54.7555718142
313838	54.6819
56718	54.3732
315423	54.3686
83726	53.9708
81520	53.9504
294809	53.9442
304601	53.7565
54244	53.5950650084
79216	53.3809
290655	53.2806
29592	53.256115729
311311	53.2339544785
114500	52.8028
307855	52.5291
304280	52.4948
690038	52.4789
293098	52.4554
314228	52.4202
309041	52.4175563335
311349	52.1548
116699	52.0967
309639	52.0636
25672	52.0138
114095	51.9577
680445	51.9398
64823	51.9229
310552	51.7205189297
498331	51.677
312113	51.6492
29644	51.5425
302502	51.484
81758	51.4413
25635	51.422630768
300092	51.4212
312248	51.1542
685579	50.8801
310399	50.7436
297514	50.6572
25265	50.6366
84588	50.5984
291671	50.5596
294421	50.5387
293112	50.0597468682
79208	50.0
298748	50.0
297994	50.0
360725	50.0
297994	50.0
304474	50.0
303592	50.0
