171152	92.79087
298859	92.73874
84476	91.97595
361736	90.52142
50690	90.21898
24779	90.06464
304074	88.9734
289608	88.5471
24667	88.004
362173	87.7122
170667	84.5507
308346	84.5416
293024	81.555399848
80850	81.4804
80850	81.4804
83612	81.2772
24437	80.7454
361321	80.3742
171365	80.2725
100360180	80.2191
289584	79.9448
117533	78.855018271
116554	78.0523
100361376	77.7958
307907	77.752560877
29454	75.776
406167	74.9261
116466	74.7367
25696	74.274
681578	74.1466
299204	73.9713
289950	73.2568
289026	72.9115
290229	72.6684
79253	72.0505
24883	71.2369
207122	69.02
311166	66.6787742611
300066	66.4467
312701	66.2297
307124	65.9531
294324	65.7156
303068	65.5678360735
305164	65.3849
399684	65.359995688
29278	64.975240705
297570	64.3666765888
363026	64.0596
363026	64.0596
310533	63.9444
304193	63.2421
303293	63.038213047326
114121	62.8732
81640	62.6085
65135	61.5484
298646	61.4658
362332	61.4629
114090	61.1102
360904	60.6817
290880	59.7195
29345	59.4497
362094	59.1950817732
113959	59.0244
311405	58.85198592
302680	58.5826
691099	58.2562
360514	58.1556
65185	57.6804
24767	57.6495
295106	57.1787
54348	56.9582
25023	56.4667
114214	56.3232605392
363067	56.2117
363143	55.7363
25510	55.6554
25510	55.6554
65028	55.2315
65168	55.2217
314432	54.9405
304884	54.7712
309207	54.6512
300446	54.4421
24242	54.2763
361384	54.015
81830	53.9044
81812	53.9042
296480	53.7744
362814	53.5819
78974	52.6154
311532	52.5393
360640	52.325081478
50645	51.5298
313598	51.447805777
363662	51.4474399716
260323	51.0857
308134	50.9206357269
364388	50.7896299912
29270	50.529
25537	50.1932803645
363542	50.0
25751	50.0
260323	50.0
