64832	95.46149
29511	90.7630402262967
365872	89.07028806
58868	88.0865376726
298441	87.9143
100911859	87.4935686288
246324	87.2917424933561
432358	85.8559
291133	85.7960849784
500244	84.2347896468
25505	84.0981
25505	84.0981
25505	84.0981
94272	83.1195857369124
312077	83.1049
303605	83.098
307997	82.5093490625
192177	82.1096
117257	81.0151501463167
303792	80.9399
311785	80.4549
297593	79.6641679020569
363129	79.4547726596223
155268	79.1715
65168	79.1446
297504	79.1413367251089
117524	78.8427
246097	78.1005
25475	77.8006
25476	77.6582
309858	77.4122197126
312504	77.0
301442	76.6838
25600	76.5012
312826	76.4213
294228	75.296
65031	75.294
25216	74.9420295573
360800	74.5322
81678	74.5038586617984
60447	74.0790070205741
60447	74.0790070205741
24218	73.0963479724
192357	72.7562
260416	72.7158451272596
500200	72.0429
114022	72.0052764355
317464	71.4721
317170	71.3979
360796	71.310063769
60350	71.1459
363243	70.7503
60562	70.4978
140473	70.057
24888	70.0509373984
24888	70.0509373984
362891	70.0377244936
140923	69.981824967
307343	69.5253955734
362242	69.1806518096
501854	68.9822
685258	68.8368
29581	68.7123
306357	68.6704
289720	68.6185
317235	67.8407678271
288583	67.7223
171440	67.1599595686
290356	67.0342205441
24414	66.9137908531
314751	66.6775428757354
296851	66.4725
313551	66.4199
300191	66.4180062148
310769	66.1218
114089	65.8428
317376	65.6631143204
315723	65.4625
295325	65.282005573
361018	65.2419
291006	65.2026087258
114903	65.093080064
58953	64.4487644572
311441	64.3466
24268	64.1075
679155	64.099243185
25732	64.0055
25732	64.0055
24918	63.9251
289318	63.7434721756
25254	63.6474
690516	63.6061312552
362788	63.4361
64521	63.2549257655653
24785	63.0816
313874	62.9844
317312	62.7537
362587	62.2809
307526	62.1816682444
304913	62.1742890052
307401	62.1237
362867	62.0585
494021	61.983
25245	61.8397937533357
25245	61.8397937533357
266759	61.0077
276720	60.8694384004
362170	60.3839
303100	60.1964807725
79011	60.1371039265
307907	59.8464510235
58921	59.8323
100360518	59.337206227
24298	59.2642
363143	59.0703
58834	59.0503
305441	58.6274
303601	58.4030612041272
684148	58.3988
684148	58.3988
500450	58.26534256
246274	58.1933282788
313702	58.0725
361842	57.9918815379257
300888	57.9353
89791	57.91
500616	57.7226
308846	57.577649098
305835	57.5365
65153	57.5286
29628	57.429492832
29628	57.429492832
308959	57.3274
65200	57.0206
24778	56.997257047
288762	56.8861
304285	56.809842259783
306540	56.7526
312694	56.696185424416
303602	56.5739124973731
296284	56.5216883947
93646	56.1817
309613	55.9880146428
303480	55.9024
290562	55.8457601635
293627	55.6182
25227	55.5757
304323	55.5475
312474	55.52853032
313130	55.0705844754
313969	55.0502016925
54287	54.821451267198
360551	54.6186977071
287543	54.4545
362834	54.3299
192126	54.2367721896
116673	54.1804
192178	54.048692864
316521	54.0334
266668	53.6477
78965	53.6338
314855	53.5496886872
362722	53.4809
300996	53.465
29543	53.0898903168
307483	52.9706
315119	52.700429836
316241	52.6219293016
29755	52.400194642
684097	52.2689
246254	52.252
246254	52.252
291411	52.2055865037488
295965	52.1875
312703	51.9691182112
497936	51.873116714
29477	51.866432676696
81742	51.5988
25335	51.5071
24337	51.4327295062
29726	51.4155588648
295457	51.2579
304825	51.091
361439	51.0237
24388	50.8294
290668	50.1653735425
295219	50.0
25512	50.0
307251	50.0
171519	50.0
298606	50.0
361068	50.0
192154	50.0
