83619	95.12783
310838	94.07108
287940	93.88875
308988	92.52025
81663	92.4438988832
310526	91.94904
25608	91.14826
292156	90.7854549322
691589	90.61918
291006	90.27604
296583	90.2151
282836	89.7667
282836	89.7667
64896	89.231
29366	88.6956
64315	87.7843944571536
289168	87.7658
308282	87.5887
24699	86.6354
24699	86.6354
24699	86.6354
24699	86.6354
24699	86.6354
312491	85.5187
290467	85.1263
500112	84.0621
24708	83.6942475407
296851	83.1197157964
171135	83.0908
24686	82.6608249241
686611	81.9489
363634	81.9171574441
50685	81.2812108213597
287441	81.0474
360661	80.9293
315170	80.8292
299201	80.733
309901	79.9312
116728	78.727782155
24249	78.6708
310540	78.3145
85384	78.2504
65133	77.9042599375
360602	77.7434
65131	77.3004386824
25406	76.7602
29645	75.5403
366205	75.2338
100192313	74.9061
310638	74.1993
360905	74.1665
171384	73.2034
286917	72.9263
689954	72.5627
140583	72.1586
362700	72.0634
308267	71.6514441655
58921	71.1116
307500	71.0596
259241	70.2523
363129	69.5727
289521	69.4625
170567	69.1871
292756	68.85
315427	68.4154
362170	68.3329
29726	68.06171311
25516	67.639
116633	66.9982
362464	66.5084
317382	66.3968
291165	65.969
500132	65.9023800295
301516	65.089
170924	64.7863
25501	64.6539
497961	63.9663
83582	63.7098
85426	63.4203784008
290280	63.2744264790417
362118	63.1211
298851	62.9496
25600	62.5981
25248	62.4866
312516	62.4639
307098	62.3018
315644	62.2524
293112	62.2021
301289	61.9995
29744	61.987
64012	61.7263
246116	61.5960848712
686611	61.5356
307724	61.5266
654496	60.5437
286988	59.8317
315298	59.4391377032
298992	59.3562
297900	59.3432
290230	58.9237
24312	58.6069
313929	58.5852
288154	58.4381
288353	58.1844
116741	57.7488
314180	57.7127
64154	57.3718
311384	57.3583
116641	56.8022
305428	56.6437
316096	56.6307
25367	56.4256412335
25367	56.4256412335
25367	56.4256412335
25367	56.4256412335
310348	56.1029
171159	55.9351
312678	55.5011348824
308596	55.4952
316810	55.2336632197083
289312	55.019
117104	55.0068
94202	54.7089
94202	54.7089
24924	54.3757
362375	53.546
59303	53.5098
501563	53.4087
56042	53.1973
306157	53.1072656113
501158	52.9017
29182	52.8067
301009	52.7401
289395	52.7174
619385	52.4904
619385	52.4904
306548	52.4322
287212	52.35
289590	52.1274
679155	51.9855
29491	51.9179
155183	51.8793
302378	51.6192
290326	51.5936
83628	51.5280714314
286910	51.4922
64627	51.4633
171147	51.276
29195	51.0581
361789	50.5645
299331	50.0
64347	50.0
361227	50.0
290212	50.0
302993	50.0
