361711	95.6951340709845
361103	93.432495012239
303353	93.3249720862
295252	93.0809956847
170842	92.58242
64042	91.44809
408234	90.45922
641452	90.40953
246233	90.35315
313375	89.8546
303586	89.7818301494363
685232	89.3634
304763	88.5456
287076	87.8484133675
307171	87.6468
155205	87.4346
498206	87.2743
308864	86.1118
287615	85.6916684704
290648	85.6415
309144	85.5371812045
303068	85.1642521895619
309338	84.9969
171444	84.8682774420691
117036	84.6671860163122
296369	84.6064
24772	83.974700136
314310	83.6862
499964	83.5977
113911	83.2664752939
24162	83.1989
302669	82.9864
78975	82.96
85494	82.373554946
296284	82.365339219975
25186	81.9110115732
682902	81.8249
29628	81.7574
29628	81.7574
368066	80.7445
310533	80.5368
363016	80.3207
679937	80.206525385201
25485	79.3082160994
313978	78.843
116673	78.6493
81924	78.409
308473	78.0955859776383
309591	77.4195335875
310250	76.6937
303605	76.3945201408
64638	75.998496968
117261	75.9586
307492	75.9003
306960	75.6093084712
25289	75.56367848852
25289	75.56367848852
408217	75.4851201468
306860	75.3881172826
301119	75.2157756683392
363140	74.3826
29582	74.3549
499425	73.6668960446005
361086	73.5742
296580	73.3609
360709	73.3488
64394	73.3082305404
310667	73.2942
291653	73.2602
24790	73.209876796
303653	72.5801350312695
309060	72.4277
363516	72.271
291848	72.0096659894
691429	71.8774557681262
293663	71.2921
314788	71.016
314349	70.9388
304822	70.677554287
311024	70.6623
362018	70.5995
362112	70.1459
313981	69.9119
311326	69.6382
25097	69.591
29278	69.3365807328266
287745	69.227
681062	68.7179
24629	67.7148
25718	67.1622
245982	67.1567
364681	66.8991
306759	66.7379
26295	66.6792955127
363135	66.6629399407762
313020	66.5947508736527
363577	66.1056362848
25407	66.0179
287537	65.8360751936093
81809	65.4607
114598	65.3571
311872	65.0786855390269
94196	65.0324
305256	64.6146
65205	64.5561366212
307526	64.1261630509
308870	63.9855
362891	63.9552
305851	63.9078
306332	63.4817462624
50566	62.7164542549
25146	62.3467648201
25094	61.9564
24296	61.577
298859	61.5673
315141	61.0429
29686	61.0217673973
29686	61.0217673973
361598	60.9854
315311	60.7137
315311	60.7137
315311	60.7137
295053	60.589713796
304944	60.5608
291921	60.5123978224
29686	60.4147490375
309105	60.257
362246	59.8457
361251	59.8055306234
362867	59.8027
25724	59.6359
497931	59.5695
363061	59.4442
306357	59.4295
29477	59.3867753017624
63886	59.1063
24803	59.0266343863
85248	58.8946
312694	58.8903
303614	58.6954
25622	58.5470992092601
25622	58.5470992092601
85385	58.4302536704
85385	58.4302536704
54260	58.3101
25236	57.8818
54348	57.8132
24949	57.6792
293497	57.6163
114628	57.584
689890	57.5553
293624	57.5418
289740	57.5186133175
360626	57.5029
24949	57.3699
59301	57.3403459283
365407	57.1617
280670	57.1513
59106	57.1063282453
29613	56.9245
29613	56.9245
29613	56.9245
313433	56.814793767
117264	56.8109
361677	56.1409
171111	55.9407
298404	55.8496450656
362788	55.8465171734529
192154	55.6996258357113
54315	55.3571
25575	55.2144
317418	55.125794604
64832	55.1068220605
690693	55.0220442800139
140722	54.9562
309544	54.8806969776
66025	54.8483
65210	54.7309
287545	54.6575697235
116695	54.2755614823
25267	54.2308767692
83526	54.1063389409016
360576	53.85385
312706	53.8475
29415	53.7567103792839
83833	53.7285
50563	53.3538
117035	53.345892738
304786	53.3150908237272
84480	53.2654
64476	53.24771878
361504	53.083105008
287110	52.7008
361730	52.6189
291597	52.5132
312301	52.4795
64562	52.4717363563
362342	52.374
690195	52.1640426468886
113886	51.4481
25389	51.4411650718
407765	51.3206045256
304474	51.2857686494275
362567	51.2403
310207	51.1439174149
499308	50.9349270316571
64043	50.904358
286908	50.8941
299762	50.8388
117104	50.0
305895	50.0
300266	50.0
317576	50.0
