25744	93.7161778522064
140941	93.65629
65207	93.61855
114520	92.600195416
114629	92.57676
498008	92.12526
300797	91.50786
309361	90.74673
366964	90.7133
25705	90.69846
24657	89.5378
56011	89.3361
314401	87.5501
303801	87.4285
24948	86.7404
301246	86.2089
83627	86.0613
293570	85.7467530448
291670	84.589
317407	83.5556452766
311430	83.5438
361634	83.0629648543194
363088	83.0383
308129	82.8851250756
100362347	82.6812
282587	82.5543
116686	82.3579790314
302971	81.3986
288306	79.9246
308282	79.8463
361086	78.6926
116724	78.5894
171126	78.5215823380519
83501	78.0681
24256	77.7424
24256	77.7424
361321	77.4145
58821	76.9265
309774	76.844
288921	76.5493
54348	76.3997
679712	75.6959271619
288482	75.5928
309338	75.5672
287633	75.4238
680102	75.2844
50993	75.198
299116	75.1371
314964	75.0753
292486	73.1199
50563	73.0161
25031	72.7623
360920	72.5516
294993	72.5488
362384	70.4356
362733	70.206657388
362733	70.206657388
362788	70.0469
29700	69.8897
365872	69.7899
117056	69.5087
81818	69.0466
360634	68.9021
63994	68.7641
63994	68.7641
362609	68.6357
56064	68.6314
361655	68.6037
365299	68.4066
60628	68.244
63994	67.9791
63994	67.9791
25604	67.9426
362107	67.520606816
25037	67.3310633413
246097	67.1735815118732
291044	66.9951803664
307296	66.9615
288181	66.9023
310698	66.8772
25437	66.8508
309922	66.702596788
315957	66.6431
60443	66.4529910325
60443	66.4529910325
60443	66.4529910325
363445	66.2400647995
29360	66.1946
29360	66.1946
310698	65.3159
29717	64.8143
29717	64.8143
308361	64.645701766
298184	64.608
306455	64.4043
114028	64.0384
114768	64.0039
170907	63.7664
365895	63.7171
365355	63.3203
303016	63.2634404109
310352	63.0051
65183	62.4727
29737	62.3798
29628	62.3743
29628	62.3743
362629	62.0961
313323	61.3004
50577	60.5233
499882	60.4162
317578	60.3149
315795	59.9119
293024	59.5721018048
314196	59.2293
24539	58.6317
301068	58.4955
365699	58.0044
312192	57.2728
292994	57.1863
691947	56.7328
292100	56.6032
296229	56.5878932914
113965	56.5217284969
682902	56.4909
362521	56.4755345866
366163	56.1401
306436	56.0449
293112	55.80270964
310250	55.7917
29693	55.647
302920	55.5566474324
304648	55.5509
64032	55.3567
287622	55.0486
81738	55.0166
287716	54.9217
303238	54.8634
679155	54.6917
364240	54.6569
363448	54.2165
308140	53.823
315804	53.787730468
293050	53.3184
360602	53.0241
289623	53.0016
361070	52.8804
171148	52.7976988861
303193	52.3991
362246	52.3068
365744	52.1026383928
502886	51.7001
315158	51.5612
361159	51.1003604108
60430	50.9162
315037	50.8449
689890	50.8139646132
246216	50.0
289508	50.0
116665	50.0
84509	50.0
