287441	97.8030903647245
287644	94.894604398
29201	94.0498
29211	93.13037
307070	91.13128
294007	90.68361
299269	90.6059
295607	90.46565
293621	87.3844490586606
305974	87.3352010395797
29755	86.4061
100360552	85.8318
294289	85.7498278204
315611	85.7465892936307
293621	85.6751683261712
266705	84.3293625604
79431	82.9019
293454	81.835530768
294988	81.768
54282	81.3546
300111	81.1967
309262	80.8937
498492	80.1667
114029	80.0443684511825
29216	79.4084
116643	78.3914
309165	78.1165
499020	76.7994
83685	76.7053822071
362788	76.3108916257825
295922	75.834
290300	75.7907
29311	75.5504
295922	75.4414
58840	74.6557
360557	74.635
311536	74.5946
296708	74.3948
29583	73.5954367688
299188	73.5893
682988	73.1862
312710	72.4423
293667	71.9056
365797	71.8102
309376	71.8071034839846
503018	71.6102
171378	71.2614
58979	70.44
294962	70.2497
304859	69.7064305730212
116491	69.6027
689414	69.3974592913
295934	68.6775
297705	68.3574
361565	67.8502
314423	67.592469904
314423	67.592469904
360602	66.8406
79423	65.9452828984
79423	65.9452828984
79423	65.9452828984
117264	65.8931
363412	65.7543764596666
313211	65.631205427
84686	65.1282
302935	64.5015018979
171369	64.4623
363115	64.3764083488
83683	63.9405
140935	63.6299
25037	63.0555953438
305253	63.0220495313
170900	62.5683
25111	61.970116192
316101	61.9215807262
85483	61.3482786134023
85483	61.3482786134023
85483	61.3482786134023
304055	60.4522
292721	60.1203
81005	59.96214907
25193	59.7972
304124	59.7696
29214	59.7638
299199	59.4652
361807	59.15896288
300474	59.1547479663817
60417	59.0370472916185
497878	58.6950250496
499020	58.6943
688785	58.6532
313873	58.1078355212
497991	58.0184
56765	58.005705911
24950	57.8634094796
362176	57.8380324636
362176	57.8380324636
362176	57.8380324636
362176	57.8380324636
313101	57.4998
361696	57.3232
50677	56.667
192208	56.4146
24626	56.2242
361391	56.2056
307820	56.0685
690654	55.9303
498328	55.835
500555	55.7681
316211	55.6632596728
313742	55.6498354827
65206	55.1713084156
114705	55.0105367288
299618	55.0034
24167	54.7182
24167	54.7182
24167	54.7182
24167	54.7182
24167	54.7182
24167	54.7182
114559	54.6829596539612
114559	54.6829596539612
114850	54.5972
362700	54.5297
60443	54.1359
60443	54.1359
60443	54.1359
497913	54.06548536
301007	54.0497
313139	53.9467
140607	53.8333937168
361050	53.7227403182
309156	53.5245
64521	53.4898
29157	53.4662
308361	53.0798024464
65206	52.8012805018
287275	52.8003
314613	52.591
65206	52.5787797214
65206	52.5787797214
311791	52.5656
117520	52.2647
117520	52.2647
117520	52.2647
363912	52.2137
288161	51.965240479
289168	51.7909
83633	51.366
303602	51.0295
317335	51.0109247665
64470	50.8137
246279	50.350061673
246279	50.350061673
316583	50.1977792872
305454	50.0
