116554	96.71465707144
58961	95.8123326904
58961	95.8123326904
56765	95.32866
289522	95.07111
298282	94.98997
303493	93.98874
303493	93.98874
314743	93.75702
245980	92.85786
85243	92.3615454072
319110	89.6857
289657	89.5928
295143	88.9971
25309	88.9092
315427	88.8177
498798	88.7489
499020	88.0643
499020	88.0643
25359	88.0224
24624	87.2037
315804	86.8777175078432
25283	86.8694
117044	86.1992
24674	85.8772
306819	85.7082
289129	85.5413
25578	85.3724
361727	85.2934
192272	84.4119
60326	84.1852
303439	84.1213
685258	84.1163
296988	84.0224
365755	82.7335
311903	82.5928
305909	82.477
291912	81.9034
360600	81.6215
689933	81.0186
116650	80.9159
170577	80.0638
499330	79.8601
287532	79.7463
56768	79.6284
24689	79.5046
25336	79.4875042032
25152	78.8721
81504	78.7932
315958	78.5785
25745	78.5205
192178	78.3443
84360	78.3127
691278	78.1476
309255	77.97998284
60447	77.6864
60447	77.6864
305586	77.5588
307745	76.6948
64559	76.5202495546
291206	75.6442
171447	75.4511
310806	75.4345
24255	74.7622
315722	74.6748
363103	74.2535
309391	73.7537
313647	73.1675495003
363425	73.1205
307210	73.0934462342
307248	72.9268
685472	72.7868
294680	71.7887
29415	70.4797
303016	70.1396292584
361849	70.0824
117036	69.7452
309331	68.9662
287962	68.6438
56766	67.133
292756	67.1119
64678	66.851808647
313242	66.7559
300724	66.6045
66030	66.5022
293128	66.3424
29345	66.269
114839	66.229
79130	65.7934
64206	65.6993
304037	65.5995
310250	65.5485
59299	65.4552
299827	65.3965243534
303754	65.0474
25701	64.9746
310749	64.8894
314028	64.7616
314964	64.6715494629929
29560	64.4497632957
303606	63.9489
314949	63.5015
313200	63.3673
64371	62.9875
24514	62.8435
292022	62.6971
295347	62.5479
310288	62.1677
59303	62.0843
24401	62.0229
29456	61.714874008
309243	61.436
25553	61.4332
307206	61.3521
314818	61.2347
299008	61.1459
291987	61.0894
140928	60.6893
140928	60.6893
140928	60.6893
295455	60.4459
171162	59.8597
171162	59.8597
56010	59.805
310552	59.6469
25303	59.5032
64824	59.212196086
246247	58.9858
26295	58.3627
60443	58.3582
60443	58.3582
60443	58.3582
81708	58.241
24669	58.1161
29611	58.06
315609	57.8569
288291	57.6353
24694	57.6142
117140	57.2605
25605	56.624508939043
303214	56.6051
312562	56.5587104416
114488	56.4873
297902	56.3237
65157	55.9209
29748	55.8415267016
287622	55.7467894564
360557	55.5232623176
50938	55.4949
252827	55.2475
338477	55.19
29358	55.0188
282832	54.8269
314824	54.818179264
364678	54.7121
80900	54.6379
25745	54.3506
25642	54.2616
363005	53.2019
288091	53.0415
252889	52.7186555842
54241	52.7145
296969	52.5268
79223	52.4829
291936	52.4525
58840	51.7529
360589	51.7007
299897	51.617
291908	51.5084
65190	51.0091361482
291105	50.9504
304208	50.9248182468
313387	50.0
292199	50.0
