313510	97.27670308282
245926	95.72248
100359982	95.09955737205
287552	94.81046
81655	94.6755658036
100359982	94.4984961534
64025	94.48963333096
58820	94.4740522440993
301285	94.28018
307271	94.07417
501203	93.87588
290947	93.54025
299331	93.31205
308918	92.77766
308900	92.58115
299706	92.24682
366998	92.18371
315447	91.76113
24777	91.45573
117043	91.1910952432
290744	91.11954
84600	88.798
292044	88.4082
246294	87.8987
83785	87.4496
83785	87.3733
83785	87.3733
83785	87.3733
83785	87.3733
83785	87.3733
83785	87.3733
83785	87.3733
83785	87.3733
83785	87.3733
83785	87.3733
83785	87.3733
83785	87.3733
362911	87.0971
313563	86.8353
297123	86.8188
81659	86.41163986
366889	86.2598
295401	86.139607268
79125	86.0584
114850	85.6263
100361133	85.5186
63938	85.3636
500761	85.3428
81708	85.2524
24326	84.8092698069381
294680	84.1934
289392	84.158317066
252880	84.1577270784
360775	84.093
312563	84.0634493224
59303	83.2081
64394	83.0839
29546	82.8959542106
59303	81.8777
361730	81.6951
25153	81.3962
300772	80.9964
24413	80.8826170441
289623	80.242224448
289129	80.0202
304923	79.9921597123682
361845	79.6814
310838	79.6199
25654	79.478883322
297481	79.4459765464
361381	78.8298
317435	78.4959
289881	78.4928
298184	77.651
306274	77.5292
116551	77.2825
500972	76.6362
24943	76.5369369584
25176	76.2216
294065	75.8261980859187
360854	75.7861
170840	75.647
298201	74.9837
619575	74.8369
288587	74.6413
313325	74.1511
311903	73.8725
499782	73.4035
25096	73.3992
78963	73.3852
192274	73.2199
246755	73.0795
170635	72.54
54244	72.1835
311384	72.0960418888
171107	71.9833
363985	71.6857
312710	71.0363
295382	70.7024993928
266787	70.3924
312927	69.7033947754
361626	69.5137
29380	69.475
313339	69.4465
24638	68.9605
24638	68.9605
24638	68.9605
308473	68.8297
500112	68.5127
680445	68.4292
65193	67.8298
29416	67.7812
29629	67.74271015195
24251	67.1861
260321	67.1090320864
84496	67.006
84496	67.006
25012	66.9942
25012	66.9942
25012	66.9942
56011	66.9109080416
58942	66.5437
299691	66.4836
363735	66.0185
366697	65.738
25284	65.5836
499931	65.5671
307545	65.2787
171148	65.2093
288731	64.7841
100361269	64.7625551488
24244	64.1538
691429	64.0362020603131
25706	63.9108
315305	63.3744862052
310352	63.337550465
83633	62.7619
304410	62.7205
192273	62.3796
290921	62.0918202906
500244	60.8807250071143
498287	60.7021
362788	60.6872
140590	60.5364
60466	59.8799
297173	59.5713
499941	59.5457
300284	59.5366
294436	59.4415
288161	59.123
315804	58.8285
300797	58.6389
114028	58.623
294711	58.1713
308765	57.9704
305269	57.9245
29357	57.5911
29357	57.5911
362547	57.4732
362065	56.9792
299186	56.8547
313131	56.6578
25493	56.4458
25230	55.8011
25230	55.8011
303024	55.7134
362519	55.4633
619558	55.4531808214
309622	55.3234
305471	55.1708
317297	55.1077
307865	55.0066
498272	54.7564054102
314930	54.3259
310791	54.1996
259218	53.686
290939	53.5669
308944	53.4517
81636	53.3019
309255	53.289039606
93662	53.2841593344
115769	53.1784
114096	53.0672
298655	53.0228
25124	52.6753
307070	52.6471
170843	52.5881
313155	52.3021
64846	52.269758858
305471	52.0177
289810	51.9152
313418	51.2987
312703	51.0422
64635	50.0
299799	50.0
310344	50.0
