498301	95.7392311934822
296884	95.0641
289357	94.76454
291819	90.4570623256
307820	90.0895302433067
25701	89.1016903127
64364	88.8259
304203	88.7951
286990	88.4219
171434	87.842352304
679934	86.845
300666	86.7593
313481	86.6284
303923	85.7492227626
298019	85.0256
26295	84.9527
171121	84.5455
367218	83.7953
500555	83.5219
102554884	83.518889858382
498415	83.4772
117029	83.4085844043
25054	82.8879
65040	82.3298
65040	82.3298
25544	81.3856410616
310812	81.1611
295401	80.8286164024295
353256	80.8136122564
295619	80.494
170900	80.087718574
79220	80.04846038
116600	80.0473
316663	79.9934
50655	79.8572
312200	79.539
293165	79.372
291675	79.3592
50622	78.9927892343395
499929	78.4401157146758
365652	78.2338
306110	77.633946056
368070	77.6259
361319	77.6033
289584	77.4636
288025	77.3203498822
363005	77.2983
58982	76.9800122961106
314800	76.884
294809	76.7620408325
287622	76.6654
287530	76.5981
29357	76.5529
29357	76.5529
116690	76.3575210849977
116690	76.3575210849977
116690	76.3575210849977
116690	76.3575210849977
64456	76.3300509923662
312781	75.4542
293950	75.2357373202089
365755	75.2173
25428	74.9477
25237	74.6526091169968
64519	74.6018
295347	73.3194008587
64157	73.2993
24434	73.2409
500244	73.1553218403991
81920	72.8484
117240	72.4697
25230	72.4323443345
25230	72.4323443345
360537	72.375
58820	72.1740529324
289469	72.1106
303601	71.925485523
60666	71.4674105262339
309419	71.3623210763
294862	71.2947
140581	71.0313429541942
298012	70.4625
302302	69.8133
360983	69.5975
113960	69.46385058
362788	69.3472622698
298859	68.795911502255
296408	68.7789
296060	68.7497
498999	68.70801313
246311	68.695
310760	68.5663
54236	68.4088
305889	68.3862
360589	68.1027
170906	68.03806909
307070	67.6526619648
366251	67.086123139
64545	66.9149
25281	66.8527
25205	66.5576301715886
304741	66.4792984984809
303592	66.0965
305103	65.9555
309758	65.7312
60334	65.7201441139
293673	65.3519
312952	65.3095855673279
310071	65.1167
29458	64.9002
432360	64.6323
306886	64.5869358192
25054	64.4865595058651
363143	64.386309304247
298377	64.3022
84030	64.2684
363133	64.037312392
313609	63.9295
29693	63.7557203578
690516	63.5712
50552	63.5417
300030	63.3351
360533	63.2077981
291314	62.9422
296470	62.821
192178	62.5188460250034
288778	62.3686
314480	62.1964272658
79223	62.0320399440545
292067	61.88
117282	61.8042946996
310749	61.3962
170808	61.0234325968
292584	60.9538
124461	60.8414
94267	60.677
300253	60.3065
309514	60.2514
314694	60.2333
313969	60.229
361202	60.2154
304786	60.1128132178828
294518	60.0441
58977	59.9435
114901	59.9066
360632	59.7825764554
289590	59.7778642292
314321	59.547
300870	59.4422
100361647	59.2611
65162	59.2365762006702
312154	59.1545
266807	58.9891
25155	58.484
64088	58.014
312052	57.7517
306141	57.5825
298576	57.4897166548693
309678	57.3967751299698
83825	57.2827
314417	56.9843220513163
291133	56.6129
116641	56.5717
25615	56.378
362403	56.2752
361833	56.138
362049	56.0553
58948	55.8929
306571	55.5126
299341	55.512
362715	55.2372
311118	55.2284097223
362557	55.2087
314330	55.1499
114561	55.0437
140943	54.8817
84391	54.5404
689364	54.4466
498491	54.4283
116501	54.3682805238
312192	54.3236
24950	54.2343630636479
310506	54.1948993636893
298374	54.1534
64358	54.1295234941255
367218	53.904
84394	53.8158281767
363854	53.6456
25083	53.5212
304522	53.1061610934967
312398	53.029333236
296084	52.928
25058	52.788579023
302934	52.5939861
24170	52.461172224
362749	52.3159
27100	52.2359
294269	52.0931
66016	52.0375
305972	52.0311
309217	51.9397480032
289900	51.8567
685244	51.628018788
288752	51.5913
298524	51.4792928833682
117269	51.19365915
316021	51.0137
287608	51.0127
287871	50.9899744139998
81771	50.9192
25469	50.888650798
310363	50.8438
305888	50.8193475076
292724	50.5444281658
100361314	50.5029
297387	50.4210805562941
302424	50.3599216912
84510	50.0
29755	50.0
24465	50.0
64390	50.0
314205	50.0
308000	50.0
266806	50.0
291582	50.0
