310803	94.9759
24268	90.56095
315564	88.9133664455958
362490	86.9431
360992	85.205
24420	83.4108
24518	83.3076
24518	83.3076
315833	83.2004
294074	80.5946
282845	80.5049
293098	80.270516694
315789	78.8645
117282	78.6716
24618	78.5105
306586	78.4553
117544	76.7522
314388	74.2727
64028	74.2666
314388	73.9994
312649	73.0687
81813	73.0203
64668	72.5224
59296	72.1917
304157	71.7576929095
24159	71.5305
24159	71.5305
29635	71.5205
311861	71.2869
310448	69.1267
292168	68.6036924895
296115	68.4723
315958	66.167226977
293847	66.1278
312679	65.8034
259241	65.695432066
83824	65.6157
311182	65.4969
501621	65.4577
295461	64.7094
64045	64.69795
299511	63.6802
296954	63.4850890232
360874	63.3165
64300	63.1814
192129	63.0316
24587	62.6338
303606	61.7751209268
117108	61.7515
63885	61.6799
25744	61.5718390982175
497770	59.9915
114499	59.7003
292964	59.3929
309164	58.658
365755	58.5262496592
362704	57.9961
24300	57.8555
29345	57.76236456
29365	57.3216
363672	57.2078
497815	56.881
316136	56.2998
302808	56.1006
292816	55.6387
246153	55.4014
306764	54.7847
310721	54.6143
116600	54.6084
317382	54.6009
140593	54.157607464
54251	53.9714
309434	53.4005
29190	53.1877
117268	53.0994
24479	52.8462
296271	52.2542
499779	51.6292
298069	51.3482
311204	51.3278
56781	51.0106
56781	51.0106
311617	50.6897366338321
29480	50.1907663076
83501	50.0
315804	50.0
81739	50.0
362791	50.0
296532	50.0
81739	50.0
29423	50.0
65048	50.0
