25450	93.65016
114901	93.5366104618
84030	92.7087263347379
310506	92.5160463031089
310903	91.2603308848
306655	90.45602
140595	90.02835
298690	89.7237
366017	89.3814
64185	89.3592
300078	89.2537
50564	88.9011
311478	88.5370712322
363445	88.2971
299027	87.9926
308282	87.7552
295327	87.6106
363445	87.1551
246047	85.102227376
25634	83.9943287716
60331	82.9512
58845	82.7944
83471	82.6369
24159	80.8152
24159	80.8152
315478	79.7015830939
83631	79.5
679155	78.5997
25694	78.1542505587
310756	77.9811
300458	77.241015292
64025	76.9938
50686	76.9384
362819	76.6755046757387
316242	76.6217519459669
308667	76.4919
298012	75.3327
117056	75.2729
25012	75.2192752634
25012	75.2192752634
25012	75.2192752634
29264	74.9156577539
304813	74.8392250598274
294043	73.670361948
304859	73.124
498798	72.848
305812	72.6707
362049	72.5625143192747
305423	72.5115
29682	72.4319959453
317425	72.2148
24654	72.1521
360626	71.864
314442	71.3280013114552
81748	71.2986
290802	70.7539268811562
65193	70.5216180406
287867	70.508
309053	70.4448
58982	69.9449833468
25475	69.3528
102554884	69.0704357696
83467	69.0321
311872	68.8067314238
315272	68.764922789
501088	68.5457155246
304900	68.4213730261459
25476	68.3484
50659	68.2617
315439	67.9456465492
171126	67.6005015032
291610	66.8031761384
64372	66.762
296084	66.7615
305861	66.5788
292739	66.561
314855	66.14307195
301618	65.9359
361755	65.8433
317444	65.579
315131	65.1223
305895	64.8656
363684	64.6647
365371	64.5776
100362678	64.4636
24923	63.2538
295342	63.1964
307820	63.021931975
313304	62.9177
64672	62.8647931268405
360904	62.682
300870	62.5885
58820	62.5674
299923	62.551063549
289736	60.9507
64020	60.7659
294210	60.685
116600	60.6757
312754	60.6536
64303	60.6496
84014	60.5233
85246	60.3325727707
29138	59.7374
60669	59.3750694436
500131	59.2484
360462	59.2426
286936	59.19
29391	58.7841
59076	58.7542
59076	58.6146
299638	58.4850122836
361594	58.3994582599
362404	58.3668
287185	58.1278
499308	58.0405192579
362650	57.7721
266709	57.7394
361103	57.5568178721582
296167	57.4278
289185	57.3415
288779	57.29
170848	56.8542
171142	56.776
498351	56.7173
303193	56.6997
680668	56.5142
311670	56.4557
363985	56.3866290676
305831	56.3666
313706	56.1566525644
287146	55.2831
287299	55.2694
690441	54.9903
304545	54.8617674166
314641	54.7608306090547
314641	54.7608306090547
303914	54.5801
116720	54.5497
353316	54.4180929319
310635	54.3128
114210	54.2762
25459	53.7482
24420	53.3184
83572	53.2433
287633	53.1365
25569	52.923900412
29456	52.7937058309
309888	52.5092
50565	52.2187841875
29885	52.1792
317346	52.1456
25732	52.0208
25732	52.0208
362715	52.0194
315600	51.9841508704
54295	51.6257
292764	51.5553
29476	51.5125
287716	51.2414
289201	50.8417
80843	50.823
29735	50.7184
316209	50.550449722861
290668	50.1681786346375
117108	50.0
361807	50.0
363016	50.0
292406	50.0
171070	50.0
