302396	96.8406045768
497991	95.1240705349823
313668	93.89783146936
361056	91.40974
83635	90.93565
501052	90.6207515924628
497985	89.2477
298874	89.0053
300047	88.948
79011	88.6015895557704
361207	88.2067158469
311346	87.6765
309041	86.912330566
363684	86.8579138936
300656	86.7254
308523	86.4054191212
64185	86.2588
299685	86.0102091356
363153	85.6216
361986	85.4065
312135	84.7963
303493	84.437643116
303493	84.437643116
367218	84.1339972275
140923	83.4680663218
499330	82.5526
114111	82.2689484874
83834	82.1844
306695	81.9632
114520	81.7994188808
287638	81.6428764234
289596	81.5812
116479	81.4693
312711	81.274
305895	81.0876
117255	80.7528
365382	80.4965
291259	80.4004
291259	80.4004
291259	80.4004
291259	80.4004
171135	80.1689
362550	79.8445
313304	79.3017
362810	79.1168
29328	78.4485
29328	78.4485
83810	78.3183978888
81678	78.0423
306451	77.8204
308976	77.7020756656
362520	77.0517519
305354	76.6912
102554884	76.1099
313348	75.9255
29177	75.784282408
298500	75.6962
310392	75.5752
294734	75.5531
315550	75.4512
25416	75.3105058828
81655	74.4336
64194	74.2300633516
306253	74.1065
314596	74.073
310395	73.263961492
289138	72.8915
312566	72.7462585045
309312	72.4794
116595	72.1125
25514	71.893
366894	71.7882
83824	71.603
315037	71.4928450021017
25098	71.2406
360654	71.1222
298908	71.0973
114481	70.8748
363243	70.5796
498295	70.4137
367218	70.1011561594
298451	70.0614
689890	69.8456
117099	69.7747
24772	69.7607
171018	69.6324
171018	69.6324
171018	69.6324
246215	69.6168637708637
266766	69.6074817880954
300075	69.5489295557199
365380	69.1857
29582	69.00777832
302492	68.9571
246232	68.6351
313047	68.5846645892
361811	68.5641
29430	68.406877972
360622	68.0087501790254
303828	67.6753851373
298648	67.3434535498
306941	67.2413
406165	67.2412
293721	67.2002
286973	67.1712
500282	67.0864
291846	66.9409
291848	66.9073
116508	66.8724
29430	66.61132318
140910	66.561
24708	66.2259
114246	65.9125
313647	65.6148
84396	65.391
298598	65.2835261156
24772	64.8432355775889
60416	64.8008
83514	64.7815299455
298705	64.6707
291969	64.6554
294744	64.5964
286931	64.5853
305974	64.2875
192178	64.2678642022518
60586	64.1505762461087
311901	63.8966
313583	63.8501
307947	63.5645
25288	63.4899
116724	63.383546371
24875	63.3319
361319	63.1623
362403	63.1387
25493	63.0823
170851	62.4771
79220	62.4061
367252	61.9000018816
367252	61.9000018816
116477	61.8608186813415
116477	61.8608186813415
116477	61.8608186813415
361073	61.6607
293854	61.551159825
297695	61.4943
297695	61.4943
305471	61.3866
171433	61.372197865
60434	61.1527096377941
311861	60.9113429045021
313370	60.5446
303915	60.1072
25622	60.0877713512
25622	60.0877713512
81744	59.6464
360534	59.6193
289178	59.4996
361400	59.1726998396
293939	59.080012921
302313	58.9133
29211	58.7971
498959	58.6416
288734	58.2738653071
79249	57.9124
309665	57.8313
287212	57.7437196422
498411	57.7074037314
310958	57.62665994
679934	57.3442
363603	57.3314
366265	57.2922171388
60447	57.2391070928
60447	57.2391070928
287532	57.0236389888
292852	56.9036
289315	56.7164
501854	56.4705
501502	56.3029173515
316018	56.2062984834
65178	56.123
24215	56.0637
289407	55.8006
291309	55.6788
81740	55.2965
684538	55.2230183848
498003	55.1591248948
84600	55.094
114489	54.9521
291130	54.7001715512
298138	54.2009
29591	54.0092
313053	53.8096
171143	53.675
313598	53.675
114555	53.6425
360576	53.6377626302
361697	53.3121
288937	53.3027731447
296115	53.086
299691	52.9772
311047	52.8862
303477	52.8389
304786	52.820545357
363634	52.8065499712
171500	52.6373225236
171500	52.6373225236
309591	52.6021806144
313594	52.5951827126499
362776	52.490127298
306722	52.4829
64036	52.1649
64536	52.0784
312603	51.9211
29627	51.822689232
29627	51.822689232
689593	51.777456697
313594	51.4587737416276
116467	51.2613
303514	50.9671
365793	50.8549
305317	50.0
81639	50.0
297942	50.0
