302864	95.9924645897402
310483	94.11164
308890	93.46833
362734	93.44244
310667	93.31167
297333	92.43041
299923	92.21007
282836	91.97447
282836	91.97447
307745	91.9176696022004
85482	90.587297162
313409	89.7626
287940	88.8488
361384	88.7661359404
81734	88.6312
308821	88.4721
304833	87.9791
303304	87.9374
313905	85.1428
306439	83.9694
303824	83.4321272276
360709	82.5785
59107	81.1329
313125	81.0819
24413	80.9233
291689	79.2703
361030	79.0053
294014	78.7934
553106	78.4798928758
29271	77.7525
306404	77.4561
293522	77.2559
360551	77.0515
171396	76.2652
303478	76.15
63994	76.147
63994	76.147
360636	76.0647
309145	75.7217
54323	74.6608
287644	74.3061
360468	74.245851814
63994	74.1734
63994	74.1734
291044	73.9503
317398	73.3967
298555	73.3527499228
302373	73.059279203
24514	72.3317
307820	71.4486370470778
366998	71.3663
498492	71.1765
501925	71.118618588
25424	70.5361
171495	70.175
305614	70.0737
305031	69.5164143286025
81668	69.0963
29443	69.0852
365468	68.8685
294643	68.7059400590592
360571	68.6982
295252	68.5727
363854	68.5511
117275	68.3731
500036	68.2202376644
292044	68.1606453144
305164	68.0097
306261	67.8015628805
89825	67.7062
296840	67.4562470358246
25097	67.1881753212
302890	67.0871
117028	66.975
309514	66.4166006805
24782	65.7146
365802	65.5928
308218	65.275072277275
295607	64.5889
312440	64.482
360823	64.3191
81679	64.0384
315851	63.7797
373542	62.6308
29601	62.6254
259241	62.5532
303824	62.5024284878
364855	62.3386
302975	62.2035062872
85272	61.7265
29448	61.4680426792
299331	60.3459
295237	60.1246
292597	59.6393
311093	59.5273042158737
304791	59.1797
690244	59.1191
317435	58.9848
315615	58.9688
294065	58.9275
362107	58.8612
361293	58.77
313510	58.3086301883
685072	57.7666
685072	57.7666
316737	57.723595888399
29454	57.603297985297
303564	57.2567
287441	56.4088077208
297822	56.269
408243	56.1514
116493	55.5203
64559	55.4782708768
24813	55.3355
25492	55.1918
362483	54.9509
259275	54.896
500156	54.3278
317576	54.2086
298884	54.1708
84383	54.1673
303753	54.1370820916
24370	54.0995
60447	53.7102
60447	53.7102
303298	53.6316
307642	53.6252
24212	53.5419927628
65198	52.8901
58920	52.6528454934
315550	52.4846
313706	52.3449
84396	51.5506
266777	51.5113118578963
282585	51.3882
64530	51.107
29393	50.9688
500244	50.064526928
311839	50.0
287593	50.0
140635	50.0
286928	50.0
84489	50.0
311622	50.0
