24459	84.7093952472
361784	84.1082
361784	84.1082
171050	80.7746
304758	79.5395797961169
300519	78.7081
64845	77.7392
25628	77.0235
140928	76.3951
140928	76.3951
140928	76.3951
313876	75.954345913
312488	75.2752
316021	74.3686054512302
171458	73.538
494344	72.2132
300666	71.9518345616
63879	70.1922
83838	68.3032
246116	68.2191354826
366061	66.262
313609	65.6848
297508	65.5734
304923	64.593
363061	63.1091
313308	62.841942031
291946	62.2974
302396	61.6906
315272	61.6497
83572	60.3529
294862	59.6354276324
246145	59.3891
310250	58.7746008443
84016	58.7559
309126	58.180302586
308051	58.0574
363219	57.3083
25501	56.0743
361390	55.6809
314384	55.1242764675806
25281	55.1164
299811	55.068355575
100362347	53.7652852198
59303	51.6514
266705	50.995
64028	50.9475877434
116554	50.6244
363153	50.0130913885
313954	50.0
59303	50.0
84403	50.0
