308939	96.91546129288
296084	95.94677
308282	94.47694
171120	94.3703571858
300266	94.08686
304150	93.9387317848
25685	93.7856
312303	93.48981
25167	92.94897
171052	91.54963
308523	91.145993825
363985	90.9503979679
293056	90.8431
25647	90.16277
308692	89.4148206387276
305549	89.3491
83527	89.1988
83527	89.1988
83527	89.1988
83527	89.1988
24184	88.7333
502970	88.5194
50556	88.4477
305922	88.062
170913	87.9957
25640	87.2543
25640	87.2543
25640	87.2543
25402	87.213
29596	87.2081
306141	87.0445
246282	86.7442
314993	86.6977
298744	86.6763
84407	86.6057930144
314824	86.3261
25112	86.2666
288743	86.2438
81920	85.549961648
116548	85.4833673494
310698	85.3805
310698	84.9913
288108	83.8050245093
292734	83.5589
499461	82.9749401774
308918	82.8758
81668	82.6516
360868	82.4974199779601
680486	82.4695
298859	82.4515
361684	82.0511
170904	81.6349
24398	81.4763
24912	81.1586
362862	81.0462
310395	80.9973
306873	80.1807008121
84029	79.8253
361510	79.6455
312912	78.8938
117064	78.2011
25514	78.1252195037
25293	77.8617
25359	77.5453069579
294395	77.3158
295384	77.2277817984
286939	76.7247
309126	76.5852832601008
300891	76.4588424355
299923	76.4377
288108	76.352419768
309812	76.2559
29642	75.8852780999258
171086	75.3318143218
116500	75.301598869
289606	75.26607408
286954	75.194
25565	74.9456
100125361	74.7313
100910616	73.8868
362900	73.8507859017
54248	73.8107
681284	73.8026
171458	73.6038
29629	73.53
29629	73.53
300886	73.527876928
24260	73.477129184
298942	73.4596
245920	73.2549
140593	73.1582
25404	73.0422
25404	73.0422
362759	72.9652152371
365901	72.7856
361986	72.5938
314818	71.6424
499204	71.1009
25293	70.5774
25293	70.5774
25293	70.5774
25293	70.5774
500430	70.5238596908346
291078	70.3539
293061	70.1539
89804	69.9308
58853	69.91
498301	69.9001169722367
302470	69.8832
360511	69.8831433
116477	69.5458800422
116477	69.5458800422
116477	69.5458800422
293060	69.45727427253
296229	69.4557
170843	69.418017262
308971	69.2514
314743	68.9071
266760	68.6517
24914	68.4699
24483	68.4287
24483	68.4287
24483	68.4287
79212	68.4251
361882	68.0841
298317	67.9822
501195	67.2949663849
293181	66.9259
29507	66.3346
308445	66.078
64013	66.0179
305248	65.79235
317219	65.7627
290939	65.70319522
25584	65.6874
170920	65.516064694
308016	65.4997720448
89809	65.4633
309243	65.0337295016
497009	64.4888
308449	63.6625
365652	63.6268
308988	63.6178
297867	63.5441
295333	63.4412953065
304157	63.16921535
25385	62.8402
170641	62.523
306281	62.4865
499870	62.374
689116	62.1948
117059	62.1948
287477	62.1888
691149	62.0262
289881	61.9426223552
291327	61.7087319598
315915	61.247
100360066	61.1855
362697	60.8532727618
24610	60.5637
307016	60.5388
361295	60.3894
308458	60.3256
309053	60.149560696
363002	60.02199759
59265	59.9451
682507	59.8373
116641	59.6581
25283	59.4170283805
286983	59.3336
362329	59.2206
79208	59.1142
25701	58.7946
287768	58.7509387369
287768	58.7509387369
317260	58.3862
58823	58.3564
361618	57.9051
364420	57.8452
24673	57.767
295347	57.5431
64025	57.5088
289521	57.442
81508	57.3682
304988	57.3034
308666	56.6803
266766	56.6769
305035	56.3935
80846	56.2835
80846	56.2835
29163	56.0146
317191	55.7088521666
306562	55.3125
25570	55.2293
361700	55.2024
299818	54.9991
361580	54.8112
302920	54.6063
310533	54.5648
301086	54.4356
64531	53.5159131092
363412	53.2069
315133	53.1917
295965	52.7636
362303	52.7424
311336	52.567
116543	52.4981
360992	52.3317272878
362733	51.9771357056427
362733	51.9771357056427
312491	51.8978
362176	51.7719
362176	51.7719
362176	51.7719
362176	51.7719
25614	51.2384
81826	50.869140396
312030	50.7807
301555	50.7263618954
288353	50.51232319
361628	50.1188950552
301306	50.0
29227	50.0
314996	50.0
