246262	98.1262095593
29517	95.84667
29517	95.84667
29517	95.84667
116596	95.3706888872
360914	95.20989
291411	94.716077104
25405	94.22219
84014	93.79206
298757	93.2812848724
24785	92.65785
170910	92.52926
116554	92.1601542948
83726	90.38631
296137	90.370235192
64188	90.14211
27080	89.8698
362065	89.8094262955
29275	89.8032
679712	89.0698838525
364624	89.0347
81918	88.9982
361383	88.4676745392
497991	88.1266
291760	88.0974
498301	87.3124148588117
619440	87.2245
287537	87.0859
287356	87.0114
25256	86.3298
54237	85.7883
295356	85.3284
116543	85.1408
310749	84.6220468912
363287	84.4127
288704	84.1155
315033	84.0291
304181	83.7421463118
81736	83.7087
25351	83.4430501374
298689	83.242
289809	83.2171
296346	83.1436873345
297910	82.4453
362156	82.3984151992
64366	81.9408
64366	81.9408
314323	81.9355955188
305251	81.8996683579
360518	81.8028
83823	81.6158
293528	81.4692
360629	81.4224
25714	81.2356
29458	80.8866
313539	80.2878
303300	79.5182
25270	79.4859
362738	79.422067822
290864	78.9124128184
290864	78.9124128184
301068	78.8596
366478	78.5337
291464	77.8541
311419	77.5592514856
245957	77.3537
306007	77.3078
65053	77.1209
303193	76.7403
25613	75.9375
303554	75.8939
301323	75.629
64521	75.5681439448
100912536	75.5474
299762	75.4089
498030	75.0229
363445	74.6549
315939	74.3156
289057	74.222
310640	73.9805
79249	73.6491
310261	73.5887440872
140941	73.5298
170699	73.1192
363445	72.5265
298884	72.307742731
298032	72.2464960618
25152	72.1396
116643	71.4427
311919	71.1161
690366	70.8475
365183	70.7786
170899	70.6093572295
25244	70.197
310721	70.0933
360681	69.7342
293113	69.2364
362283	68.999923585
301235	68.7247599426
298066	68.4628
294708	68.3513
501563	67.1473
117140	67.0123
293173	66.4386
24500	66.2266
292949	66.2234
500904	66.1549
116477	66.0149
116477	66.0149
116477	66.0149
29588	65.6725
25267	65.4906
29150	65.3068
58942	65.2974960448
290356	65.2745
303584	65.1748
293056	65.1741
362835	65.038
116500	65.0213
365382	64.869185232
303801	64.4588
308361	64.1463
25281	64.0383
619374	63.9702
300656	63.5933
60447	63.3944
60447	63.3944
171049	63.2006
311607	63.1737
295347	62.6951
308988	62.4314
290529	62.1107
171517	62.0919
360540	62.0703
85309	61.9928
295327	61.9699
299159	61.9271
155012	61.762
29647	61.5753
290447	60.8309
365042	60.6181
288562	60.5159
308821	60.4502
301574	60.1883
171144	60.0623
25112	59.464
291914	59.3091180412
29540	59.1734
311968	59.084
315891	59.0609841286
292305	58.7231
298874	58.6826
361940	58.5659
303614	58.5012
304807	58.4006
312754	58.066
302913	57.951
246297	57.4981
25288	57.4493
171139	57.3697
171139	57.3697
171139	57.3697
192178	57.3388292394712
170902	56.8096
360650	56.7981
315707	56.658
25696	56.6472
64016	56.5528
361063	56.521020016
116633	56.4736
362268	56.2745
311384	55.9421
305851	55.5702
303206	55.5106
362359	54.807
307210	53.9047
365755	53.7629
311726	53.7316
60422	53.4486
307474	53.4347
303375	53.4198
314814	53.1658
298399	53.0635
24413	52.8430685988008
305471	52.8334
311468	52.7392
24459	52.6287
286984	52.6246
246153	52.3134
304798	52.2826
317343	52.054
293059	51.9867
315298	51.9713
309650	51.9236
308318	51.8534
306819	51.792216568
24373	51.4685
305471	51.2523
171123	51.2259
290851	51.1719
295443	50.7917
114520	50.7398
24783	50.7159
24783	50.7159
114558	50.6701
81920	50.6415
362002	50.0
312030	50.0
308971	50.0
362686	50.0
310250	50.0
25283	50.0
