83588	97.05745222004
306129	96.2851546936
83800	95.06521
307820	94.1696713005566
298138	94.02456
245956	93.4081317252188
317396	93.3973
360821	93.2670858113099
289754	92.99783
313169	92.67897719388
292264	92.01272
100363178	91.95098
679921	91.4047
305310	90.9469007161
307067	89.8807
246237	89.6355749291748
302290	89.4684
29517	89.4029142656
29517	89.4029142656
29517	89.4029142656
25558	89.3994
366624	87.8574288637042
360854	87.8376002447843
114766	87.7318
64469	87.6070527020738
360726	87.1339
170704	87.075099359
312381	86.9737088999
498999	86.5394
294672	86.2653
360461	86.2495
293526	86.0227450658307
29456	85.538636706
313236	85.4795394078516
309532	85.3914195072
288264	85.0877291354
288264	85.0877291354
679869	84.9569
303547	84.1167108874
60447	83.0570817196878
60447	83.0570817196878
303403	83.0201
503269	82.926
140591	82.8388
25389	82.4528008508
361994	82.426
288562	82.0642
171458	81.6951010187
294018	80.9915
299188	80.9400877615
59265	80.8949352999665
58823	80.7456
291352	80.4448
24877	80.4027077426
313510	79.916102853012
246116	79.0096901302767
314649	78.9546
303824	78.913
303824	78.913
300754	78.8989
60586	78.0636582656
309912	78.0597
64387	78.0001
58821	77.6884
310190	77.5744
304334	77.5577
29699	77.4242
301012	77.3648
298675	77.0458228702
295325	77.0355049544
291796	76.9005
298859	76.8201686107271
117056	76.801
298528	76.668110542
369016	76.5729
298555	76.1835
291921	75.9048580196327
500562	75.805967916
288108	75.393760825
304741	75.1842216592
25593	74.6197
293050	74.2693
288471	74.2060306744
302489	73.5298
307348	73.4464944481939
362359	72.8972603045
79249	72.3926
360761	72.2535
361649	72.1033
171159	72.0019
25037	71.8293632763
292462	71.3504218717
304332	71.1949
192210	71.1357
299811	70.908702724
29477	70.9045692865
29748	70.7014
64152	70.5151422571687
295284	70.3858712482
362599	70.3783
171093	70.3436168525895
171093	70.3436168525895
306817	70.3142772046
289392	70.1131
116675	69.9561
25117	69.8622
304758	69.6754000781
89868	69.3839003262
64862	69.1337
406164	69.1091
360564	68.8747
303298	68.527281592
192177	68.3708
301020	68.3123
310803	68.1585
363445	67.8144955356
114216	67.7894
360480	67.7371
25230	67.6518
25230	67.6518
312563	67.5397147913472
83534	67.4415834349
294324	67.4388683083
307271	67.1945
310855	67.148
24413	66.845154286
192178	66.610930088594
303602	66.5902084281136
313978	66.4710235313535
100233213	66.2598
308843	66.2096919094
303599	66.1568
80843	66.1231165519
313554	66.1150732432
116677	65.9703432324
296787	65.8715254802807
287954	65.8627
266803	65.7424
117180	65.6037
24693	65.5288
306868	65.5133
29150	65.4459754732
266771	65.4423
114203	65.4004
81733	65.3923
170911	65.297766313
309774	65.2511597072
315617	65.2376607645
64678	65.1347
300944	65.0249
246297	64.9738112857
308215	64.4412
315798	64.2428
56010	64.2221
641386	64.2151
315496	63.9253340117595
299159	63.7253
360570	63.5595
362316	63.48075
362107	63.2233
364975	63.1465645568
306285	62.920434409
314641	62.7448912438
314641	62.7448912438
313125	62.7089
364952	62.5927
78947	62.505
313825	62.2687388411
681178	61.8221018824
65040	61.7804
65040	61.7804
192256	61.7443577978
192256	61.7443577978
301085	61.0471
362045	61.0047662415515
24831	60.9907002550009
24831	60.9907002550009
299857	60.9215
299204	60.6816122422778
315524	60.6463493531898
362591	60.619974866
287276	60.3755
171356	60.3415
363228	60.2407
299827	60.2136
288937	60.2056090532391
306549	60.0960359102964
29562	60.015
29504	59.8956841061
297867	59.8505
287424	59.779
64562	59.668
25718	59.6527
116590	59.1022500512
303470	58.8753
63834	58.8599
365802	58.591694766
59300	58.4542
306534	58.4005
308865	58.3238
301374	58.1985872254
313241	58.1575671062515
301337	57.7653924555
361884	57.6904
116491	57.4628
498140	57.4511
298019	57.422782835
29365	57.3567
83838	57.3253
65166	57.2687
289094	57.115
56817	57.1129
56817	57.1129
56817	57.1129
299864	57.0674
114764	56.9154117835
309002	56.7954
313742	56.6954
314352	56.6134
313861	56.4130048939899
288364	56.2776
361251	56.2376
361319	56.159
316737	56.1575750190823
65029	55.9476
365601	55.8311921606
303888	55.7804
313270	55.7146
364712	55.6837
293012	55.5335
300860	55.323
54303	55.2867
170906	55.1758984089
85260	55.1123
303604	55.0509
305497	54.731
298653	54.5794
81515	54.4425146056
81515	54.4425146056
140639	54.4041946627
192257	54.2682
689414	54.1251501688
315686	54.0168
313139	54.0083549575
287722	53.8314
171050	53.7385
311299	53.5981
100362764	53.57
317183	53.4931
364681	53.3139824430281
24500	53.2789971898868
170751	53.2772
79433	53.2169875927
114561	53.1176
300756	53.0106368602
690899	53.001325288
305482	52.931233816
116663	52.7945
293098	52.7352
362037	52.6822
361014	52.5332639178
498709	52.4666
362013	52.3128
296293	52.2144
315804	52.1695658263
114021	52.1191
117049	52.0449
24807	52.0138
306197	51.8926
171138	51.8118
252960	51.7072
361574	51.5781
293135	51.5133
316221	51.4897
554172	51.481
100361138	51.4521
291703	51.3159
690419	51.3153
296271	51.032
361400	50.8705
360956	50.84589815
360956	50.84589815
360956	50.84589815
309391	50.828
64554	50.7628
64554	50.7628
84488	50.6825
309400	50.325110068
307526	50.249444838
313057	50.0
287199	50.0
100310874	50.0
291597	50.0
303803	50.0
59317	50.0
498003	50.0
84394	50.0
117045	50.0
