29637	99.0276748896194
313409	98.99212976432
306600	98.26858051026
297486	98.1289710369933
362609	98.1120988051607
313169	95.6731
365755	95.0813370424
25687	94.29436
246152	93.5326866504816
310812	93.52464762505
64187	93.37896
311876	93.09182
24379	92.95182
83470	92.44934
365895	92.413629109
690955	92.16535
313128	91.76371
29596	91.3445268373
100362347	90.8491091925896
79426	90.49961
291078	90.3898418335
83839	90.06209
58961	89.8569631581084
315422	89.8387
303274	89.7853905152
24239	89.6938
498709	89.3588
25757	89.2591672926
63840	88.9723
81815	88.9370694654
171355	88.8461
302378	88.6082506508575
306436	88.5935
295922	88.5406
289382	88.5392
295922	88.4945
305544	88.3641
29739	88.0131
301374	87.9976
310506	87.7541355447529
297995	87.7211
26295	87.45835447
308445	87.1269
295053	86.7530645654
155423	86.6303
24948	86.5399603105
117243	85.9399
289036	85.6848
363228	85.5968103275
25537	85.0040535915
287716	84.5002677844
24392	84.4235063362
313994	84.1452
25679	83.7841
24590	83.3737
307296	83.021
60427	82.6585738176
60427	82.6585738176
58961	82.6260312565106
24667	82.301481848
29627	82.1067403991681
29627	82.1067403991681
304859	82.0481
314330	81.3448
246334	81.1025
246334	81.1025
58840	81.0897
192213	80.8975
246334	80.794
246334	80.794
311909	80.617
316096	80.5566
432360	79.7301
302373	79.5541102765
290426	79.3988
116500	79.0857254268
314964	78.9053
24877	78.7803
192178	78.5937113152911
29631	78.3956
171438	78.1614
100361574	78.153
60577	77.9453
304799	77.4151235188
308523	77.2354
315265	77.2280230624
171010	76.7338
113960	76.3087
314930	76.2212
307343	76.1087123134296
314824	75.8999800845
171148	75.723568260493
309361	75.5474
307415	75.537
295443	75.3972
303351	75.3695
310250	75.3052
497757	75.1992
29486	74.860128922
287212	74.8072
309312	74.7773
295325	74.7372
29144	74.7302526046
24324	74.6624
303206	74.5615
363140	74.0771
25204	73.8771
24787	73.8757
373066	73.7251
114593	73.5647
305083	73.509252067
314245	73.4368611752009
64310	73.3489
683630	73.1758
305910	72.9481
298144	72.938
29502	72.8071
246262	72.7182287112
680445	72.6329
207122	72.593
114845	72.3594746274344
308663	72.3532
310749	72.3206264903555
54348	72.2975
313520	72.1767
24924	72.0948
288482	71.8576
363227	71.5872
289990	71.3441878946
64559	71.2895703605
296913	71.1726
116554	71.084127843
308283	70.996
304284	70.9719
64531	70.9581362976466
81809	70.9234
24443	70.7617
311137	70.4184379648
84508	70.2939
361554	70.2934
685425	70.2792
292139	70.0316
497961	69.9289
192270	69.7368
300045	69.6034
292139	69.5527
309678	69.3116672884
298309	68.8841
313521	68.4207
685232	68.2263842492
25094	68.0911164904
170816	68.0857954813613
313370	67.9456807228079
309478	67.6842
361057	67.4690592365
313594	67.162210675
312154	67.0659
313594	67.064307
286965	66.5773
65129	66.5206
682902	66.361
192229	66.2874
314713	65.7251
79208	65.6914
25650	65.6331
83515	65.6254108532
311726	65.543130475
317396	65.5426
29313	65.4851
83633	65.3514
85426	65.339677832216
117282	65.1603
298186	65.127
494345	64.924
287615	64.9147
312113	64.9023
64047	64.7614
502525	64.6235
100910984	64.4916
309053	64.4113
310909	64.4067009792
313978	64.2426
306091	64.187
310258	64.1183
246297	63.9511
688394	63.8369
307766	63.707
94196	63.5816048799
311450	63.5702
312440	63.5544
290975	63.5138
291914	63.3771
310806	63.351
84407	63.3261
29668	63.256
289264	63.2323
298884	62.991645414
295620	62.8307
84394	62.5134220108833
310773	61.9606
25429	61.9361
298441	61.8257
297942	61.7082
293104	61.6599
360581	61.6537
312965	61.5553824492
312054	61.5487
25243	61.3238
65164	61.1308
290230	61.0836
25126	61.0306
24827	60.7832
493909	60.5398
25187	60.5307
304053	60.4549
292188	60.4057
360627	60.3438
690262	60.2516
307579	60.231
311575	60.1552
309331	60.0336851612
315272	59.8849
295678	59.8706
64312	59.8313225701
314856	59.7148
317464	59.6649
24874	59.4574
29456	59.3506
316013	59.2994
290798	58.9542082816
312192	58.67875
114520	58.3385
307916	58.0433
361390	58.0077
360983	57.97253848
291772	57.9165
65207	57.9059639012
500247	57.9021
305571	57.639
366227	57.5703514594
360584	57.4866
24470	57.140367175
316021	57.1019559334
79559	57.0786
29657	56.987
366734	56.8349
171497	56.7629
499328	56.6856855472
305203	56.6731309131
686019	56.3994
192126	56.3009
100910616	56.2387
681284	56.1946
117596	56.1442
25279	56.0256618386
309858	55.9653477125
303803	55.934169439
291130	55.8357
24770	55.7905
293976	55.616218272
299897	55.5907
29521	55.5769990458
367242	55.5584
679712	55.4631
25256	55.3943
314859	55.0204
64566	54.800674759
497009	54.6348
317425	54.5782
311494	54.5468
25113	54.2124769915
298184	54.0348
361921	53.9955
689890	53.9826145438
363005	53.8145
304218	53.7891964152
304218	53.7891964152
307067	53.6719
50685	53.5866
308361	53.394191202177
286917	53.3806
94267	53.3577
302495	53.0209
313270	52.943
299331	52.8417
312030	52.713
102554884	52.6777
301442	52.6527
288779	52.5999
117063	52.5839
114557	52.3677
501560	52.089
171562	52.0801
289874	51.9934
83629	51.9561
171299	51.71291356
296840	51.7101
304791	51.6787
117279	51.5997
499020	51.5358
303132	51.4152
302424	51.1388
83584	51.1213942642
83584	51.1213942642
308508	51.0539
361849	51.0516
54231	50.9328
361550	50.8574
313825	50.6388
311204	50.5424890656
362918	50.5297
315158	50.0
25460	50.0
25359	50.0
404783	50.0
