311530	96.57548
363013	95.66386099504
83839	93.90617
170577	93.89956
361831	93.69203
500972	91.73268835901
362021	89.9147
306991	89.1301
300045	88.9451
252889	87.8632523224
305104	87.5342
300652	87.473
25578	87.256
83576	87.070603968
300838	86.0495
315579	86.019
25595	86.0126
291130	85.1609069675
313969	84.5983
365583	84.4503
309774	83.7469
25708	83.6372
294395	82.4202
24674	82.0675
306451	80.9744
314246	80.67805
24180	80.6541
116647	80.4011
64469	79.5426
81574	79.5066
94272	79.4122
368002	78.7881
303753	77.4275
364630	76.2178
64551	75.6158
64551	75.6158
303764	74.0031
83840	73.969
314028	71.8079
64026	71.3807
290303	70.5846
306562	70.0765347751952
317252	70.0669
25612	70.045
295061	69.8155
311279	69.393
313089	68.6924
83571	68.5747
502603	68.5374
365744	68.5246
365797	67.7262
309035	67.0753
364785	66.2306
291549	65.8237
64076	65.6475
64845	65.0471
304410	64.93185
314259	64.6288
313061	63.8244
24777	62.8205
298874	62.3162
310348	61.9547
296753	61.1152
25061	61.057
299738	60.7995
29173	60.6079
308837	60.1681
54231	59.7334
363286	58.7739
60447	58.27155
60447	58.27155
24948	58.2357822025
307070	58.2241
314814	57.9632
291874	56.9514
293142	56.3764
302669	56.1670555451
50599	56.1486
297332	54.9152
25686	54.6859
25477	54.6564635059
311866	54.4416692804552
306571	54.0535
84396	52.3228
314772	51.7677
291908	50.655
404781	50.0
293570	50.0
171379	50.0
29201	50.0
