170842	97.2553562696
291553	94.94243
361391	93.856187053
500616	93.1468279912
29704	91.40609
294456	89.8421
306657	89.4821
314228	89.4305468498
297968	87.9357
288108	86.6079549490712
83765	85.487702068
25372	84.5143
297176	84.2356
29511	83.8626
303790	83.8071
293455	83.3432
140922	82.0426
25673	81.8614
361070	81.446
24763	80.8305
289311	80.5384
303016	79.8536618055
25757	78.8453
24790	78.8402
553106	78.2046595136
24686	77.9921
171501	77.5499
303336	77.4461
303336	77.4461
361442	77.4165
298917	76.9152
595134	76.855
100145871	76.4903
295703	75.587465835
288321	75.1764
116543	74.633784486
304410	74.6195
294088	74.5152
80897	74.4448017439
25743	72.0437424793
295619	71.392252084
287275	71.2869
362900	71.0012998729
315597	70.1908
307070	69.8962
171010	69.1782182515
304833	68.8110915304
64824	68.6174
50645	68.2349
292098	67.0313
192152	66.7077143448
361866	66.1371
311591	65.9152
363519	65.6826917398
302369	65.6238
365901	65.4508
84356	64.9639
362409	64.7439
85428	64.1502636694095
314964	63.5503
365299	63.2867
85385	63.18
85385	63.18
361627	62.6299
84388	62.4278
25620	62.1856057384
25620	62.1856057384
25620	62.1856057384
25620	62.1856057384
305156	62.115
360804	61.8998
288353	61.4615
192154	61.4445
313729	61.1554
362572	60.9378
304962	60.4689
252902	59.0919
288108	59.0746
501854	59.0466
308021	58.9081
297783	58.8015
25489	58.5819225304138
53372	58.0507
117087	57.8874
191572	57.8659
56826	57.8133
24948	57.6959
83727	57.5096
399684	57.3225
286928	57.0489
296167	56.9212
305479	56.918974615
293992	56.8592
305035	56.7609
29758	56.3229129964
25561	55.8782
309888	55.7742454228
116546	55.7584
317470	54.2603
309255	54.2077
360946	54.2031
25696	54.1479
291314	53.92378707
361959	53.3686
113938	52.4459118898
246324	51.7854
683077	51.7091
313304	51.429
286939	51.403433173
303132	51.3866885946
287615	51.2776
311854	51.0357055253
29344	50.9866
362107	50.8887
246279	50.65
246279	50.65
306764	50.6225
303763	50.5067
292935	50.341924447
291105	50.0
500790	50.0
