304763	93.2767416826
289584	93.26948
362713	92.83389
314401	92.43618
64194	92.2198
81708	91.8757
54705	91.5638354256
54705	91.5638354256
29631	90.63941
246263	90.45199
364388	87.6503
192357	87.1268
24166	85.178
140943	85.0696
287479	82.4177718302
312192	82.3670386042208
293736	81.6795
116590	81.3111
85248	80.5356
25449	78.9026
292999	77.2114
155812	76.9121
315949	76.6016
679712	76.381
408217	75.7076
25139	75.3795
60449	74.8878193712918
361439	74.5183
83523	73.945
307801	73.597
363521	73.26695
140720	73.2556
312199	72.8277
299618	72.331160627
114087	72.1851
29148	72.1149
25549	71.9198
365407	71.5033248841
294287	71.4951
307745	71.372
286896	70.0768
290875	69.9726
288937	69.9569
310769	69.9385
287828	69.657784846
114598	69.6347
310461	69.3981
25565	68.7698875832
58924	68.5357256904
29360	68.3034
29360	68.3034
81613	67.8635
81613	67.8635
300679	67.8521
24790	65.8553679643
308322	65.3616859136
300891	65.2817
311621	64.9762
308473	64.8837
81613	64.1678
362485	64.0992
24957	64.0522
303902	63.9875731641
25398	63.8844
81613	63.7716
78963	62.9682
266803	62.6648
308266	62.6377
690911	62.2594
24477	62.1182
362587	62.1112627472451
361765	61.9723
79117	61.7102
64563	60.7701
64368	60.553
296280	59.4974399300239
304063	59.1895
360629	58.9726
361700	58.8681
296883	58.7508094666
246774	58.4357
246774	58.4357
25450	58.2802
192264	58.2294
308417	57.8016
314330	57.7267052162249
361069	57.6631652048
85262	57.6091
24851	57.5835
24851	57.5835
24851	57.5835
361796	57.5131
83477	57.4554
299276	56.7379
297372	56.2138
89841	55.3138
59265	55.1193931122
84350	55.0856
297804	54.881456032
24413	54.8755
361207	54.7822
170911	54.7814426984
29566	54.1654
294708	54.0604
302935	53.9854
63847	53.6173
300266	53.0545
100362678	52.8408
366452	52.8172
307724	52.8040654457
84430	52.622
24558	52.4359
308821	52.2549
360834	52.1518
81661	52.0801
308959	52.0559
299138	52.0257
301085	51.9745419938
295678	51.9376
311326	51.6934
25634	51.1086
367264	50.7835
116740	50.6965
100911068	50.5459
117514	50.2685836309
83513	50.0432295312
294012	50.0116994224
83689	50.0
294375	50.0
83627	50.0
29279	50.0
