311968	99.9932628785166
114514	99.8813509849348
29645	98.4970065061444
24708	97.7803296748
289582	96.921
65179	96.81907
311236	96.3442023436
114024	96.18127
686999	95.85674
81809	95.5817608828
29715	95.5700427580973
29715	95.5700427580973
29715	95.5700427580973
29715	95.5700427580973
29715	95.5700427580973
29715	95.5700427580973
29715	95.5700427580973
29715	95.5700427580973
29715	95.5700427580973
294696	95.54313
368070	95.46444
306819	95.4104469452
304850	95.369351023
24772	94.6316150229493
291464	94.63105
498749	94.42230264825
25459	94.3585093267
304488	94.2857733984549
290722	94.26591
302363	94.18325
301235	94.0047324352
313409	93.96727
296500	93.76674690838
24772	93.401119173055
311182	93.0817224947036
64206	92.87225
317346	92.8479119774
246174	92.52052
100362347	92.3453222032237
85267	92.02307
307296	91.77789
499157	91.6900221667
171355	91.6190227038
85239	91.54383
84550	91.537711492
362078	91.22025
64394	91.1764940151053
306873	90.8733760037058
302368	90.81747
299104	90.62832
58819	90.5817
305851	90.4175455649
25243	90.2649717607
252900	90.21125
309357	90.0492
295928	89.9688808676
306768	89.7672
64574	89.7367
299944	89.7149
29693	89.5631307527265
312927	89.5591872202999
312828	89.5336727681018
363165	89.5300319515118
313742	89.4880601007669
494445	89.4386671615
500562	89.4339387535
282825	89.3681992203
304794	89.2346
315958	89.1512527171
296762	88.8995458534
297458	88.8868
361866	88.5879685905
315438	88.4933
363005	88.3818
362665	88.1839015295
500244	88.1778355309409
288651	88.137748196
362733	87.9726277116433
362733	87.9726277116433
81813	87.739787622284
360854	87.6323147514
308434	87.591
360702	87.3894
303991	87.0997751262
316164	87.0862
116500	86.6750789773871
81640	86.3264131933
100362554	86.2757531351
64015	86.1366
25281	85.6782075297511
497948	85.5194
364224	85.4783
94338	85.42815
29183	85.4082
680102	85.1359
360993	84.857144493
83502	84.7758
306630	84.7625699048849
311860	84.7329
29181	84.5603
288065	84.5545
313242	84.3033740676704
192129	84.2568
24667	84.173034538
287537	84.1479
311876	84.1241
25390	84.111016805
360602	83.9502
309105	83.8305803650059
29366	83.5568
312947	83.3319
24225	83.2145286889137
362316	83.1629
309532	82.9252115691
64520	82.7806
25403	82.7692
25403	82.7692
25403	82.7692
246262	82.6884870490805
362418	82.6359
363016	82.4682
305171	82.41115
276720	82.189
306110	82.1550210256
361749	82.1163326524
316643	82.0363
287656	81.9388391447484
289623	81.9237980821281
54319	81.739
207122	81.7184227138495
29190	81.6673
289175	81.6062687032421
64013	81.3100054220478
303076	81.2145
25643	81.16827121
300129	81.0264
24398	80.924499802
366697	80.8861121664
309548	80.8102
311730	80.7182346341218
289561	80.6647
313743	80.64339355
116543	80.5406
365865	80.5043520481
81812	80.4029
305203	80.094524261
298748	80.0305
302913	80.017730164
288783	79.8024384861
29644	79.7726
680445	79.7382471662
85238	79.6397
25524	79.5591
25524	79.5591
25524	79.5591
25524	79.5591
290744	79.5105
309144	79.3805751493
361771	79.3652
307075	79.3510372300244
294698	79.155
679869	79.0474083313818
304091	78.997
85246	78.8863448410108
81708	78.7538
29592	78.7067865383583
689917	78.6651
363076	78.612
317219	78.6065927000866
288479	78.5074
362279	78.389340968
361044	78.3584
24225	78.3015012825167
24225	78.3015012825167
24225	78.3015012825167
24225	78.3015012825167
24225	78.3015012825167
24225	78.3015012825167
24225	78.3015012825167
24225	78.3015012825167
24225	78.3015012825167
310506	78.2605248785666
293129	78.0761
83633	78.0234237356
317297	77.9612
361831	77.7642
684097	77.7139
24605	77.7108
303274	77.6936
308361	77.6760543571493
171360	77.6755052473421
307740	77.61065
365652	77.5106010056
499362	77.3436921376
292129	77.3087
25272	77.2883
312251	77.255322823
291921	77.208
309533	77.1063
29146	77.0158
307806	77.0021
25272	76.8734
25272	76.8734
302993	76.5709
94197	76.4018
312675	76.349910538675
25721	76.0900444678
291314	76.0578929904
287709	75.965184232
287477	75.8917
314423	75.8787053672722
314423	75.8787053672722
79049	75.8546
54237	75.8511
291733	75.677
116506	75.4893332463
116506	75.4893332463
293663	75.3789847448
406165	75.3320053861
360555	75.3296847952
360950	75.1506
79244	75.102826892
309858	75.046121513
498910	74.8246
683077	74.8232
24667	74.8167023428
25014	74.7685
306439	74.7464018067459
500545	74.7120676745
300235	74.5065
308173	74.287773952
303292	74.261630052
310392	74.240055168107
314655	74.2173
501550	74.134996171
25737	74.0571
313053	74.0533
500132	73.9408267108
81506	73.936670092
303132	73.9115645139052
29480	73.6432
500037	73.6272481359743
114705	72.7215
293561	72.7208992572554
298024	72.6971166177437
298024	72.6971166177437
305861	72.6208438712342
81743	72.5514
81743	72.5514
291848	72.4639
81743	72.4077
252931	72.3624
245920	72.1194
307449	71.9085
304124	71.902343098
304157	71.8673406976
296935	71.8384
114764	71.7228
362485	71.5752
686611	71.520781144
686611	71.520781144
29184	71.3088
102549710	71.2569
24437	71.185
360990	71.1486989023
64845	71.0416
315439	70.9447255800382
498492	70.8579990792
361970	70.7952821938037
316021	70.7351103028264
59106	70.695
360868	70.6847328750466
304203	70.6382
306672	70.6280903950958
29144	70.4176686965
292206	70.36545
289584	70.2812378069574
307766	70.0191
303754	69.9077
315949	69.8759
116596	69.8501
288174	69.5132
171152	69.2349
64475	69.1367
363676	69.1252
687208	69.0994212365
307820	68.9726248165
25496	68.9308878116
299027	68.9245993514
305828	68.7438
293491	68.6476
58840	68.6367
316221	68.5826
25069	68.4723183538
363425	68.4282
29591	68.3937393941051
296380	68.3116
292483	68.2457129144
298884	68.183
303396	67.8929582603939
306764	67.8752
29521	67.8706369749914
498840	67.8495
313231	67.7829
24239	67.7787
310250	67.7626
81783	67.7575
305956	67.6567557509604
312915	67.337579304
362291	67.2940272005
290280	67.283566841214
84050	67.1202
305031	67.0377573712
25498	66.9717
360668	66.9184
360792	66.8223
288471	66.6178
63866	66.5592138847
81649	66.5528216047
140581	66.5304507076
60331	66.4273
81750	66.3225
309888	66.2383
685465	66.1321452033496
314897	66.0621473515
25389	65.8596036105
24337	65.8218
295635	65.7743
291597	65.7092
365380	65.6245766801
314894	65.5663
25248	65.5485724015
25162	65.5137
24564	65.4988
361037	65.4879
303206	65.4317085319413
310463	65.2747
306129	65.2439572124
83515	65.085
58954	65.0692
304176	65.0302
304063	64.8575
257644	64.8471917038862
56725	64.7713210644
500690	64.7185
296281	64.6508
24564	64.6007
360565	64.5155
25686	64.4686095377
64124	64.4545
314399	64.2049055968
25049	64.1245
316102	64.0708
295934	64.0097
24948	63.8791354012
304294	63.7165
689890	63.69655
84409	63.6712220053
24611	63.4497390052
300797	63.4140984376
305999	63.3914
304582	63.3818
54299	63.2618
192126	63.1246861111
364976	62.8477
64363	62.8298
54248	62.7971756083
310306	62.7901
683626	62.7659
25514	62.6166
84574	62.5818
315870	62.5698001891
290467	62.5679
171447	62.3903
288545	62.2312
63865	62.13670024
170911	61.993622965
100360066	61.933011599163
116548	61.8597254602642
295325	61.8410537213205
315352	61.7575566415591
691149	61.6802329056
117284	61.6206
171387	61.4476046224
311098	61.3746577995
291670	61.2838
192274	61.2042669928
311598	61.14
25700	61.1225
25558	61.0975500675
290669	61.0773
360917	60.9659
24245	60.8642
24245	60.8642
24245	60.8642
25705	60.7029323776
83626	60.5985421609486
363912	60.5484
313427	60.4797025512
29448	60.402120636426
81507	60.2348666699
293645	60.1521
681352	60.1377
299138	60.0516
313433	60.0114672035
310969	59.9948
171050	59.9654
306352	59.9473
259237	59.9356
65178	59.898
305471	59.8498
83576	59.8301
245979	59.7634
81673	59.6896
293671	59.666
29271	59.6644
296472	59.4965
309164	59.4529
24962	59.4482
498411	59.4092233291298
301076	59.4027505032326
287532	59.3179
678769	59.3051
308069	59.2996568939
313304	59.2202925835
291388	59.1799642084
305544	59.1777969964
307833	59.1632
315648	59.159
361732	59.1369
314273	59.0341511294831
246776	59.0182481376
303277	58.8536
362049	58.7927
298836	58.7854
499882	58.7121
50558	58.6041
298510	58.3089000652
366854	58.299941839
305471	58.2944
366624	58.181223099
306487	58.092613851
292126	58.0624
294679	57.9786
293551	57.9416
290939	57.9307
315617	57.8481829228
311718	57.8470642975
295586	57.8146
308820	57.6827
29719	57.588
362093	57.53060563
291327	57.3544
315689	57.2896136996
24831	57.2482443996294
24831	57.2482443996294
25616	57.1976
308021	57.1446690683
25125	57.0312
171293	56.9401620964
116665	56.9227
112400	56.8983915203
112400	56.8983915203
112400	56.8983915203
112400	56.8983915203
691337	56.8341093608
59303	56.8148694808531
282712	56.811
361295	56.7791
80849	56.5718
287110	56.5602
54297	56.4691
171103	56.4655
117596	56.256592693
689704	56.2562
303824	56.2289
303824	56.2289
690244	56.0152087408
294962	55.9236
291624	55.8705
80850	55.830863588
80850	55.830863588
54251	55.6477919447593
298954	55.4421752652
313270	55.3977
619385	55.3623
619385	55.3623
25556	55.352167561
24686	55.3285048656069
361167	55.3205
298385	55.2929
288482	55.2889
24854	55.276
114518	55.2568822378
685144	55.2418
64457	55.2287701944411
64457	55.2287701944411
64457	55.2287701944411
64457	55.2287701944411
64457	55.2287701944411
64457	55.2287701944411
63868	54.9869
50622	54.9118
192189	54.7707
363084	54.7511
363854	54.732822841
365755	54.6887446511775
500308	54.6844
554172	54.6668
293677	54.5066
293677	54.5066
293677	54.5066
252917	54.4535
252917	54.4535
296302	54.4314
311617	54.3097879512919
497815	54.1412
29627	54.1237548244
29627	54.1237548244
117268	54.0628
29358	54.0596
311530	53.8872
361221	53.8667
362557	53.8381
306492	53.7803
25359	53.7202560322
64553	53.6793
113976	53.643
83466	53.5909447334
29662	53.5626707505
288010	53.505
116725	53.4809
304881	53.4134
25615	53.3993
311984	53.3548401425373
311355	53.3483
364712	53.2943462051021
309207	53.188
300189	53.0725
311450	52.8571
317576	52.6901
192270	52.5439
81526	52.4445
687694	52.3174
313308	52.3071
310638	52.2534
287716	52.2522
314164	52.2305
117275	52.201
287115	52.1553
24660	52.1355
305827	52.1144
292139	52.0322
315915	51.9863
64152	51.9205
313067	51.7583
25532	51.7033
314859	51.682992234
364137	51.5712
314850	51.5233217995
310791	51.4787
298426	51.422737718
292139	51.4067
362173	51.3918
292724	51.3475
24673	51.323
24401	51.2788
313834	51.2769028168733
81648	51.1956
307540	51.1194349141983
288181	50.8332
295322	50.8158108602
298894	50.8158
29484	50.7902
307721	50.5989
116721	50.5917
360511	50.571054388
64469	50.569669623201
313348	50.505318849
304721	50.4025896445
315496	50.2501454708
361807	50.0
112400	50.0
112400	50.0
361159	50.0
502872	50.0
112400	50.0
641452	50.0
498089	50.0
361178	50.0
246239	50.0
112400	50.0
112400	50.0
112400	50.0
685232	50.0
112400	50.0
314386	50.0
287280	50.0
112400	50.0
