312030	88.0254
314436	85.0615135382
369016	83.192
679975	82.2514
308869	81.4222
25371	79.5886
361736	77.0609144368
316273	74.9191624975
307124	74.2200607668
79434	73.3292
365895	72.6280979755
307343	72.3293769156083
298426	71.706264541
300756	71.6146
316136	70.5801
313304	70.4068
288731	69.2555
291610	68.1660594844824
24548	67.7563
305438	66.573901255
29181	65.2505
362766	63.9445
363285	63.8929
289315	63.375
64547	62.1259282702
300222	62.0761
308509	61.8932311786
311130	61.0588
363225	60.361
64631	58.8914
245918	58.0706415345
85246	56.478752047629
25645	56.2464455239
29614	55.5409
293754	55.4632
171099	55.4231
54193	54.9862
500244	54.7481216755
116590	54.4430714355
25547	54.358
257644	53.694
313554	53.4644
361810	53.0736957515344
64442	52.932
24790	52.4893
60395	52.0145
287796	51.589
367252	51.30764655
367252	51.30764655
29463	51.1491
246324	51.0474
290623	50.9936
313242	50.7554241808
363243	50.393628294
