312915	98.2687820535
293098	97.854027964
25433	97.38144
314205	96.8847970422682
29173	96.70445
25619	95.73695
294395	95.05093
29627	94.8631860697
29627	94.8631860697
29560	94.7867529411
170933	94.22192
314543	93.96025
499964	92.16822
84407	91.9803034963
64369	91.7506697902
312192	91.4730156960255
78956	91.2700359991
155812	91.18357
296467	90.82282
305910	90.70406
309004	90.57602
64521	90.24694
315265	89.8957
24882	89.554533256
84484	89.2409
171120	89.2317
25696	89.2279
81504	89.0585728129
116600	88.9988
25615	88.9457561168
25316	88.3313
307604	87.8121
361705	87.1141
314246	86.7895
303351	86.4606
300359	86.3375288
29705	85.906413469501
305177	85.4840483236
192350	85.4454
316312	85.3894
29456	85.3872526119433
50572	85.2766
312303	85.0442
80897	84.9662
295228	84.382
361419	84.305
291760	84.1439640232
298066	84.0956
113893	83.5289
360797	83.3074962126
303456	82.9466
680445	82.709831874
65207	82.5926
497985	82.5358
304809	82.2457732072
24785	82.2306
65196	81.91271992
29240	81.8614
305171	81.5339
306672	81.236
25425	81.0249
292127	80.0845
309888	79.8222
314788	79.3112769776
24766	79.0863838464
81808	78.933862201
500137	78.7905
364834	78.1675
50554	78.1186
309478	77.8567
307343	77.5752917860347
315824	77.1265
314619	77.05
24942	76.7625
246152	76.5733
58853	76.3
310392	76.1804881448879
113959	75.4211
114482	75.3899
366261	75.1068
362521	75.0731
300173	74.9753077222
24379	74.8141754592
287554	74.6726
89814	74.3359
300944	74.1587
313098	73.3236
117255	73.1152
25690	73.1094
25690	73.1094
140635	72.9258
308709	72.9001
25690	72.8715
304244	72.6361
287615	72.294
25248	72.0287525605
25288	71.8723
81682	71.5855858264
306013	71.4540915712
81748	71.1583
303614	70.621
83572	69.9759
364052	69.7241
140589	69.5575
296049	69.4895
308283	69.2499
29443	68.6819
313929	68.1902
500874	68.0639
79224	67.677
317575	67.1177
497942	67.00519042
306081	66.9658515296
171547	66.4981947214
289264	66.4830430473
58961	66.3595361592
58961	66.3595361592
116635	66.272
29480	66.2409
303602	66.1228
312754	66.0559
314212	65.6101671787
305420	65.2904
246235	65.2273833824259
25686	65.1952
301337	64.9643047234
312710	64.8229
304290	64.7041
360546	64.6871
365299	64.6555
79209	64.5329
81815	64.3214
295647	64.0654
361921	63.6034
246174	63.528727591
29180	63.3551
310506	63.1662143513301
309533	62.6767
24689	62.4963866215
306582	62.4456
306439	61.892
500036	61.7241
29743	61.715405701
308061	61.712
310352	61.495
292067	61.421
310348	61.2073026498524
24356	60.6730303752
287110	60.6045917797
679906	60.6
24316	60.4887
24552	60.4696304018
306695	60.249579628
493810	60.2239
310090	59.7796
690163	59.5300110488652
366265	59.0890326160455
309828	59.026
309144	58.5728
307585	58.564
309986	58.4391
308939	58.3495327108
85262	58.2557
81655	58.1459
360775	58.122996421
65193	58.0558740952
311359	57.9618
85245	57.4367
85245	57.4367
315259	57.2805659152
361831	57.2146724179
24902	57.1827
24912	56.8825
289606	56.7967
308523	56.7179
294429	56.5697
53982	56.3588303606323
29717	55.9059
29717	55.9059
306278	55.3885
114247	55.0802580928
83569	54.9466
303394	54.477
311575	54.3203
25601	54.0847
25601	54.0847
25601	54.0847
25601	54.0847
25601	54.0847
25601	54.0847
25601	54.0847
25601	54.0847
84026	53.7285
681578	53.6793
85254	53.5029666757
360511	53.2144909859931
314004	53.1710153892
317312	53.138
25162	52.9724
313749	52.86
117264	52.8261
311311	52.7934
171092	52.7706182633934
315926	52.7423
29538	52.7186
25743	52.6997885955847
65154	52.4629
170704	52.233537958
291047	52.2202758679
363103	52.2078
362021	51.9795
286953	51.5179698124
295382	51.4966
84600	51.4276
114087	51.1491
365895	51.0153
309995	50.7468
304124	50.6325
500562	50.0112337570628
311721	50.0
