64624	95.91175
295382	93.4187935328084
64631	93.33725
360616	92.00677
306451	91.522049114
366169	89.0282
65196	88.918
362246	88.0458
266732	87.8466
293050	87.6313
361030	85.5686824921
499669	85.1771
192277	84.3361
363278	83.623
79220	82.484
58942	82.204922119
63886	81.8836
29173	80.7547
83839	80.5608
313587	80.2597
361596	80.2448
297554	79.7136
84550	79.4692720265939
289026	78.9136
360853	78.6902
117103	78.6831
361390	77.7044
306960	76.1848
361668	75.1797
310909	75.0553480236
306886	74.9655
304947	74.4374
287876	74.2544
289584	73.9684
63845	72.5607
24952	72.4818
312030	72.0019
308959	71.5215
170551	71.2229
24875	71.1441568686
304798	70.5065
363062	70.1752
316021	69.8679995806987
29456	69.752
683570	69.7519
315496	69.557
25466	69.3044
303004	69.293
300682	68.1731
360739	67.9678
498089	67.9187
25743	67.2979582734918
303403	66.8973
140945	66.633731077
140945	66.633731077
29544	65.4966
311832	65.3598
305256	65.0419
315760	65.0205439327642
311872	64.0291238916272
313169	63.9724
24782	63.5427
84010	63.1489
314771	62.9136
25523	62.8246
29546	62.5472
287532	62.474414254
171442	62.2637
362599	62.1327
685244	61.9915690837
310698	61.7653
25569	61.7638
24849	61.7512
309157	61.5173970752
297504	60.7596
65197	60.7094490984
81922	60.6159
25334	60.5576
25471	60.304
307296	59.9815
288772	59.9768
310698	59.9589
83529	59.173
66013	59.1298012306
493810	58.8647
360468	58.7178069469989
300653	58.5794
362393	58.3395
291129	58.2149067127
309156	58.0943605505
309900	57.9667
302369	57.7306169731
306459	57.3037
306274	56.6263288604
360581	55.8192
363013	55.6873238206
117100	55.6345
360896	55.407
311331	55.3775
64394	55.2992936634308
685244	54.9977
266600	54.9614694299662
300857	54.9423
293694	54.4760857558
299620	53.8815
312640	53.8003
311742	53.6203
500430	53.4105
300191	53.0205
499749	52.7571
301121	52.6618
498174	52.4173
60447	52.2442547104
60447	52.2442547104
501854	52.2245
171519	52.204
171335	52.1049
64511	52.052
298848	51.9054
679937	51.8806
316088	51.8366533714
500000	51.6907
29219	51.4076
296301	51.115
315346	50.0
619393	50.0
170635	50.0
690315	50.0
