25624	99.9558220707003
664630	99.9209930615091
315824	99.2280987614956
24654	98.3984684523509
361632	98.0470493156181
498486	97.634139046416
498486	97.634139046416
24766	96.7944213218701
259237	96.7337776714948
81638	96.7065605313571
308663	96.6451120203752
29618	96.5529918601
29715	96.3843523794485
300455	95.9096079934586
304920	95.795185348
282587	95.6395967046
171501	95.22274
83731	94.98355452568
29705	94.68403484992
25479	94.2671
290946	94.11561
305256	94.0995112312
311726	93.886063601551
315711	93.82531
301489	93.6402801490695
364738	93.57656
24660	93.5632917781
261736	93.32035
314157	93.3014742482
64300	93.27164
298282	93.25176
94196	93.21826132378
302492	93.07191
29500	92.8295116040567
313825	92.7998688112
289606	92.6826295396
313978	92.63467
29232	92.449761606
307296	92.4050741296
84598	92.13172
296050	91.83585
24241	91.71322
24241	91.71322
286973	91.5884626665
301323	91.50324
360764	91.4961232136833
311909	91.3981
691209	91.3030459125
305935	91.2373007064
64678	91.209750852
313128	90.807098567
29715	90.6451756520203
29715	90.6451756520203
29715	90.6451756520203
29715	90.6451756520203
29715	90.6451756520203
29715	90.6451756520203
29715	90.6451756520203
29715	90.6451756520203
303016	90.5375859697279
29596	90.52223
303336	90.41075
303336	90.41075
29662	90.3870236564
192270	90.3462410476
25022	90.0436009681014
25022	90.0436009681014
25022	90.0436009681014
25022	90.0436009681014
25022	90.0436009681014
25022	90.0436009681014
301079	90.017148
298874	89.9439197131
365652	89.6599437065
298757	89.296712596
266760	89.1784323814923
308939	89.0754947648
308021	89.0347896782451
314721	88.9929111758904
307487	88.7571
170911	88.7361
25404	88.631151376
25404	88.631151376
303206	88.5917740316729
294862	88.3087242727236
288151	88.2964896562
307271	88.1191
317235	88.0805837237
314824	87.8825544730505
295401	87.8746296925
304074	87.7869
65052	87.78186648
366872	87.778
680172	87.7298
25357	87.681
303602	87.6122126085
114122	87.5470008054
114122	87.5470008054
114122	87.5470008054
114122	87.5470008054
83576	87.4639
309957	87.402
289990	87.3995
54355	87.2197264745182
299811	87.1490715129
313304	87.0934
294299	86.9417
65168	86.7621355636
305549	86.5002
64460	86.3634
50554	86.3508400712
366962	86.3311
362547	86.2114802601
309243	86.0523477958
245925	85.9037
311193	85.7762
362900	85.742
89843	85.718
257648	85.6617844185182
315033	85.6308
100529260	85.4525
117544	85.3374579669807
266631	85.309163736
366894	85.1062303818418
29218	85.0374719104
362738	84.9408
501560	84.8653
308173	84.7657
29150	84.7474
171108	84.5066
302671	84.4574
298184	84.3758396162359
362251	84.3757719506
25262	84.2087773736
25262	84.2087773736
25262	84.2087773736
680737	84.1556
25493	84.0135
314949	83.9757179976
246150	83.7785
310461	83.4696469044657
306941	83.459749241
288683	83.3998
282835	83.2155
246060	83.0305
246060	83.0305
246060	83.0305
25757	82.9612276208
303298	82.95892855
308864	82.6260100813
171160	82.5934
117515	82.1995
498709	82.1527
302470	82.1210630904642
311952	81.9945
311952	81.9945
305367	81.8315274589
308690	81.7453817704
316482	80.8465646557258
291078	80.6988
298309	80.6322
116498	80.2736
25448	80.1594036475
299027	80.1072
361580	79.9207418817231
289810	79.9045800155
65132	79.8647
312927	79.8437
303188	79.6561423075
140914	79.6136202164039
207122	79.4537307292
171407	79.4436
361879	79.4156
117140	79.3416
295105	79.2656
81783	79.0793
315210	79.0642
29163	78.9051
24399	78.2548
289400	78.18330087
60417	78.123748212466
25687	78.0699
299872	78.0664
363469	78.0475
56819	77.93
313609	77.8511239573
365963	77.8485
64677	77.833956632
312440	77.8261
685258	77.8175246395
309798	77.789021798
50663	77.6484
313717	77.6317
302934	77.3036
29335	77.2006
29335	77.1247
83633	76.8123
302396	76.7055
299714	76.519268838
293829	76.4445
501145	76.358229776
84586	76.3281
29546	76.2801408505501
307206	76.1984
368042	76.1115201116594
362923	76.08090979
293645	75.9864
313409	75.9596
309532	75.865
362037	75.7762
316033	75.4632253045242
307579	75.2901
360874	75.1987
308134	75.1165
291964	75.0786
290303	74.9942
364594	74.8366
302369	74.7757216321486
26954	74.716
24166	74.4834
362479	74.3293
84597	74.1231
294963	74.1116
81655	73.9358748364
361849	73.8785
499593	73.7584
688394	73.6786
59317	73.6710679888
114520	73.5741
288482	73.4494
84360	73.4348
25012	73.3726
25012	73.3726
25012	73.3726
365842	73.3262
498999	73.306079219
79428	72.9873172834
83720	72.9339
306141	72.755
307494	72.5865
25537	72.4290835916499
362463	72.3247945687
24882	72.1729
298890	72.104
293455	71.7573
361338	71.7561
290705	71.5907
64530	71.483394401
498492	71.452
171139	71.4024
171139	71.4024
171139	71.4024
304822	71.224
58942	71.1947
24225	71.0629
24225	71.0629
24225	71.0629
24225	71.0629
24225	71.0629
24225	71.0629
24225	71.0629
24225	71.0629
24225	71.0629
24225	71.0629
308267	71.0452482247
294981	70.9133
83841	70.799
310261	70.6089333038015
301674	70.5283
304157	70.295844182937
619560	70.0489
64394	69.8765664832
310086	69.6880283506
313840	69.6673
308282	69.5886
25177	69.5351
25177	69.5351
25177	69.5351
64366	69.4358
64366	69.4358
25177	69.3277
25177	69.3277
291736	69.244446673
305164	69.1396374502
115769	68.8539
363474	68.743
360600	68.6892
312828	68.6033
309441	68.402
84409	68.3668247326328
116459	68.1818
289392	68.1486
25361	68.039
289168	67.9584
171050	67.9201622683
304024	67.8131642575
314245	67.7198817912595
308523	67.7122113301
78961	67.6829092113
29642	67.2348
362741	67.2285697143049
287615	67.2242
291133	67.1356851293868
362303	67.1323
304709	67.117
29138	67.1040318862
687147	66.8725
687147	66.8725
293343	66.8434
83824	66.8374
80849	66.8223074449209
315438	66.5599
295629	66.3842
316810	66.307
306886	66.1754231268612
295338	66.126
65171	66.10555
24511	65.9927
25157	65.9867
259241	65.8910264992
117540	65.8198
302669	65.8058
100361417	65.6242
25336	65.5832
293960	65.4965
63995	65.3191
117255	65.2586
686999	65.0599
154985	64.7895
25202	64.6632
316348	64.5593
171087	64.5422
291309	64.5086
364754	64.2734
25685	64.1432
291585	64.1387
312132	64.0952
124461	64.0503
85254	64.0276916840945
296488	64.0014
29173	63.9144
309126	63.8132071519
282845	63.7802
155012	63.75286608
316415	63.6247
301285	63.6183294444
117553	63.5714
117541	63.5613
297597	63.4958
312710	63.4747
102554884	63.3572
364706	63.2498
27256	62.9416
94188	62.9401
312488	62.8569
25578	62.8479087067
361069	62.7609
24924	62.7539
64521	62.6383637434
63879	62.3607
25187	62.1954097318
294012	61.872
305544	61.8549
297995	61.7006
116658	61.6773
316013	61.4852
287212	61.409
84397	61.3586825752
81652	61.3169815572
58819	61.3077
304193	61.2533052381592
84471	61.0489
300813	60.994
29398	60.9039
310749	60.7306
500988	60.725
317256	60.5907687913011
191574	60.5145
116666	60.494
680319	60.4439
363502	60.4373
299691	60.2837
306404	60.2798787325297
170538	60.1718101164063
310288	60.1321068118
306945	60.1291
303004	59.9923
81673	59.7896
363118	59.7795245765
287656	59.7630903318129
369016	59.7478
286988	59.7384
362045	59.6335808839
307343	59.5777921863612
81507	59.5668835890293
303403	59.4371
291936	59.3306
312890	59.2897
50599	59.2634
364052	59.238
117259	59.0407
317396	58.9471914352
170913	58.9322466369646
317259	58.7088
360589	58.6400015406881
365603	58.5938
314743	58.49735
307382	58.4670837532
304125	58.4079
79223	58.2286671034524
29614	58.1642
361626	58.156548695
103693419	58.1049
252920	58.0941366873
171576	58.0359977362
316102	57.92
29424	57.843
685472	57.8402
301097	57.5861662272
295446	57.5066
301516	57.4968967552
311478	57.4780404628
299864	57.4699
89784	57.2224937112
54284	57.1562456116
54284	57.1169023738
100360880	57.095
171144	56.831456296
304150	56.792388991
81613	56.7787
81613	56.7787
83624	56.7036
681062	56.4633
24800	56.3421793136
29390	56.0809
308790	56.0313191768844
287475	55.638
296117	55.356
287899	55.3049
116467	55.291
293673	55.2806373484
302378	55.159820704
84410	54.6763
310512	54.5859
302424	54.4398
83612	54.1307
116720	54.0048
499653	53.8860609112417
293551	53.670332748
683630	53.5957
25570	53.5501144555281
24246	53.4171
116967	53.3905
311450	53.3895
311854	53.3627817901971
373545	53.1945
298504	53.1776277826
306400	53.157
25265	53.1521
295620	53.0019418379197
296084	52.8633
155812	52.8393
314930	52.8311
24851	52.7347
24851	52.7347
116741	52.6733716125
81613	52.5541
295384	52.5355
65162	52.2416
81613	52.2276
301555	52.1484
291130	52.0740384402722
261730	51.787342675
59076	51.7546
29717	51.7515
29717	51.7515
59317	51.73247269
500874	51.6951
29670	51.4958014274011
29344	51.2577299464
89804	51.1146414208
308126	51.0297
85250	51.0271
25411	50.8358
192361	50.7518
81654	50.7311
404781	50.664482146
311146	50.6153
305055	50.6038
290744	50.5865965777
83572	50.5595
301374	50.4524151468
310244	50.3905627732
25647	50.0344517926
316412	50.0
113976	50.0
83535	50.0
78967	50.0
84550	50.0
78967	50.0
361070	50.0
291327	50.0
29521	50.0
289264	50.0
291314	50.0
296380	50.0
688283	50.0
305248	50.0
83613	50.0
