303926	93.8680078686675
155918	88.6754730546627
64563	87.5057
316249	83.7489
500638	82.936298602406
681024	81.3971
362819	80.0845432532712
497978	79.6861
362697	79.5035
297504	77.964
315308	77.1590931413143
171485	77.0054554624489
366017	76.9341
81613	75.8217049711824
81613	75.8217049711824
301388	75.4424078983
288740	75.029
305454	69.0468215387
287388	68.2074
266777	66.5235005877
288038	63.5196458932248
295663	62.5003
309659	62.2392
294210	61.957
25740	61.612753494852
84030	61.3051498144
81613	60.0648029812331
81613	59.5844804175267
94268	59.3954
288512	56.9224
24225	56.3002
24225	56.3002
24225	56.3002
24225	56.3002
24225	56.3002
24225	56.3002
24225	56.3002
24225	56.3002
24225	56.3002
24225	56.3002
304103	56.2080806512974
54246	55.3641
114211	55.109
81002	54.1154
309888	53.6004691116837
24922	53.3987
308266	52.8559410597
363067	52.8433
24255	52.8259128376
298374	52.3754
170567	51.6352
687031	50.8580002792
58820	50.0
