140587	98.7314338758
79212	97.6655447732917
307271	96.2429
500037	95.128686786367
290447	94.87388
116590	94.6650144273833
308215	94.2743789361
313481	94.14925
293847	94.13265
298992	92.9990982712
171139	92.9924
171139	92.9924
171139	92.9924
25086	92.9848
64366	92.96974
58970	92.6062523992
60627	92.422
64471	92.19765
365355	92.15581170572
680066	92.01429
363243	91.5108452132
303274	90.52905
305391	90.22516
246311	89.8413
311658	89.8109
299188	89.586337386673
85489	89.4511
171142	89.3076346176
314964	89.1006459632714
314028	87.9394849652813
288622	87.8703
316233	87.6484
497961	87.4199
296913	87.406
303604	87.0161
297514	86.9369
64366	86.5367
81744	86.5066709188
361178	85.8855920044
300057	85.1538
299979	85.1059
314212	84.8770577632
312135	84.7562
298189	83.9183
312678	83.8937360836
64358	83.8629125150029
289095	83.2719
363989	83.2021
367314	83.0028214891
309243	82.9883
64846	82.816
288588	82.728
288647	82.6212
307745	82.5816
312828	82.5255643324386
368070	82.2653
140931	82.1978
306809	82.0272185229604
305203	81.9873880995
363445	81.9111
306998	81.7471
306998	81.7471
310820	81.5847
294515	81.5717
63845	81.2644
29669	80.7184
113975	80.1833
363445	79.9454
361944	79.9206
361944	79.9206
362510	79.8724
287034	79.8253
363062	79.5732
171387	79.4757
299138	79.223305642
260324	78.9788
312936	78.8728
362283	78.7523
64525	78.3638
64525	78.3638
64525	78.3638
64525	78.3638
60447	77.7617834315991
60447	77.7617834315991
304825	77.7498
297867	77.5556
192109	77.4686
293736	77.4224
553106	77.3470868496
314862	77.1221247308
81663	76.402
365744	75.9984
170843	75.6986
25393	75.6528
25433	75.3357
81574	75.3206
298914	75.3095
50549	75.2903
306809	74.7772
171365	74.745
292739	74.670825196
309804	74.2709118157381
116597	74.0866
311860	73.841668472
25248	73.5214194279625
314824	73.2885199698
315047	73.1716519557
89784	73.0032
58819	72.8590887766
300474	72.818953331
315891	72.658183994
25690	72.1487985076
25690	72.1487985076
307740	71.9928
362779	71.9184
314830	71.829
25690	71.75391865
116655	71.616
116655	71.616
299699	71.3854545292
292999	71.3721630094
363076	70.6393
298786	70.6193715556
60670	70.4208
117180	70.4191
500006	70.1223
312652	69.8885
361580	68.9745
308508	68.8638091856
312563	68.8533408674642
288562	68.8484
300235	68.6711
171458	68.2331895707
291534	68.1092
304284	67.6771
319113	67.6482
114122	67.1353810032845
114122	67.1353810032845
114122	67.1353810032845
114122	67.1353810032845
292486	67.0399
292100	67.01
314718	66.7611
24678	66.6977
24678	66.6977
24678	66.6977
170906	66.5665
58961	66.4466
58961	66.4466
83531	66.4433
64157	65.4551
29179	65.3752
294973	65.304672333
307540	65.0772
171159	65.0189
361859	64.9529
24883	64.58
84026	64.5358
310261	64.319208663
65129	64.273056214
595134	64.1763726924
83631	64.1443
25570	63.9364653335
309400	63.7556
313155	63.6902
316580	63.5099
296608	63.2765
361309	63.1152
100360302	62.7281
65205	62.1864
360726	62.1827
299811	62.181897568982
497770	62.1355
315958	61.9981
310097	61.9012347529
59327	61.5768
64508	61.5518
689954	61.4510661816
295678	61.2886
362316	61.1905997212
360969	61.0367
307579	60.9413
29546	60.6831027544
363783	60.5348
58940	60.4114
295333	60.3736949726767
308322	60.324352433
304885	59.72145
79435	59.394
296272	59.1423
361442	59.0769
311218	58.9882538871
113976	58.9852249426
311446	58.7953
85250	58.4080896556
93667	58.293
432358	58.28647536
83765	57.9344
100125373	57.667
313352	56.919185056
140945	56.9179
140945	56.9179
29440	56.8923
246297	56.8173
259229	56.7233
294012	56.706
117140	56.5066
314246	56.469
289278	56.4615
306655	56.436
498659	56.2286
292548	56.1584
305472	55.9172
362766	55.8735
292537	55.7423
313845	55.5763
282825	55.5381
289046	55.525472363
289046	55.525472363
360905	55.3076
29755	55.1873
314850	54.917775362618
365583	54.8586
363227	54.8512
307820	54.8467
288105	54.7851949746
362733	54.7704096054
362733	54.7704096054
313478	54.7649
292462	54.6666
291133	54.6621964699
301033	54.5951777060101
499924	54.4522
366624	54.1442
79124	54.0165
64535	53.9417
288305	53.9001
24323	53.7699
83581	53.7451
58857	53.5121
298851	53.3735
311311	53.2147
310552	53.1875
305310	53.0894
78968	53.0505
78968	53.0505
498492	52.873
304582	52.8086
84578	52.8024
24434	52.7304
29277	52.642
295382	52.6356
84587	52.4365
290647	52.1587
362900	52.137333076
303888	52.1215
311427	51.994852915
288233	51.933698295
170899	51.3683
364183	51.3477
29562	51.2693
310667	51.218
25739	51.1723
499330	50.9905
313834	50.865
29508	50.8331
299117	50.6158
300756	50.4397056435
303212	50.3473518451
305230	50.0
29157	50.0
360594	50.0
25587	50.0
302302	50.0
25105	50.0
498728	50.0
81830	50.0
