309420	96.9374568273
306091	96.4749049873456
373545	94.76264
114520	94.2259512744
361096	93.92042
83788	93.90232
83788	93.90232
83788	93.90232
25701	93.3236945068
312030	93.08506570855
289664	92.41846
114490	92.11413
54289	91.89347
25162	91.55951
689890	90.2353061046
81649	89.9041984996
294973	89.9029004813214
100362554	89.3064
25340	89.1782
309126	88.8253613939564
314587	88.3411
298894	88.1719
84685	87.9486
314751	87.7873
64530	87.4842825286
364033	86.78216036
29544	86.75
245959	86.1134
245959	86.1134
25549	85.7903
317494	85.3996
246174	85.2353034491
309243	84.7606923478
24390	84.5268
291955	83.0229
292816	82.753
362871	82.5317904772
56768	82.524379576
56042	82.0723
360733	81.7298978475
297123	81.6492
310811	81.5013
29163	80.6279
81809	80.3774
288353	80.0877
24356	80.0798225104
246235	80.0211
29411	80.0164
289883	80.0134
81503	79.4563181855
366205	79.3393
360886	79.1654
313348	78.1168
501121	77.9395
364867	77.9005
84408	77.8781
64531	77.5483195486222
288692	77.4109
295649	77.1684431572
291103	77.066
29721	77.0341
25528	76.9599
24255	76.941
311607	76.5826050913
436582	76.5467
304017	75.3559
171131	75.3527
304914	75.24
29657	75.2284
366957	75.039
367252	74.8130939669562
367252	74.8130939669562
294515	74.6049
500282	74.586789968
293721	74.5663
302705	74.1781
500562	73.7725328668
65274	73.7607
24482	73.615
24482	73.615
24482	73.4828
24482	73.4828
299811	73.3211689980381
24620	73.2721
362687	72.816
310803	72.7667254384
290850	72.6803238457
313061	72.375
308361	72.2858455034512
315883	71.7914
297514	71.3766
289693	71.2265
306197	70.8693
310358	70.6121
114024	70.5814
299027	70.2089468112
171373	69.9266
25537	69.7264
282819	69.3425
308000	69.117
309082	68.87
497878	68.489726854
117282	68.4166
288937	68.3459
311384	68.30168142
64020	68.1894
29748	68.0581
50599	67.6526
303016	67.263399461
64469	66.7638
303394	66.6562336484
245903	66.615045858
307070	66.5858
293054	66.36410535
361403	66.2432
306672	66.1762
302415	66.0827
29693	65.9215
308282	65.916233014
25404	65.7758109724
25404	65.7758109724
64832	65.6339
316023	65.5056
60443	65.1982
60443	65.1982
60443	65.1982
294043	65.1652
317444	64.96980034
25643	64.9193
314423	64.8698
314423	64.8698
257648	64.697542936
289881	64.543390372
306790	64.3194917087
310352	64.1457
499020	63.9888
499020	63.9888
64476	63.8659
500132	63.791
363481	63.728845544
85250	63.6834
310071	63.592
317297	63.4679
117268	63.2215
298690	63.0431129493
24787	62.2299763288
25654	62.1952026156
83518	62.1192
362264	62.0335
310533	61.9498
171102	61.7094840608
83629	61.5664
362713	61.3289
100361733	61.277358826
366219	61.2148
25033	61.0233658872
313994	60.9612562885
192646	60.6214779925
308820	60.5724
64634	60.5155
291320	60.3898
363735	60.2360583892
81659	60.1895
60447	60.1691
60447	60.1691
100360066	60.1240512057
292130	60.1147
60465	60.035
292199	59.8775734974
58819	59.8127327415
63888	59.7259
362782	59.7099
81748	59.6318
306809	59.470948866
65047	59.391
298859	59.3095
291609	59.2391
361244	59.0839
171120	58.9228
287768	58.7848
287768	58.7848
24772	58.5745
312728	58.5178
25639	58.4288083045
29528	58.3394
311059	58.2523
291314	58.110060781746
83721	57.9981
293939	57.9537
24660	57.688
360920	57.676543968
310392	57.6665190385859
84410	57.6640117353
287722	57.6032
302502	57.5311
114764	57.4726
84404	57.3642
56819	57.2935
293017	57.2796
314711	56.7195
315804	56.5922
85243	56.481842886
304692	56.4817
308061	56.4815
171396	56.2488
297894	56.1475
361321	55.9646845432312
296762	55.8355
498128	55.7239
308795	55.7049
297392	55.6947
24248	55.6461
24446	55.6342
29308	55.5608
498951	55.5058
305472	55.4729
171553	55.2155
360511	55.0045076478771
245921	54.8218
302396	54.722316034
315670	54.5908091392
24772	54.5484
290317	54.2317
305035	54.179
289521	53.8306
316333	53.7296739872
360967	53.4339567460854
315136	53.3824830735
25601	53.329
25601	53.329
25601	53.329
25601	53.329
25601	53.329
25601	53.329
25601	53.329
25601	53.329
307745	53.3168
311349	53.2204
360772	53.219
306809	52.8739153839
502749	52.8255799168
502886	52.7817
312915	52.6581
64635	52.6043
24765	52.5463
313421	52.4746
296787	52.3537
292148	51.8051
308864	51.7484
681996	51.5786
432358	51.531
291259	51.412
291259	51.412
291259	51.412
291259	51.412
317335	51.3910096092729
315000	51.3616
85483	51.342
85483	51.342
85483	51.342
304794	51.199330629
298792	50.7888
24626	50.7727302776
683927	50.6743924521
64547	50.5794846835
307180	50.5587
310638	50.0
362160	50.0
116504	50.0
171304	50.0
294734	50.0
116504	50.0
292534	50.0
