83619	99.898426618867
24706	98.98884582688
89804	98.9451765154221
288482	98.890137319504
679713	98.85609626434
297867	98.272825645494
362078	98.12596707376
298894	97.7401167199783
309957	97.70777173915
305332	97.49326
81574	97.089506488
25049	96.993464626958
294043	96.7933682810759
81801	96.6695419404
171050	96.4875900682
81783	96.4571
361295	96.3305582719384
360959	96.07551922
686611	95.88796322542
686611	95.88796322542
297783	95.87797
171093	95.8599807240795
171093	95.8599807240795
296583	95.76955
81710	95.60721
29157	95.44966
29443	95.03226762778
306129	94.9997084932
498560	94.98642
84409	94.8677577157919
361632	94.6795473822209
308508	94.5837
317343	94.49239
85430	94.45711
294088	94.37738
295027	94.30021
298765	94.110757524
26955	94.10298
83629	94.0341534224
291946	93.99742
259241	93.93723
286988	93.89391
54350	93.71359
311494	93.46420593366
171082	93.14547
24356	93.12022
362923	93.001177093
361831	92.8976127075
171379	92.87709
399684	92.83492
100233213	92.6010368833
25696	92.5108317568
64200	92.49461
64200	92.49461
64200	92.49461
64200	92.49461
361628	92.2352100700971
361071	91.95586
79220	91.9119
306030	91.82428
312440	91.7259797665
170909	91.69936
293645	91.6080080977
29748	91.59865
304833	91.5078206689
246325	91.50644
58840	91.4909621599
361237	91.40092
79216	91.26105
114119	91.20537
296762	91.085032094
287275	90.99378
25314	90.9845
297910	90.97828
296708	90.8018771682134
306571	90.5981913055161
114557	90.49678
50554	90.42659
25283	90.4210635155
24653	90.40227
246116	90.3718909587753
116482	90.35154
298184	90.2753320617108
64631	90.12924
308106	90.0671642269
497198	89.8538031952
50622	89.8340808448
362404	89.773
25650	89.7346958905
298933	89.5118
298933	89.5118
307740	89.4054
315259	89.0497
297504	89.0060170714405
289312	88.8238
314630	88.5703
314787	88.5295
498140	88.5027270842
313270	88.4516
171440	88.1634609552
83572	88.0532312878
117020	87.9464
84577	87.8846
294071	87.7585
288620	87.6533
25705	87.5278196431
360482	87.4431
308201	86.9395
117255	86.8081
64469	86.77011971
312113	86.7392
298317	86.73706192
309525	86.7183
303396	86.5169765764
288512	86.3867
288353	86.36
79032	86.06955069
311876	86.0559
64013	85.9233645348
291750	85.853
29647	85.8052089987
29645	85.4650263544
296884	85.4458
308523	85.31376646
25467	85.0754
292994	84.6579
299706	84.6059
303336	84.4661
360834	84.3448
60427	84.123
60427	84.123
304074	84.102
24695	84.0997
360737	83.99
688705	83.5952
305164	83.339567554
290555	83.3263
84492	82.9799
308937	82.8962
304092	82.8189
81652	82.7469
366205	82.6626982048
641452	82.5027
310341	82.296090878632
282587	82.036
84391	81.9101886208
300813	81.786060685
298517	81.605
140935	81.5959
309126	81.5233855290185
304218	81.3602
304218	81.3602
295347	81.3557
317673	80.8011
300221	80.6337
81754	80.5815
289584	80.5745282304
315891	80.5312096720169
296394	80.0891
312828	79.371600726
300733	78.9731
365755	78.9653631722
499929	78.9339
305586	78.9291
170843	78.6515007286
307169	78.6437
64312	78.6428
24215	78.1149
295382	78.1131411243
24948	78.075
499941	77.9619
308739	77.7857
311412	77.785
302470	77.6711
113976	77.6675458319
361601	77.5806
296501	77.5
310392	77.3094424712
361745	77.2934
315211	77.0648
299117	77.055
361920	76.907389303
312936	76.6012
292622	76.5838686658
24392	76.5454
361688	76.4804
497961	76.4586
299850	76.3408
282838	76.2565
361596	76.2549
114765	76.2323
306809	75.7318
24772	75.6403
310785	75.5561
289810	75.5287
29335	75.3955417762
29335	75.2326307461
302492	75.1550307264
29521	75.140453242
363062	74.9251
304286	74.913735632
116548	74.4972
170920	74.2809240058
29642	74.264575910313
64015	74.206
303016	74.1337
309399	73.9922
114845	73.7192
64558	73.5812020614485
306809	73.3379
24772	73.3088
310250	73.0427374944
310261	72.8527216393537
362700	72.6050551056
298681	72.5646
302864	72.5163278512
315758	72.4197203458
363425	72.1958
79426	72.1393
293976	72.0138
303024	71.4947
24640	71.4871663398531
24640	71.4871663398531
24640	71.4871663398531
305171	71.3201
313125	71.2605001096
311311	71.1407639505
315422	71.12
24413	70.9605581783538
29277	70.9134
299138	70.9035222928
304488	70.892
83839	70.8617
300173	70.767425856
65205	70.65072474
306451	70.6221
361554	70.473504625
303336	70.352
29463	70.2276
304944	70.1405
689388	70.0175664781
312299	69.7818
114123	69.7083
245903	69.647883181
64461	69.5981
58952	69.33185
59293	69.2905
289388	69.2471
295446	69.2294099655
297514	69.1760956108
314850	69.1330931452
317575	69.0498
24373	68.9176
291914	68.8525
54265	68.6509
29380	68.3779
84407	68.3657
103693239	68.270312626
304709	68.2586
314785	68.0740862275
84396	68.037769756
287249	67.8802
362291	67.861
289881	67.8405
24420	67.7013
500036	66.9839
316742	66.9258
685258	66.496
24511	66.4582
298091	66.4094
293056	66.3493
64547	66.24285
295448	66.2334
361659	66.1144049428
155430	66.0555
499204	65.9623
295690	65.886237064
81920	65.8292
59265	65.7364
100362347	65.6878
116506	65.6447
116506	65.6447
301489	65.6407
361638	65.5355
60443	65.5187
60443	65.5187
60443	65.5187
362048	65.4918
306281	65.2879
302495	65.0049
313969	64.9692
100125373	64.9101
307616	64.6669
116459	64.6556289050973
683512	64.5949
499870	64.591656414
314862	64.5119933939
313834	64.3368
619374	64.323152247
24477	64.3136
29161	64.2819
498331	64.136022444
302248	64.0627
246760	63.841252817
315447	63.8219
117104	63.8214
312135	63.7833282146
24654	63.2925
295143	63.2695
499417	63.1843791424
364137	63.0367
308361	63.0121660969626
360468	62.9013
299199	62.8604
192178	62.72409484
24379	62.55335
310399	62.4549986896
245959	62.3677
245959	62.3677
29138	62.3510195452
298552	62.2182
309376	62.1693244888
246282	62.1572302845644
293112	62.0865775690739
116641	62.0035
29316	61.9625
362485	61.9461
289608	61.8324
64020	61.831
64312	61.7954
500616	61.7053346857
100360100	61.5494
25430	61.3348
308669	61.2365
366061	61.2116
25430	61.0713
288518	61.0378226992
303823	60.9363
310746	60.9119
25751	60.7935
25291	60.6989
84471	60.5526
315804	60.5363383858
85249	60.1822151008
282581	60.0247
502525	59.977346315
307414	59.9594
291906	59.7912
367252	59.571834313
25571	59.5623537216
25427	59.5578
314465	59.546
302473	59.5267
307547	59.4640279417
300474	59.4504
286973	59.3848968714
293166	59.3235
25549	59.1863
361842	59.0778
307724	59.0080249648
289400	58.9416904244
29144	58.8376
373544	58.8126099874
312381	58.637
360243	58.6102
360511	58.5782974028
299699	58.5025
65248	58.4389
303306	58.3996
308971	58.3561
116477	58.2993833815
116477	58.2993833815
116477	58.2993833815
366889	58.284
25230	58.2331
25230	58.2331
304007	58.2002
363232	58.0551
304410	58.0066746422
304322	57.9659
316599	57.9657496468404
308796	57.8488482118
58953	57.6167
85426	57.5227
192110	57.5018
362731	57.0639
305310	57.0611663315
309804	57.0162
252920	56.9178
58821	56.7448553277794
207122	56.014
295319	56.0089170669
29331	55.818
298103	55.7773
302290	55.7714
312491	55.7044
25537	55.4496
291355	55.0151
310638	54.9721666264
291133	54.9335
57395	54.8206
292188	54.695
313838	54.6819
305956	54.6451785283162
56718	54.3732
64047	54.192238996429
309812	54.1753
298942	53.968
25501	53.950922002
81520	53.9504
310207	53.6917756518989
191574	53.4322
94338	53.3254
29592	53.256115729
687031	52.9526
679028	52.9373
309774	52.9254
171086	52.8789
364785	52.8614778088
113955	52.852
308718	52.7565
314399	52.7181251808
290705	52.6341
679890	52.6263
306873	52.5238715534607
83626	52.5005
309041	52.4175563335
298874	52.3204882999
59328	52.3103
315958	52.2472
365793	52.1269
309639	52.0636
25672	52.0138
680445	51.9398
312849	51.859
24849	51.7685
289997	51.6507
315306	51.552
29644	51.5425
302502	51.484
81758	51.4413
25635	51.422630768
313981	51.406
303068	51.3943
313067	51.3586
25592	51.2608512486
306695	51.2576
301555	51.1038
361430	50.8234
24883	50.7564618634
291671	50.5596
170895	50.5087
289168	50.1509799552
367252	50.0870118074
79208	50.0
302500	50.0
300963	50.0
293950	50.0
310553	50.0
293058	50.0
64195	50.0
299799	50.0
58954	50.0
308215	50.0
29516	50.0
84482	50.0
296706	50.0
