299909	99.5045018749
315655	96.3665735746
361811	96.27922
29715	95.6862388309637
29715	95.6862388309637
29715	95.6862388309637
29715	95.6862388309637
29715	95.6862388309637
29715	95.6862388309637
29715	95.6862388309637
29715	95.6862388309637
29715	95.6862388309637
498284	93.80152
297481	93.10903
83588	93.0833828
291015	93.000530332
689364	92.89589294364
310946	92.04033
361921	91.92556
310152	91.53911
307644	91.3590069085
84587	91.0559747798
81826	90.66963
60465	90.4134275866
289104	89.3517
303470	88.4355593688
114522	88.1686
361628	87.869
171574	87.8465
113956	87.8124
64551	87.6849
64551	87.6849
364786	87.4827698296
140942	87.0595
306809	87.0067125336
306809	86.5846066558415
114557	86.5516331241
289482	85.9274409184
291659	85.4553
499689	85.4451
298184	85.3023272365
289196	85.2954
64460	84.9697
64200	84.2028
64200	84.2028
64200	84.2028
64200	84.2028
84016	83.6751
288306	83.4241
116720	83.2367
290556	81.5789
287768	81.4386
287768	81.4386
290315	81.2118
294362	80.9286
312562	80.7955
361442	80.4012
24788	80.3429151955
282826	80.3156
292023	80.1192
100360518	80.08584037
171408	79.9143
311876	79.4186
287776	79.3088
65165	79.0511
54702	78.9738548360578
361606	78.9296888568
312563	78.2011
366889	78.0965
312965	77.868
366975	77.851115515
84379	77.6203
308061	76.796061235
140720	76.7821322084
314993	76.6881
363854	76.6205
60423	76.5366
310538	76.263
85267	76.2429
311146	76.026
25254	75.9728
24588	75.5669
101241893	75.0307
307547	74.9974
683927	74.7926175676
311419	74.2465
315352	74.0973
303292	74.0804220123
289312	73.9403
56227	73.4721
170914	73.2218
360637	73.2218
313409	73.0521069238
298012	72.8405
29659	72.7621
310506	72.7274953738
100362121	72.6675
252961	72.6584
252961	72.6584
79253	72.11639552
363249	71.5366
362173	70.9385
246116	70.9363493374378
25514	70.8252
292758	70.6496
308267	70.0141
316626	70.0078
301086	69.9916
155918	69.9734
311559	69.7595
286973	69.7282960372
83825	69.6685621568
305171	69.4117194447
24667	69.3774
246771	69.2267
25409	69.182247393
58924	68.7934
116493	67.8198
306768	67.084
688717	66.5691808048
312372	66.5161
25605	66.3943
293645	66.2378
310760	65.9967
313840	65.9847
292199	65.9447
361319	65.9088
308361	65.7917529534
25267	65.2928
307180	65.2475
299811	64.5744
308265	64.5376299076246
315949	64.4571
56042	64.35995
81761	64.2593
680102	64.1563
314964	64.0575
310483	63.8227
303991	63.7443
689588	63.5598
298098	63.4782
64509	63.3942
310190	63.2301
500690	62.9829
298874	62.7843
498549	62.417023726
290997	62.1378
170578	61.53
64678	61.2832
298017	61.2615
295384	61.2058
363093	60.8074
373544	60.3346901950704
116690	60.2934
116690	60.2934
116690	60.2934
116690	60.2934
289657	60.2703
24642	60.1313
291328	59.7905096244
304218	59.545227415
304218	59.545227415
680465	59.5134
683077	59.3281
288779	59.3141
303206	59.244300589
304603	59.0678
679028	59.0058
140448	58.5625
25743	58.4726135892331
300359	57.650544544
312828	57.1606734591477
292949	57.1532
296472	56.8644
25556	56.56
295446	56.2087
304690	55.8517
29702	55.7712756115
444986	55.3833
305895	55.2284
261738	55.003
25187	54.3675254669
493909	54.2444
680229	54.2064124616
362871	54.1572366864
503269	53.7347
29480	53.3919018825
307916	53.1997
364681	53.1628
83469	53.1259
293112	53.1174
313339	53.03
100188984	52.922611625
498301	52.9137
308266	52.7907143218
29627	52.6551
29627	52.6551
316085	52.5288421835
300463	52.409
362912	52.3145474704
29577	52.2665
296753	52.2647931616
295327	52.24
25482	52.2174
292536	52.162932856
84409	52.1361883932
304037	52.0842853233708
171552	51.9435398418
307724	51.90979801452
366894	51.8623925576
307579	51.6117
170837	51.5924
304542	51.4026
25124	51.3526
362590	51.2097
313220	51.1622
65162	51.0342
310791	50.8780589509
307905	50.7652
117243	50.6734
315095	50.404173322
302363	50.163025822
361634	50.0
54268	50.0
286927	50.0
311437	50.0
292852	50.0
