313477	99.459869789421
246116	99.2916233724781
171148	98.5679284739064
314265	98.40207565238
307016	98.18428329757
84550	98.1683131073924
316256	97.9381027714
303547	97.6724191332
316539	97.46684860052
81655	97.372325646363
25584	97.35561291316
257646	97.17791608
313339	96.9655365321042
295674	96.96508
305424	96.67747
60447	96.5222922972702
307169	96.51067
301085	96.5088051456
363278	96.23444
500564	96.14115
312656	96.0974317078697
690366	96.03717
316351	95.864749014
296616	95.6928
64455	95.60707
313845	95.19292
27080	95.08949
24695	95.04416
60447	95.0380092288642
117514	94.9590887245
113894	94.86916
300944	94.8428
315949	94.82017
304007	94.77159
170840	94.7425287884765
29410	94.72498
100158232	94.6768786921
362501	94.6659
29157	94.64442
305816	94.64125
315740	94.5938
500244	94.4792463715335
499653	94.23382
366265	94.1234036644
29187	94.076
407765	94.05426
305812	93.95929
116596	93.91043
300228	93.787170181
64044	93.7700391616
298875	93.68041
360640	93.6779238055
363084	93.58751
498328	93.55832
360632	93.4992807662
116717	93.4439
307075	93.40169
54230	93.33721
303394	93.30136
291553	93.2608734058
314751	93.1283205440336
311405	93.09638
24848	93.0352435371
297393	92.97231
308537	92.79488
313427	92.78604
246282	92.4115234012
313994	92.39892
311721	92.3284223879319
309129	92.19871
60562	92.10744
170904	91.98288
305302	91.91857
298410	91.76649
58820	91.59606
58967	91.43009
309390	91.27665
295692	90.98461
314423	90.871117045
65172	90.8562388213
297952	90.77322634
306203	90.76799
691589	90.4891
288657	90.20126
288504	90.16287
83842	89.8239
365793	89.7958076936
293042	89.5479
312927	89.3638
25694	89.3409
306400	89.0131805464
29516	89.0116
315088	89.0033384866
298848	88.9199
25696	88.914524599
288779	88.9023509254
295342	88.8924
305450	88.8414
85245	88.84
287276	88.8044
117560	88.7644
171381	88.6681
311193	88.5868
64666	88.4659
288545	88.4594
362591	88.2890158565
81574	88.2855159636503
297096	88.2346
307200	88.1620484716
25687	88.14
306695	87.884577363
114246	87.8063
116548	87.7964
117515	87.7661
303342	87.542
24306	87.5341
83683	87.4315
295382	87.3211
29758	87.3014
171070	87.285
287828	87.262
315666	87.2291855764
362697	87.2007
304193	87.1615
83513	87.1613
299246	87.0904
287441	87.0208159162808
308739	87.0126
81758	87.0078448516
50998	86.8652409702
307302	86.8457
306492	86.6622
84420	86.5439
311406	86.3668
364712	86.114
297768	86.0197
306825	85.8365
65168	85.8339760890943
292925	85.8159
207123	85.8093
24316	85.7259
246232	85.6015
114906	85.5926
303259	85.5399
288908	85.5197
292016	85.4830330733
294449	85.4805
29659	85.4513
25044	85.3587
360917	85.3348
100912536	85.1837
171492	85.1312
302495	85.054
362733	84.9508
304109	84.9343
25050	84.8195
300173	84.7203983575
685465	84.7151
191572	84.6095
83465	84.5977
689704	84.5439
25565	84.5091
314993	84.4336
117520	84.1145
117520	84.1145
117520	84.1145
361550	84.0785
307740	83.8645
25579	83.8447
298878	83.7801
293024	83.525
317576	83.2757082616
289584	83.1676749632
314906	83.1104
294289	83.0802
25267	82.8114
83616	82.8063
65048	82.7644986104
298423	82.3418
310669	82.33
25202	82.2603
313554	82.2176
54702	82.0817
140590	82.0627
289874	82.0266
25537	82.0063
361686	81.8227
307820	81.7677
291967	81.5376
311876	81.3945
50659	81.3064
170845	81.0578
64559	80.8551
316273	80.8094
314621	80.6716
304378	80.6298
362061	80.5424
294732	80.4044
58853	80.358474605
360827	80.3059
314423	80.241761509
294568	80.1349
314850	80.1307215741456
289521	80.0877
362665	79.8285
24212	79.2993
305012	79.2461
65146	79.1786333216
303293	79.02
361832	78.8994
65208	78.6014466326
362733	78.5728
310538	78.4336
58954	78.395
296284	78.2176807036
113976	78.1967
498650	77.9785
114485	77.7932206066
306809	77.7284
192280	77.4983
65185	77.4777
24650	77.4452
25549	77.3757
314196	77.3137
361700	77.2608
79208	77.2522
29525	77.1581
498959	76.98
57300	76.9732511548
293886	76.7879
64547	76.705
685472	76.624
64627	76.2237
305310	75.9891
308821	75.9825
362871	75.9746
299204	75.8678144371
50993	75.637
314930	75.5172
367714	75.4751
116509	75.3733
24908	75.0354
293098	74.8155708415
291352	74.5774465328
311872	74.5148
85245	74.3755
50594	74.368
500986	74.2398
298762	73.8137
309451	73.5468
366624	73.5432262776
299618	73.4015
288079	73.3012
294074	72.9722
303016	72.77755700393
54281	72.5772222044
683630	72.5737
305482	72.4667
303567	72.2603
287765	72.258
58919	72.1938
308069	72.1000793339384
501563	72.0244012197695
292139	72.0105
80881	71.7871030462
311901	71.5722
29733	71.5682
361679	71.5526
292139	71.4092
81531	71.188208625
362979	71.1112693978
311647	70.9593
685102	70.9289
84008	70.9185
64476	70.8166
289175	70.733024706
497974	70.5785
24772	70.4797
81812	70.4397
310341	70.3469
81636	70.2879
317312	70.2247
29602	70.1066
315272	70.0767
81645	70.0341
171093	69.6933487504
171093	69.6933487504
363005	69.4321
298859	69.340857568
309304	69.3405
308523	69.2745
293016	69.0957
291906	68.9023
302711	68.7679177253164
303287	68.6282
296182	68.5663699852
292401	68.4084
246310	68.3835
140914	68.3275
116478	68.2997
304817	68.1859
81656	68.1664
314480	68.145
306375	68.0967
309812	68.0922
360904	68.0298
83633	67.7309
25095	67.720759652
29748	67.6942334557
25367	67.5530150951608
25367	67.5530150951608
25367	67.5530150951608
25367	67.5530150951608
307604	67.0544
305887	67.0108
50677	66.9139
309338	66.5725961536
315880	65.9904
310749	65.986631248
114851	65.9092
300652	65.90161789
294322	65.8633
304786	65.6936329075124
312728	65.6594
100360501	65.6455
100360501	65.6455
100360501	65.6455
363227	65.5859
117556	65.5703
289307	65.4956
304799	65.443625926
306809	64.9199
308598	64.8689
287115	64.8437
312495	64.8181
296762	64.7129
362675	64.7112
365963	64.6059
404781	64.4249
296511	64.0683
85265	63.964
361715	63.8171
289717	63.7039
362710	63.6016
83619	63.5986
361677	63.4572168352
498650	63.4443
29454	63.3837
171290	63.2931
294010	63.2259
399489	63.0158330649
363985	63.0047
361517	62.9919
311742	62.9443606912
25416	62.7617
117186	62.5616
64558	62.4836782789345
114845	62.483
79247	62.4301
308709	62.279638927
308890	62.1229
300719	62.093
312301	62.0378
60327	62.0031
305164	61.9525
293507	61.914
25139	61.8135
499947	61.7908
297960	61.5781
500690	61.5404
246174	61.4567
114090	61.1123
314949	60.960485728
24215	60.9369
305675	60.8478
305675	60.8478
296787	60.6967456948
362720	60.5832
296851	60.2247
303132	60.1934216544504
310207	60.1191766072
29253	59.984
54268	59.9225
304271	59.8008
64528	59.752962136
100361138	59.5996
361388	59.5929
29645	59.5608028567
299766	59.2871
304920	59.2629011901
294375	59.2443573592
83712	59.1253
29627	58.9548241591
29627	58.9548241591
303586	58.7732
501052	58.5616
64545	58.3834
192152	58.311
362115	58.3082
308023	58.054
29560	58.0417
361221	57.9697
305884	57.9219
29619	57.7387
170917	57.2158
362923	57.213
304758	57.017300599
362409	57.0019
361920	56.9235
310315	56.8975182507902
81771	56.8824
116723	56.8521013411
366734	56.7559
83533	56.7182
289230	56.5406
116741	56.4792248391548
306129	56.3041
500040	56.2735326007
79249	56.2095
360549	56.1593
313236	56.129
303292	55.9344580576
288532	55.9132
25743	55.9121124196853
308126	55.8447
29480	55.6961
140607	55.6261464736
286928	55.5901322456
294027	55.3624
362246	55.2323180462
313594	55.211251801
362463	55.1701
298894	55.1555
311450	54.9243
171146	54.9235
313594	54.8864409124
114764	54.783
309035	54.5616
315423	53.77
289883	53.7569
29365	53.7307
289560	53.7207
79428	53.6298
315265	53.5847
81516	53.3873102281
298074	53.3800488358
310533	53.3495
116477	53.3465
116477	53.3465
116477	53.3465
314862	53.2032256509
117261	53.1911
308624	53.0879575136
294287	52.9283
362325	52.8218
25485	52.7219
286973	52.6181921515
303604	52.5785
361159	52.559
502886	52.5268
245986	52.467
310392	52.4038838940999
296372	52.3850379456
304289	52.3164
303584	52.2154
308283	52.194836944
286996	52.1469397922
25205	51.893
54297	51.8633
364855	51.7808
310448	51.4754
314417	51.3981
83785	51.3947
308939	51.2983
311334	51.2303
301345	51.0696
297337	50.8442651874
207122	50.64
29146	50.523
85426	50.4467842432
296271	50.416032704
83841	50.0
309144	50.0
171121	50.0
361057	50.0
171528	50.0
287462	50.0
299356	50.0
309227	50.0
