29625	99.9999998335142
112400	99.9999942407318
684112	99.9997156928795
497987	99.9973202794872
407784	99.9969466790467
24326	99.9679783691412
54259	99.9613117949778
688785	99.9498617215929
306110	99.9108204833289
292760	99.8580517868052
286988	99.659826594676
308523	99.4770350779099
29163	99.35463834188
29647	99.20854175748
24766	98.863162081517
314148	98.8467533743669
83613	98.6020180463022
360903	98.26216279429
683630	98.0045014108455
171492	97.955865127
360720	97.8694977807911
679712	97.845260798
291355	97.7854983884029
24558	97.7584483144
362788	97.068197626666
54348	96.7639080301031
305417	96.5117372140456
500384	96.2969007311289
362733	96.0956730055769
362733	96.0956730055769
680102	95.905317148
59265	95.8454406937
308361	95.511755072745
59312	95.29722279416
83726	94.888501972
311742	94.84467034874
94196	94.6059544033083
298992	94.5367939844
305152	94.2765840525
114587	93.9707856942
84487	93.6182966104608
29707	92.884913096027
24522	92.7158
363243	92.6627025773279
24516	92.618713623
289777	92.537112243
78965	92.36012
292016	91.7716425832
361289	91.75034
432358	91.6989373822316
286939	91.6184360996
310086	91.55661
63845	91.4141717366
301309	91.4112338688
59303	91.3236993709903
308000	91.0655075876161
25675	90.950324118132
58961	90.7387083487
58961	90.7387083487
304124	90.67053
303831	90.34387
291691	89.9650726624
361020	89.9011834018
361020	89.9011834018
499330	89.7575
117255	89.7307314292
317274	89.1097
304091	88.8160414699978
65045	88.7197
362700	88.5651310378041
25341	88.5330301582284
360600	88.4799189499
311332	88.0378
296182	87.962314516
305000	87.9329433861654
294734	87.8584
24166	87.614
100359836	87.4306
315870	87.3591282815773
29559	86.7598006711
29559	86.7598006711
29559	86.7598006711
690303	86.6363
29515	86.6034
311419	86.4256915784
501110	86.4071
684980	86.3747924095
294410	85.963117385
294718	85.9385
24831	85.9355
24831	85.9355
317235	85.8298
360550	85.8159
297867	85.8089447774
292831	85.7437
361833	85.6886866091037
290317	85.4754
114628	85.3826363057708
287608	85.2396
686323	85.2087799452
25579	85.1077
316916	84.8756
114502	84.7769604470285
363016	84.5773
308821	84.5396
298410	84.375682591
24882	84.2797
100362431	84.1806181223964
54248	83.8730436688
361746	83.8407
252961	83.6835
306809	83.521789592
689909	83.4262
300954	83.32488623
303902	83.1099906547
29436	83.0112818952
294993	82.2702
24503	82.2037526308341
25235	82.1729009752
291328	82.034
294930	81.901
313098	81.8472126559218
303311	81.8407136162
360272	81.7475
58954	81.7331597972
302669	81.612
301489	81.5119
309514	81.1768
680308	80.9896
246263	80.7907
246769	80.613717175
246769	80.5306127539
117050	80.522
246174	80.2224
306792	80.1621
311047	80.1476
287534	80.0924
24465	80.0440126104
287638	79.3923
307271	79.3709
499941	79.27625
309969	78.9768
362489	78.7291070251
311039	78.6288713002
310698	78.3729
116491	78.1785678020723
361970	78.1503377732464
309361	78.094
64563	77.943891282998
310698	77.8664
300955	77.776
24689	77.628378481
54305	77.5996
245920	76.8717
553106	76.6553084876
313242	76.6364
116487	76.5529
362520	76.4814
313370	76.1772
298186	76.17480242
313974	75.9140270682582
679957	75.8706599056
246262	75.7701
316351	75.7380482889469
25439	75.430240914376
116723	75.2065
303743	75.1717
58857	75.0497
114705	75.029134944
360908	74.961228027
114104	74.8666
25616	74.8167
29627	74.739301482
29627	74.739301482
317576	74.5453
306809	74.500348829
171525	73.9386075374
192110	73.7232571450929
29146	73.4723
314384	73.39765402
301024	73.1704
25619	73.1275
79209	73.0463589082
309144	72.4584
306404	72.4049620633
50558	72.1637828584
296966	71.6449
297783	71.458401395
363227	71.3721
497961	71.274
83717	71.0328
365755	71.0310824810123
114906	70.844962114
501002	70.5822
308896	70.5655
289324	70.5549
314862	70.3988247396286
24864	70.377
293721	70.1272928788
365352	69.903785888
367714	69.6376737225
313121	69.4488979391235
299858	69.4389
690139	69.3649581076
297514	68.8383860499881
171087	68.7995
308173	68.2865
287637	68.283
246760	68.2008
83580	68.1455037589
83519	67.1267
66015	67.0828637725
25433	67.0142
25022	66.8171854701
25022	66.8171854701
25022	66.8171854701
25022	66.8171854701
25022	66.8171854701
25022	66.8171854701
299800	66.7153
497979	66.6256
294696	66.6159361037
64831	66.4384
362876	66.3213
296510	65.9347
84594	65.8247
259241	65.7869
309447	65.5243
64366	65.2768
64366	65.2768
317232	65.1945
26955	65.0961
25415	64.7826
100125373	64.7042
289400	64.6291
362051	64.5688
497198	64.5687
309196	64.5623
362186	64.5256
368070	64.469
302495	64.4599724158
361388	64.2363133189
316409	64.1591
289168	63.903803038
25136	63.8404080821
83569	63.6829
64134	63.5426
170896	63.4972
266735	63.3746
266735	63.3746
266735	63.3746
363425	63.2996
363145	63.2461281879
298943	63.2127
363577	63.0970915604
192126	62.9979
361736	62.6269
292537	62.5553
308265	62.4508
291130	62.4394938148538
307820	62.4260520235
314246	62.2342
304860	62.2013738012
360668	61.6948
312647	61.6492
25102	61.4439
25730	61.2371
307206	61.2367
365793	61.2327
29669	60.8268987749
498234	60.6688950708
59303	60.6203
314180	60.4055
191569	60.3801
301076	60.0816
246116	60.0017299349154
315210	59.9332
65205	59.7618
361030	59.4973198353096
362142	59.2619
311384	59.1993024646
291610	59.1235
58959	59.0955
58959	59.0955
24680	58.9213
362751	58.9155
81654	58.8541
50645	58.788026932
60349	58.7168
362591	58.5487
60371	58.280202451
117035	58.2059
64511	57.8391
366262	57.6689
303824	57.5219
303824	57.5219
79463	57.5202
500036	57.244830915839
313954	57.1112
362530	57.071
64462	56.9616
114100	56.8819
293960	56.7203
29475	56.6714
313418	56.6178458
360734	56.6146
81808	56.579
301363	56.4661
606294	56.4455533012
307667	56.4237
60434	56.3488
309804	56.166217702
25523	56.1629
252961	56.1493
313101	56.099
298944	55.9812387452262
24311	55.92185
24311	55.92185
24311	55.92185
315158	55.8079477776
290326	55.709
296564	55.6634
302913	55.4143
66013	55.4103
63852	55.3611
685232	55.3112696549
113907	55.19765
366227	55.1057
24212	55.0458
315691	55.0056
364224	54.6897
25736	54.6168
314157	54.3960647256
84597	54.2625
24493	54.1916953733
314818	54.0891
117018	53.8021319128
252889	53.7288043772
170816	53.4048223867267
494500	53.1553
494500	53.1553
494500	53.1553
363287	53.0717
302369	53.052494395
305227	53.0286
362291	52.817
83626	52.7049
116548	52.4874
85384	52.4439104135
309812	52.4415
307745	52.4132
25705	52.1986
83526	52.1560485089226
304150	51.8778742336
298203	51.5365
312372	51.4962
303132	51.1168300941
500863	50.8922135196
310773	50.8348
299766	50.6851
305203	50.4036745445
29486	50.2995147763
25428	50.2675193808101
306630	50.073761127
301418	50.0
56769	50.0
56769	50.0
303206	50.0
