691429	99.924526778413
59324	97.775094956092
304157	96.6237684478
299625	93.4423194700338
310946	92.40373
304822	92.23616
300142	92.17399790161
171147	91.6820009148
171010	90.58841
297942	89.3546
689890	89.1516989386
29221	88.6295
297968	88.4353
360764	87.7540381498
171564	87.5852
300813	87.1507
24167	86.9332
24167	86.9332
24167	86.9332
24167	86.9332
24167	86.9332
24167	86.9332
313771	85.6509
266998	85.237354
299261	85.1918
287173	84.5336270989
192361	84.4855
29139	84.2478
309053	83.8379
363093	83.5285
81744	83.4256025912
304053	83.2476
29500	82.5366215318744
310086	82.1916176302
295922	81.3802
295922	81.2931
25666	81.0183
25594	79.9241168859
315434	79.7732
25523	79.4585
81736	79.313
305310	78.894
305066	78.6901
500131	78.1181213044
361565	77.3361
308028	77.0914081206
362479	77.0548
114845	76.880378275
307428	76.852
171413	76.7525999880598
25112	76.1498
117553	76.016
312903	75.7371
25565	75.1673
311826	74.7444
24787	74.4862
363520	74.0476
310533	73.4729
266773	73.3829
303016	73.11455
306991	72.796736847
29244	71.2311
298841	70.9893
360482	70.9383
100233176	70.3713
310801	70.0244
363603	68.943447177
29492	68.82540949
310773	68.6894
500036	67.2604311993
309527	67.2057
292483	67.127
313385	66.8678678173
116641	66.6796993397
117268	66.5681708638
171058	65.7844
310207	65.7065077552
25654	65.6495
365355	65.6436
295378	65.5335
29591	65.0470695678174
84509	64.7654
261736	64.0327
291165	63.976
363002	63.8672
310540	63.196
54251	62.8605147751756
310392	62.8561
689030	62.7025
315497	61.7513
291709	61.63
364183	61.4165
78961	60.833
25573	59.9553
64709	59.9498420272
308390	59.9074
102548228	59.9045621012
140914	59.7144867872
301634	59.1673
288562	58.6596
315478	58.5543
309478	58.2582
171454	57.917667562
29631	57.6991
291772	57.6482
296511	57.6171
64440	57.462255331
641555	57.2791
29530	57.1372
25533	57.0881
315423	56.8148
84383	56.8126
292100	56.6735730786
499380	56.4409638012
308572	56.3415
56766	56.2329457176
296500	55.9664394296
81920	55.9471
364634	55.831700373183
304807	55.7118681406
298534	55.6576
365245	55.5679
290771	55.4023
313876	55.3922
362741	55.2321813592
303277	55.1737213834
65161	54.7327
303399	54.676615915
619382	54.5547
288108	54.4404596059
301086	54.404216339
367242	54.2008562815
362766	54.1507
301416	54.0888
24398	54.0448
58853	53.7207
309304	53.6179
361831	53.59
295445	53.413402775
306587	53.381103962
171304	53.3757
84577	53.1195
100360066	53.0006149102
29521	52.8624
25686	52.7842719392
311327	52.6299
361508	52.5907
64670	52.331
79216	52.3086
315139	52.2655130404
24242	51.941
553106	51.9279796864
286993	51.816
59325	51.7185
684097	51.5856
362923	51.5
298792	51.3398095208
29691	51.2285
305479	51.152
315608	50.9306
290668	50.5875819264602
289562	50.5371
63888	50.0
312952	50.0
689852	50.0
25531	50.0
116666	50.0
309514	50.0
246756	50.0
