300359	98.92709590585
59322	98.78548158368
29627	98.2366047701547
29627	98.2366047701547
304791	96.8167424202225
81506	95.46267
360704	94.33519
117259	94.0597402375
26955	93.7294327319477
29456	93.1031638566296
314246	92.6287
299811	92.4877658279059
24766	91.7324173702
315352	91.6438160140714
192178	91.534706366516
24225	91.2493
685472	90.8555041564
316021	90.7918359519856
64394	90.4160437199393
362291	90.2498
308113	89.9749
171120	89.4851994197747
317444	88.7590291563
360511	88.5359215281759
24225	88.493
24225	88.493
24225	88.493
24225	88.493
24225	88.493
24225	88.493
24225	88.493
24225	88.493
24225	88.493
29183	88.1241
114520	87.8063
58940	87.7953
293112	87.7447317847
362051	87.5311
170699	87.493950938
312251	87.2232
63995	87.1036
314401	87.0065
314949	86.9149
295674	86.8967
500874	86.828961102
65162	86.557047688
24373	86.4751
286984	86.4714
363849	85.8248
302396	85.410064369
289883	85.3950193583
307008	85.2722
362923	85.225002364
79115	85.038
317183	84.8585
366624	84.7433
25716	84.6728
83477	84.0710781184
300173	83.9996267126048
304763	83.5532192419
304150	82.6248
117526	82.569
25650	82.286578251
314894	81.6481
83619	81.588
360492	81.3861
282581	81.0794947208
100361733	80.8887
289094	80.6351
117268	80.4271809031
25094	80.3358034414165
85430	80.2273
288108	80.0236245679092
100362347	78.5128311016288
361601	78.2411
83626	78.1822818365
85268	77.8745
85268	77.8745
85268	77.8745
64824	77.8286
360874	77.3938
246211	77.1967
316412	77.0324
294421	76.8864328925
361688	76.7468768794975
313030	76.7091
288710	75.9568
29628	75.5392037898
29628	75.5392037898
25431	75.034
85268	74.669
291340	74.5645
287615	74.4827
315666	74.3222
499529	74.2965
307302	74.1933748347
304157	74.1536
304127	73.7113
83615	73.59740056
399679	73.0737
114845	72.7436
64017	72.7298
553106	72.3018
85268	72.289
85268	72.289
85268	72.289
85268	72.289
25248	71.3986
500244	71.3250820780803
300668	71.0917
501099	70.9791
317219	70.9688
85428	70.6662150136
24874	70.2511607334
362325	69.8862
307075	69.69576153
246152	69.3798
314028	69.3622
304546	69.2486
24666	69.0594
300679	68.6231
313433	68.3012451556
306817	67.8573
24680	67.8113
299138	67.2206
291023	67.1465503434348
309514	66.8472
313510	66.6976
292999	66.4517
362501	66.3427
25203	66.2706616019
24602	66.0655
246174	65.8277
29592	65.5510119815
296706	65.0809
24356	64.56097497
154985	64.4654
298084	64.3836356227
311441	64.3418
305310	64.3356411951
24547	64.254
294515	63.7254
246755	63.716
362911	63.580253936
309242	63.5291
291133	63.5191537366
362264	62.9664296989
314930	62.9187
291527	62.8377
679906	62.7539
315037	62.6965235722
58823	62.5349
303478	62.508
314221	62.4154966894
307524	62.1394
309420	62.0512
64476	61.8997
361944	61.4053
361944	61.4053
310806	61.3847
360591	61.0871
117269	60.937
365865	60.737
29150	60.7025
295690	60.6906070156
362687	60.4002
291556	60.2902
291556	60.2902
289036	60.2736
296762	60.2728
301374	60.2533590952
308669	60.1853
290556	59.8208
310540	59.6140757389
312372	59.589
114764	59.5862461846
81654	59.3387
116631	59.2003
116631	59.2003
116631	59.2003
310399	58.9925
311487	58.9834
303888	58.9664
288770	58.7671
288770	58.7671
288770	58.7671
246323	58.6847
29576	58.6331
252880	58.3298
100910806	58.2565
252918	58.0307
303456	57.9418
313609	57.8445591973707
304881	57.4013
304881	57.4013
291691	56.666
305035	56.5881
310261	56.478222046
500616	56.442
316539	56.3756
360920	56.3532
295053	56.2494
298757	56.2373
315259	55.9168
64469	55.8623703106
295106	55.7584
294014	55.4806
407784	55.1486
287115	55.1188657144532
259241	54.146186884
360896	53.6823
363013	53.3871444425047
313373	53.0568
65189	52.865
81816	52.7345
499617	52.615558628
303101	52.4973422416
303836	52.3123
313155	51.4731342893
289668	51.4399
297109	51.4214312998
291534	51.1141
84685	51.1063
310877	50.8752
295382	50.7280256856
291078	50.6647
361554	50.6521816983829
117043	50.5206200704
25272	50.0
116725	50.0
25272	50.0
63886	50.0
25272	50.0
298184	50.0
315210	50.0
245926	50.0
83833	50.0
