301118	98.5032618614877
296179	94.327110546701
363854	94.12376
312710	93.72073
192357	93.571786458748
63994	93.18829
63994	93.18829
300652	93.09651
29157	92.87550778199
311441	92.7297558497004
315497	92.11525
25631	91.9777473429286
300455	91.5566918144
289486	91.198850602
25743	91.1291192967589
682974	91.0143
58868	90.8816741848
299714	90.75794
294207	88.567
64471	88.1641152694899
192178	87.0786845195939
360958	86.8923530785
360958	86.8923530785
361070	86.5703
362533	86.3965
29599	86.283
299858	86.1183
50658	85.5338
29546	85.3131576825
94273	85.0146
295243	84.8017
171052	84.4508815235583
116839	83.5376
116839	83.5376
140589	83.4286
361191	83.316712231
171040	82.6761
316232	82.3723
79115	81.8122
309053	81.7267
117264	81.6683
298091	81.6487
313242	81.2037033
306759	80.0253
302864	79.8833982844
114628	79.229
309533	79.2094
24708	79.0309
89842	78.7254035388
29263	78.6669
363006	78.2164
63912	77.8086
365571	77.4199
315447	77.264
29473	77.1230611842539
286988	76.7934
362375	76.5859
246263	76.5618
24693	75.697403914
362050	75.0717802975
287185	74.6353469935
25648	74.0873969558408
298024	73.4795602276
298024	73.4795602276
171147	73.4481763195668
497892	73.3868
497892	73.3868
300062	73.3795
29665	73.0273384752144
312727	72.9461480448989
117097	72.903840592
25356	72.7858
313308	72.713647927173
306630	72.6518
498335	72.3952
171565	72.1372146391
362489	72.1049097975
59303	72.0977
306809	72.0402
364786	71.7999298344317
361674	71.456
24768	71.0587
294504	71.0552
259237	70.9566160508
79208	70.8479
140926	70.6855
287125	70.5077
140720	70.3583878500807
298369	69.9602
316333	69.7891364468
310506	69.7216413495882
24511	69.656
683077	69.6242
316628	69.4389
294790	69.2681425547209
29456	69.136795678
25675	69.0258
313575	68.8313109808
288821	68.7415
362479	68.5769
291100	68.5562033195079
305066	68.2897
298944	67.9164616664
56718	67.844
679693	67.2588
282832	66.8121
29637	66.7949
84396	66.5960054708
294235	66.5368
286984	65.9647662390848
192248	65.6619
89825	65.3728
310749	65.3115
294321	64.9176
295692	64.4714
246295	64.2367
311604	64.2175
246294	64.1249222377546
63883	63.9041
83502	63.5541491472
315218	63.4044
362339	63.2895
641452	63.0078
498538	63.0060573351223
29715	62.9285913748
29715	62.9285913748
29715	62.9285913748
29715	62.9285913748
29715	62.9285913748
29715	62.9285913748
29715	62.9285913748
29715	62.9285913748
29715	62.9285913748
301363	62.7224441476
295327	62.6123
79224	62.4258
298317	62.3268
308669	62.1321
314771	62.0686
64469	61.6351455206
117281	61.4623
289733	61.3473
114520	61.3398
290567	61.316540632
311919	61.1452252826
29670	61.0644
362078	60.9994
494125	60.9851
29376	60.7828533866
360821	60.6507
299827	60.5997807545
289711	60.3826
291737	60.3426
313598	60.1530523238
83615	60.1178
303163	59.8776
313865	59.8431375066
59312	59.7358
29138	59.6683
29561	59.6649
64635	58.8006
312562	58.7694
25156	58.7502
680747	58.7443
297093	58.7268
303333	58.5897
305795	58.4816
24766	58.4739002646
85251	58.4509
362713	58.1137
310399	57.915
291314	57.8401
293186	57.6796356968
361118	57.6748675558
25552	57.6246
362715	57.5702562924
89821	57.5694975688757
361185	57.543
116725	57.3808
289323	57.2911
685781	57.1521
60427	56.8362
60427	56.8362
297388	56.4309
311783	56.2033894592178
313825	56.101585384
305577	55.7578501525666
303212	55.6069020688213
664630	55.5501
408217	55.5401
288779	55.0843
113961	55.0226831758354
171091	54.9851240275
260324	54.9816149863
361002	54.946424188
311508	54.9147
304278	54.788
295322	54.3512
29714	54.319
314612	54.2445018048962
29580	54.0501610245
84586	53.97
304092	53.9442
641386	53.9337514164
301035	53.9078
298933	53.8622901556
298933	53.8622901556
301254	53.6575
294809	53.4226
497078	53.377
314992	53.0344
155812	52.820884903621
25024	52.6342990465568
84550	52.5790927874353
501925	52.5528
64387	52.5472
361338	52.3910966887607
305256	52.3172
364952	52.2898411949
25689	52.2532
289392	52.109174728
252916	51.937
29460	51.9196
60417	51.8640968096041
307767	51.809
289400	51.6427
287173	51.523164096
246301	51.4107
54289	51.2395992424
314637	51.1313
29713	51.0534519524
293526	50.8851
498130	50.853
288289	50.8387
317675	50.7877
81679	50.760117394
316219	50.654
29199	50.6414
29199	50.6414
29199	50.6414
292127	50.5727
308021	50.2605146331148
361725	50.1922322074
25729	50.0
24922	50.0
56083	50.0
56011	50.0
309441	50.0
