25037	98.6890186918793
361338	96.9491038811747
252961	96.39581
252961	96.39581
304813	95.9575675788235
312781	95.632190367
24922	93.7911605289869
310399	93.38758
60417	93.0227828786268
59325	91.9861
25577	91.83475
300455	90.836933815
171147	90.4978923068903
117549	89.9752
309678	89.9661518596
501560	89.6167
306492	89.1310173637
287473	89.1252963325
499529	88.7693
291981	88.1532
304537	88.0130378464
298653	88.011142271166
54270	87.5099
288010	87.3491
365755	87.2726454520103
60326	87.1584
84550	87.0956831871967
25537	86.3702880115044
361916	86.2465
367252	85.1822876464
367252	85.1822876464
29693	84.7351
192361	84.6231889807
314930	83.9861
312806	83.7845
307642	82.5905
140581	82.4234
295443	82.355
296188	82.1728
365355	81.2742
312495	80.9319
85254	80.7848361986
29480	80.1897
291100	79.779
288111	79.7217
114593	79.6531
306657	79.5275
81515	79.4869
81515	79.4869
311901	79.413
289521	79.1378
29579	77.9678
170913	77.7465238975387
316482	77.4532295536
309922	77.3748
313418	76.7695
309651	76.6263
64047	76.5577304546556
25517	76.482148238
83626	76.2281036817
294809	76.0320117650852
292994	75.9517718311
24397	75.8732
116740	75.7853
309135	75.6242650609
266601	75.4609
140656	75.333
25235	75.1929
362809	75.1902213651
302473	74.6234
301242	74.4494
94338	74.3257
288353	73.8308
304881	73.7082
304881	73.7082
308067	72.4126
297725	71.7062
295322	71.4966
363024	71.3676
84508	71.3173
171402	71.0773701513218
308896	71.0392
679693	70.8824
100233213	70.5037414937732
306548	70.4114
293960	70.1706
310315	70.1292017088
24942	70.1110886545
679937	70.0209
368042	69.9525996697
303926	69.8970332339239
29682	69.7365458142
25669	69.6192
304944	68.9613
310855	68.8769
295588	68.828989586
25625	68.1305
315891	67.765
29628	67.4823314055824
29628	67.4823314055824
85250	67.3978349962
64531	67.1150764558
58961	66.7492
58961	66.7492
690693	66.7427
192209	66.6237
116723	66.5638
688394	66.4885
309812	65.756
310540	65.3531
114488	65.3151
301264	65.3143
308899	65.103446772
308899	65.103446772
25342	64.5611532854897
362246	64.0093
100360872	63.9349
308765	63.9254
317444	63.5995
100310874	63.572525875
171151	63.5631
317435	63.5134
83533	63.4782
29502	63.2296
83629	62.4273368193679
84409	62.3516
305171	62.1795
94272	61.4831862827492
293538	61.2477
24248	61.1660011611622
306012	60.7712189964
94204	60.4476
25012	59.4426
25012	59.4426
25012	59.4426
246294	59.3783
360621	59.2246
311144	59.0984
60374	58.215
192178	57.6156374417
83825	57.5412255769
24167	57.3929
24167	57.3929
24167	57.3929
24167	57.3929
24167	57.3929
24167	57.3929
298024	57.3444201276
298024	57.3444201276
289057	57.1143
289185	56.9729
89787	56.9071
362956	56.7839
94196	56.7557
85255	56.7165
309255	56.0294
316018	55.8703
306451	55.3201
24482	55.1525
24482	55.1525
29138	55.0222
314304	54.8879716332899
24482	54.7489
24482	54.7489
501502	54.5757
289094	54.5438
497815	54.4661
171562	54.0885
84396	54.0179
302396	53.7962219831607
291211	53.7696555343
25314	53.6962
291737	53.5444
362385	53.5396939049912
308939	53.3569
171447	53.1411
171447	53.1411
171447	53.1411
171447	53.1411
171447	53.1411
171447	53.1411
171447	53.1411
309242	52.939323038
305544	52.2574
303101	52.2518
25454	52.203579108
289883	51.9636
298867	51.8836975126
312182	51.7875775224
29434	51.7363
29665	51.1761014211451
363045	50.8129
310644	50.7423
298748	50.1914571817
689364	50.185215925
297498	50.0
24877	50.0
314993	50.0
299730	50.0
311165	50.0
