310250	97.44203570893
306695	97.2604212048
361634	96.8262540123793
295500	96.62579
310838	96.52292
311872	95.8342440789473
315806	94.68455387192
116590	94.2983927106707
83825	93.6916299817176
58954	93.5868949167747
315798	93.51289
24493	93.3426651598
313488	92.1683231572
64553	92.0825904724
313876	92.0814488776
296500	91.998429728
116589	91.7565
83629	91.714237762
313845	91.549244741
245979	91.06416
361859	90.82473
310375	90.56036
116548	90.5514923700714
252889	90.2927604723583
317464	90.2352677380356
362466	90.16072
24413	89.9085129668384
294734	89.8840718854
307997	89.5393
309129	89.5183240205
295649	89.3094382702
24763	89.1196
288161	88.557
362170	88.1222
29748	87.8563814419954
313098	87.7615584301
289693	87.5231677968
301309	87.4195
259241	87.2602
293343	87.2438
305687	87.1234
29150	86.8732794484
307474	86.753287983
64558	86.7416707493988
81655	86.475
309126	86.3712688103069
303037	86.1253
89804	86.0250086423
64088	85.925113863
54193	85.7054
64527	85.5564
303831	85.4412
83501	85.1324
24653	84.9554
311450	84.8112556416
306571	84.7796577098
29647	84.6986
117050	84.6489
266808	84.5541
360797	84.240422159476
288239	84.0883989028
310261	83.9614
294862	83.8958
360917	83.6992439872
64520	83.5384
367242	83.4457312144
314818	83.3247
500638	83.216973205
302363	83.1736515353389
94196	83.09413375
83731	82.9509990034
63840	82.8290568097
498728	82.7483
24316	82.6984597264611
310960	82.6379823304708
310392	82.5613567027704
311730	82.5305341249
313388	82.320157468
54705	82.2241
54705	82.2241
306091	82.204065565
314352	82.1773063828
65207	82.0655407792
291023	81.9806
25498	81.9248
309591	81.6603137488
300948	81.5365
298512	81.4734
315949	81.1172272472
25620	80.4038
25620	80.3985
25620	80.3985
25620	80.3985
292156	80.2032621742
304850	80.1882
25204	79.805887578
24765	79.7462
25620	79.6272
25620	79.6272
25620	79.6272
25620	79.6272
313323	79.4321
116487	79.4048
80897	79.3972215525551
362521	79.2611608886713
260321	79.2267
25469	79.032099362
310640	78.7875
60331	78.4481
315210	78.1754
296787	78.133080541
78956	78.0285670271806
25431	77.9097
24414	77.677467262
296968	77.6512
100125363	77.5192
288353	77.403
287940	76.9648
360551	76.7929
113956	76.384726405
297093	76.184319984
314157	76.1735385867047
84508	75.9421192399
303554	75.4431379879
308624	75.0
294744	74.8158213882
25243	74.6705
25700	74.6560563442
303403	74.4887
682507	74.39103516
295401	74.1848
361585	73.9753
298690	73.8992649181259
85489	73.8947
363153	73.76
361925	73.3014
65183	73.1667
302248	73.0078132352
302396	72.8882913860081
361849	72.6967
306436	72.6877
24400	72.5372
297486	72.421144235181
81503	72.3877
304037	72.3232806602
361391	72.078139026
81830	71.6622
313125	71.187
690745	71.1726615712
50566	71.0230941025837
64314	71.010383512
291605	70.653
192675	70.532
291328	70.494
314771	70.4892
85428	70.4056
24674	70.3862
294018	70.094
83726	70.0929796048
500132	70.0496723491
315434	69.960075928
306873	69.8515
306203	69.7068
305349	69.6397
298961	69.5185
298757	69.5075748786
292155	69.2532
295217	69.1142
295217	69.1142
444986	68.924
84379	68.8717303957
292756	68.8366
293960	68.703672208
116740	68.56197449
308508	68.5376
316539	68.447338459
29443	67.7071
100910616	67.6419762166
681284	67.5226681196
312828	67.2498805366
679906	67.220110792
317374	67.1903
83807	67.1395
246074	67.0129212448
192210	67.0129
361037	66.7237
246116	66.456550611898
303016	66.1102004991
282835	65.9567
305131	65.908483864
297173	65.8507
314824	65.8027089746
54244	65.7698588347642
84394	65.73225
314949	65.68334611
103693419	65.6817765451
117596	65.6306
306626	65.6234
170635	65.3369
286931	65.3193
361509	65.1995
29456	64.8894001603
619374	64.7396
311437	64.6761
360905	64.5039
305317	64.3758
25300	64.243
25300	64.243
304218	64.2348
304218	64.2348
367714	64.1857
81633	63.9571
305348	63.937
60447	63.9280386872
60447	63.9280386872
24657	63.6277
679869	63.6063
305120	63.2679
362111	63.0802
297504	63.022766578
84383	62.9088
301081	62.7205
114122	62.6703
299799	62.6386
246244	62.4435
140581	62.3111
307382	62.2504659052
25654	62.2372153492
308739	62.1152101617313
361096	61.9742
25549	61.9041
499745	61.8994
366262	61.7849741664
501195	61.4853593032653
312495	61.4121
687090	61.3809
499537	61.3609
310395	61.3372
25202	61.3255304852
311902	61.2991224444
497770	60.9797
362325	60.881115513835
299236	60.6738
301045	60.6374
79208	60.6158783495
687090	60.3765
155812	60.2886763074729
288783	60.0432
286906	60.0114
314721	59.951
297666	59.7977004908
114839	59.7887206922
296102	59.6296
300756	59.5092
25230	59.425
25230	59.425
171151	59.3997
79433	59.3500225208
25022	59.3268
25022	59.3268
25022	59.3268
25022	59.3268
25022	59.3268
25022	59.3268
310097	59.2465
24414	59.0201
300173	58.7370500212
290280	58.7006964211959
314964	58.6828
293114	58.4265174676
311311	58.417
365963	58.3394
688394	58.2873
290823	58.1996
81516	58.0887
291659	58.0686
298075	58.0548
81002	58.008
83627	57.9384
361178	57.8933
312678	57.883498296297
117152	57.7292
50622	57.3753
680717	57.1823
298504	57.1411
83842	56.9942361809691
313994	56.9686
362520	56.9123
289233	56.8513
288821	56.8402047823
362481	56.5937
117044	56.5673
494445	56.5291
304577	56.5111
81510	56.474108494
288937	56.2654
296789	56.1681271542
291927	56.0872
298426	56.0598
362733	56.0199566311
362733	56.0199566311
252963	56.0072
50572	55.9784
79123	55.9545
296060	55.9044
368042	55.604861216
362703	55.4286
295105	55.3575
305910	55.3305
366214	55.2256
25570	55.1593
404783	55.0413
100361133	55.0028
305549	54.9037
289865	54.8127
316102	54.7626
286965	54.496
140943	54.416
25428	54.3157
117180	54.2876341504
361442	54.0317
313867	54.0264
81925	54.0050154652
308265	53.853
292462	53.8519
360926	53.737504075
691149	53.6267
58840	53.4032
298942	53.069
302913	52.9592
313811	52.9424
83477	52.9384
304017	52.7967
363455	52.6939105208
308232	52.6901
25385	52.5525
362741	52.471
29231	52.4635
290831	52.4115
54320	52.350069776
301346	52.0264
29140	51.9481
25007	51.8538
29747	51.82
259273	51.7565
25023	51.7444006672
302328	51.6447
679028	51.6203080912
297481	51.5221
310659	51.5203
58942	51.5106
25293	51.390773334
25293	51.28552516
25293	51.28552516
25293	51.28552516
25293	51.28552516
288038	51.2335
116459	51.1153
114845	51.1101308749
498003	50.8822
300206	50.8689590798
84476	50.8562
79426	50.7814
64824	50.5564
84024	50.5486567052
365895	50.4091644381
313874	50.3449665624509
310506	50.2737558764832
306860	50.0600466338
308667	50.0
29230	50.0
84510	50.0
171361	50.0
296603	50.0
499194	50.0
286899	50.0
64845	50.0
24260	50.0
363118	50.0
