287418	98.9790000261181
304315	98.9603344733363
94338	98.3050416059932
363103	97.131863849034
303193	97.1019976576
29633	97.0617844163767
25507	96.8112058708325
317391	95.41915783045
314717	93.965
316211	93.9153007422
498549	93.5315727697
293860	93.34666
81745	93.20775
64677	93.187085695266
50646	93.159092992473
298652	91.9990322361012
246254	91.97417
114205	91.5754056088
363913	91.34469238
301579	91.3127605334532
116665	91.287579268
296229	91.2095873928238
304885	90.9859719808
501099	90.7350152637877
294513	90.6045634793464
266709	90.1686405076263
361663	89.6023746774466
25626	89.5895383381
360956	89.2937767004691
360956	89.2937767004691
360956	89.2937767004691
314441	88.9101565264
296480	88.909359075
29437	88.66
308873	88.2257
500244	87.9809
103693239	87.8476066305582
303604	87.6368072726
311332	87.6364
316533	87.1992034954
84400	86.9654
361400	86.9349803047955
24693	86.5291
308322	86.378
116546	86.224719749869
294103	86.0904
291339	85.9193
290985	85.5083062172
303824	84.8117353810997
303824	84.8117353810997
29227	84.1962
246215	83.9850644554138
682988	83.8388
114501	83.5685916040493
299145	83.4831
503000	82.9805847010442
310626	82.8461080906
306071	82.7604
304900	82.6594597271
298376	82.6277
246254	82.5243
296161	82.5137966571235
54259	82.0382
29745	81.982071094
24513	81.8856506468
85483	81.6324232769923
85483	81.6324232769923
85483	81.6324232769923
292724	81.1224623946427
312495	80.8591605074235
81916	80.7599245944
316333	80.5808432373
313125	80.5577
306328	80.4388156829617
27064	80.4239
303586	80.267367382
361431	80.2371425374
293551	80.0092
171396	79.917882203
117551	79.7744
311163	79.5654
83513	79.3869181114
303888	79.1262
313771	79.1219810299
296318	78.9329425055829
690693	78.9319451997676
291689	78.8953
362048	78.8313033771118
29663	78.682424986093
362778	78.4729
312728	78.4496673164883
29460	78.4438
94203	78.4047963797
29632	78.3264692006
679668	78.0425
362876	77.23
291819	77.1520718333
116673	76.7957039932
499099	76.6039
85428	76.5786
307124	76.5301887691496
309376	76.1831525762477
64558	76.0400949056
300443	75.6434782212569
292483	75.4792
25263	75.1690670668255
298848	75.0096
303311	74.9508
314214	74.66
361674	74.5887236338
140592	74.5279
24881	74.4719
24807	74.3579
60447	74.3477797998
60447	74.3477797998
297930	73.9678
311245	73.79071795
305494	73.5678
316640	73.3724
301119	73.294140952
64514	73.1939434438613
363520	73.0931
25407	72.9374144428
298683	72.9092
309144	72.8398687402
315114	72.8095
500292	72.8021
500292	72.8021
500292	72.8021
360970	72.7415500908569
363143	72.5642475282
78969	72.3962
25567	72.3930852958
361272	72.3179
100365921	72.2421
25620	72.2380405526049
25620	72.2040254559469
25620	72.2040254559469
25620	72.2040254559469
83575	72.1804
25054	72.142639024
298034	72.0622048180088
407765	71.7744492137906
311182	71.504503066
25620	71.463636004939
25620	71.463636004939
25620	71.463636004939
25620	71.463636004939
363455	71.4473346034
312727	71.3516449837406
114901	71.3106391063
171447	71.3005188499
299604	71.1917
362892	70.9587
364952	70.4437319576
299923	70.41145
100362678	70.2254
29234	70.1998
25634	70.1547
299928	70.1425
361503	69.9949670226
307907	69.7584913296
140693	69.574
25521	69.3349
298514	69.3226
362788	69.2098926082193
366432	68.94585
293023	68.8873209527805
315600	68.6523
309196	68.5743
315333	68.4486566814418
316330	68.3405
79462	68.0765459122
25289	67.8770808268941
25289	67.8770808268941
171358	67.5101166942
79463	67.4211993842
303730	67.4072637813308
297998	67.0414
245966	66.8928532752
25625	66.6807
305472	66.4858
313981	66.4562
314436	66.4369060189
309804	66.3348
79434	66.272172013576
25159	66.2266
304920	66.2233
313560	66.2225
289337	66.1698
313811	66.0927
315174	66.0233
292994	65.8477
291921	65.7025790232482
304474	65.661
24968	65.4996
58979	65.4525295249557
289392	65.412544177
58954	65.4001
289185	65.3837476918807
84600	65.2692015334
305458	65.2303707504
315134	65.2289938054176
25716	65.1907
305464	64.915307661
192172	64.9136
305837	64.806961942
246214	64.7327
260416	64.6313991675
25528	64.4785414619847
679221	64.4689823939
300756	64.4206
319113	64.3899444058
362963	64.362858481
246187	64.3567377779
298859	64.2756119137
114561	64.184130149
364419	64.088976637
290668	64.0622204673379
288666	64.0526
303599	64.0196444139
171093	63.9310024198
171093	63.9310024198
25482	63.93
304325	63.9021844832
117287	63.5468445392
309357	63.5237
316426	63.4465
65261	63.4161
305475	63.3553910968
59326	63.0701
24385	63.0086
24385	63.0086
24385	63.0086
296301	62.9676
171293	62.9074395868
296267	62.8923991063
313498	62.6935
299211	62.5015
303991	62.4373595079195
308543	62.3725090305
50545	62.323673811187
24717	62.3153
298517	62.2876843524
245979	62.2719488997
287940	62.235618592241
294283	61.753
25594	61.7153
498650	61.6855613406899
498650	61.6855613406899
313481	61.6591
295929	61.4692
58919	61.3585086469066
299858	61.30455
310756	61.2097
361613	60.9555
305095	60.8779
246280	60.8733
246282	60.8574438856
304275	60.821515902
292044	60.8194707371
287545	60.4204
304286	60.3984596179917
315611	60.3878
362955	60.1305
24335	60.1005
310633	60.0914
308909	59.961
29138	59.9018871218151
316021	59.8150443382
297961	59.8037
304579	59.5734957368
309060	59.5287670989981
313717	59.4644
497010	59.3650337682
361684	59.1981
303272	59.0385
305502	59.032484236
311854	58.995315744315
192215	58.9591592677
113965	58.95233312
298032	58.866592384
363131	58.8049
64634	58.7576070525
360459	58.7126
315880	58.46165
246074	58.2338701714
302808	58.0235
361195	57.8719
314004	57.8388
25485	57.7211
309164	57.4241
25155	57.421
362356	57.2078
83720	57.1239
304543	56.9809
81520	56.8923
290668	56.848
304092	56.841
246755	56.8258
308596	56.7814
299625	56.747181707204
64460	56.4839602710562
311846	56.4765074373619
84685	56.4728
287949	56.431
641386	56.3262
29688	56.1745
56083	56.0039760455
315059	55.9738
25480	55.9250907549
289026	55.83919123
116643	55.8228
300095	55.8205
287598	55.7343
64476	55.5931
29428	55.5597
293691	55.4123
296708	55.2717713554612
65130	55.1346
500037	55.1038
305471	55.057
683687	55.0214
300679	54.8059529624
288161	54.7631447758
307845	54.7043
294331	54.5908
313427	54.515196586
313593	54.4538
60562	54.1878
361676	54.053265505
171335	53.9727
29553	53.9664932556
308716	53.8643
361241	53.8215
296578	53.8054452908
24167	53.7633309286144
24167	53.7633309286144
24167	53.7633309286144
24167	53.7633309286144
24167	53.7633309286144
24167	53.7633309286144
63994	53.7465
63994	53.7465
362164	53.698758778
64709	53.5306
362675	53.4180895066132
307643	53.203297293447
304592	53.153075243
361103	53.1157972935
24170	53.1119806192
305471	52.9408
288659	52.9086044143
100189544	52.8649
314462	52.7414693956
116690	52.6408704258
116690	52.6408704258
116690	52.6408704258
116690	52.6408704258
24230	52.5961
29748	52.5094
300018	52.4153517638421
309728	52.3122
289727	52.155868756
309207	52.12874242
304822	52.1158
298541	52.0907
362403	52.0216603244
299611	51.916252272
64304	51.8668
287108	51.7971
252939	51.7302
361041	51.7238
29417	51.7128921724
304208	51.6858918876
313594	51.6337511148811
24423	51.6017
311786	51.5962
313539	51.490748104
365410	51.464194498
685059	51.372
306400	51.3625364678123
306600	51.3363179336
170636	51.3224746075
308457	51.2602
293704	51.2524852158576
192245	51.2339
363165	51.2202
24629	51.142414015
306487	51.1367
116693	50.8697
171447	50.7624749548
171447	50.7624749548
171447	50.7624749548
171447	50.7624749548
171447	50.7624749548
171447	50.7624749548
313594	50.6067601401988
140866	50.5157
295669	50.5078629902904
171099	50.478458425
314641	50.2533278395
314641	50.2533278395
64362	50.0
360482	50.0
29622	50.0
59319	50.0
363545	50.0
192155	50.0
494500	50.0
494500	50.0
24775	50.0
85248	50.0
29722	50.0
494500	50.0
24592	50.0
