364754	96.70232
29395	93.7111
25694	92.772
312077	92.44609
310745	91.50067
192178	89.1308254186839
300944	88.7706
310086	88.1576
54284	87.5479
54284	87.5369
498301	87.1726
315994	87.1223
310960	86.4934943688
64558	85.3985
294504	85.1658
686611	84.3079
686611	84.3079
293960	83.4515
289810	83.3066
25109	83.1217
310638	83.089
84476	82.7922
24493	82.6058
308971	82.0020662912
691149	81.8257
80849	81.4422
313471	81.3712
307124	81.216839116
368070	81.1874
25594	80.7949
297822	78.7577
113984	78.429
24766	78.1323099228
84360	78.0011
308937	77.8441
311384	76.1207
307916	75.312393056
171355	74.6044
298992	74.5166
192213	73.7248
306886	73.3739
288583	72.5141
312563	72.1093
60582	72.0342
305035	71.3723
171120	70.3952
114489	70.1485
298859	70.0776
289046	69.4702
289046	69.4702
293570	69.4437174468407
304037	69.3775
360920	69.3471
24640	68.8308092536
24640	68.8308092536
24640	68.8308092536
308896	67.7454397124
362011	67.241
309053	67.1296
81649	67.0991
360461	66.5187
497778	66.3691
497778	66.3691
314612	66.092692384
296315	65.2069
315711	63.8241
84409	63.2316
114024	63.0636
362665	62.967
312052	62.9601
294287	62.7998
293897	62.6823
83589	62.3899
305317	61.9640061925
140931	61.8967
299270	61.8499
116562	61.8301
310969	61.6059
83840	61.5359
24672	61.4721
171151	60.3838
685909	58.5296
84482	58.3116
295446	58.155086811
361442	58.0647
293129	57.9494
29230	57.7806
308718	56.7834
297576	56.3351
309922	56.320176233
100158232	55.8671
290485	55.8323
303206	55.7411
64831	55.5291
365410	55.440736304
308795	55.3865
312675	55.3341
287212	55.2711781692
294456	55.2541
297804	55.1682232305
306257	54.9797
690911	54.6406
300710	54.3016
316663	54.3007
100310874	53.6598
289606	53.4775
24916	53.3073
306152	52.7796
170667	52.3029
289175	51.143465368
300782	50.9072
306619	50.8503
302502	50.0
309255	50.0
360602	50.0
29524	50.0
307039	50.0
