360619	94.9332362614244
309591	94.63706
317170	93.97849
114858	93.58406
312781	93.03095
311968	92.76018
499020	92.73476
499020	92.73476
294449	92.00843
81922	91.7596855455
363520	90.54325
307833	89.1185
312828	88.4645628344
498411	88.3975900312
303068	87.7778
114104	87.6353
497902	86.5571
298606	86.3788
362463	86.3436
288369	86.341
360591	86.2311
29358	86.0963
116459	85.7774
29311	85.7162
296349	84.5562715938
296639	83.576
303586	83.1424
93662	82.9558
314743	82.8588
362969	82.5255
360747	82.5221
311622	82.4375023559128
266762	82.1845507516
65042	82.0651689406
306527	81.5558
79215	81.5542
292816	81.4707
310392	81.3079926946
64532	81.2856
364183	80.016
303244	79.538
406164	79.4402
314859	79.1367
311604	78.648
294410	78.2303
680782	77.944
288482	77.4097
287606	77.154
84478	77.0913
293939	76.9311
500564	76.5316
83683	76.3989730613
311193	76.2124
294568	75.48455
296956	75.2928
94174	74.3383
114214	73.5859068192
113961	73.58005
361920	73.5492
680445	73.3332467182
170635	72.9541451552
311450	72.8488143576
303311	72.7560876786
114901	72.4818
64519	72.3906627556
266732	72.1765
291610	72.144
79249	71.7627
295428	71.6656
81515	71.5146800576
81515	71.5146800576
84357	71.424
290632	71.1613
361274	71.1291
317343	71.0878
246769	71.0706
24693	70.9416
363448	70.9373
289590	70.79083008
246769	70.7404
25153	70.703
689074	70.543
25552	70.3067
156873	70.2879715936
299256	70.2552
499529	70.0572
24790	69.9584593231428
64677	69.3697
171044	69.0266
24413	68.6529
364081	68.6406
362802	68.5428
498609	68.5180858636
266802	68.166
498416	67.9487
25342	67.9303786096
292758	67.762
292724	67.4653992588
310811	67.1297
266770	66.3808448291
299618	66.196203772
287543	65.8942
29331	65.8002
60427	65.6756
60427	65.6756
689779	65.4506
24827	65.4245699474628
364838	65.3898
81916	65.0534
282826	64.7848
64533	64.4576
260326	64.32155
81651	64.3004
54323	63.8199
309381	63.7703
114093	63.6126
360853	63.6089
293500	63.3627
287464	63.3438
306764	63.3396
25705	63.2785
360466	62.976
312728	62.8672
84575	62.8269
683927	62.6719
114700	62.6004
314312	62.4177
353218	62.3355
363143	62.2255
301024	62.1984
682507	62.0951
58954	61.9471491866
140670	61.7558
54311	61.6619
288937	61.54565
362173	61.4727
315644	61.2736
290705	61.1784
289584	60.5135
307997	60.3949483501076
314618	60.3553
497976	60.143
25430	60.1027
85249	60.0753623002
25743	60.0613389919503
291006	60.0016
25430	59.8098
362102	59.808108136
502227	59.6194
84488	59.3145
24575	59.1573
24575	59.1573
24575	59.1573
24575	59.1573
24575	59.1573
24575	59.1573
313418	59.0625760732
50565	58.9792
59106	58.8842
94272	58.8727378443
25679	58.7596
294074	58.7311
314399	58.5779
314600	58.3471
363498	57.8403
501046	57.8362
291967	57.6514
64666	57.45
246776	57.3732
140671	57.3286
25046	57.3086
315165	57.2862
314543	56.8764
316088	56.8176326824
301674	56.4163
303684	56.3627
303606	56.2951
641555	56.2491
192204	56.0914269482
691966	55.9988
116543	55.9946
246272	55.9866
300989	55.9427
364773	55.7034
319113	55.6309
301086	55.5250429559166
362515	55.5035782806
305861	55.379
25720	55.2724
171147	55.1622
25181	55.1405982625
288702	54.9435
315789	54.8433
298487	54.6364
313594	54.221
297387	54.1478
25216	53.9922488388
114100	53.8036
315478	53.630985776
294431	53.5893925006
64474	53.5831
313594	53.5408
27100	53.5385
291921	53.2966882812
363285	53.2586
312248	53.1742
362650	52.9991
60379	52.8674
293489	52.8586770595
316333	52.7758
303250	52.7589
25217	52.6869
300955	52.5579
303886	52.367
298867	52.0057
297597	51.9842
306571	51.932
310250	51.8939
361970	51.59378348
289521	51.5270336691688
300950	51.508
29398	51.312689690568
25532	51.10080181
365571	50.98710145
25328	50.977
25479	50.9504
313861	50.767
84026	50.6676
311826	50.6184
297960	50.5789
303196	50.5491
303196	50.5491
308337	50.2673140992
25283	50.2366348862
65162	50.0858164752
364241	50.0
170909	50.0
308875	50.0
315686	50.0
286933	50.0
683713	50.0
286939	50.0
