24318	94.40312
311726	94.00583
308857	93.8994570964
311902	93.35534
81667	93.09531
81744	90.81557
25430	90.76085
25430	90.51182
360511	90.392306761
497892	89.5267
497892	89.5267
360533	89.0999011864
170843	88.7598
313131	87.7084
50559	87.6238
296511	86.4415
362107	85.888202524
306152	85.6906057225
310780	85.6714
304733	85.4168
289276	85.2394
310969	84.0163
304935	83.8889438747
688405	81.4014
25058	81.1561
84577	81.0301
309400	80.19195
362246	79.3482231886
301020	78.741
117275	77.6275
313557	77.1526656813
79246	76.9115
289324	76.2635
690489	76.0011768082
306353	75.9542
304193	75.6886
310399	75.3316
100294508	75.2389
360797	72.1697
288289	71.8642
292847	71.7888
313551	71.5316
295586	71.4788
315306	71.3994
79431	71.0686
300235	70.5947
287441	70.1155894132
360658	70.0276
295701	69.51339658
100362347	69.2926
84383	68.6936
362049	68.6313947753071
296753	67.0484
316021	66.8743777739
360917	66.151894336
78963	66.0542
63938	65.5043
297334	64.894
301626	64.8457433455
317260	64.8281656648
171548	64.7672838841
364476	64.1138
295629	63.3126
296925	63.1575
406195	63.114
113906	62.7356
29627	62.5988
29627	62.5988
360643	62.4219
404783	62.3834
290214	62.3605
315952	62.1914
300954	61.9407
404280	61.3106
29376	61.27103497107
29218	61.0281
24356	60.9725
246760	60.782366171
289311	60.5386
25346	60.5287
296623	60.4997201761
252931	60.0944
170924	59.95
308218	59.2936
171084	59.1913
313427	58.5119
65206	57.9365
307382	57.7174
24763	57.4752
312372	57.4208
362300	57.3102469952
65206	57.1959
301229	57.1638
65206	56.9933
65206	56.9933
315579	56.616
64475	56.4647
364298	56.4332
29642	56.1687
314616	55.9728
312903	55.6483
365872	55.5082
306809	55.1968
84608	55.1645
114839	54.8285336182
315463	54.6561
288771	54.5765
246274	54.0048
307997	53.5228
50572	52.7741
689415	51.8582
59300	51.5848
24592	51.2061
311478	51.0083
291610	50.6699
312248	50.6558
363632	50.5162
58942	50.0
24415	50.0
58839	50.0
298500	50.0
310749	50.0
192263	50.0
311446	50.0
