59324	97.4656023167586
84396	95.1304828807
303602	92.6238126716
363455	91.8629959444
170699	88.9555
294431	88.5425
363164	88.333650661512
362547	87.7023208756
81507	87.40207405
641521	87.3037501137
316344	86.6875
293056	86.4085
245977	86.3858
81771	85.7040135652
25243	85.0358303092
297411	84.9616
295607	84.6555
29456	84.5554054304
304244	84.1349
64531	84.012939856
25478	83.1178312703703
308000	82.7455511491
80338	82.2003
297592	81.3274
288239	81.0446
295342	80.9503564728
501010	80.8327
362295	80.4354
307526	80.3948679099524
311468	80.0563
301517	79.1957
497198	78.9173222713
309665	78.5881
305367	78.4563
303824	78.2149
170920	77.9092646718
361554	77.7475
292148	77.5702
64475	77.1614
65180	76.5611199364
364867	76.1822
171112	76.019
406195	75.0766
313929	74.8858
362859	74.4833
681996	74.1827
83589	74.0445842196336
24922	73.7271
498351	73.566908204
25423	73.514268645
297381	72.9755
498003	72.8144481958349
294679	72.8021
246781	72.7686
24294	72.7523
306526	72.6252
362862	72.0731
59326	71.9054
24415	71.8384
361057	71.3324106264
84407	70.7594
294809	70.065437683
362048	70.0557428239744
301085	70.0287879376
682457	69.7371
364420	69.2952
298867	68.691876216
65166	67.0264
24831	66.9372
24831	66.9372
360916	66.7226
499964	66.4318
306695	66.3504
54265	65.8383
498411	65.8049
64200	65.4854
64200	65.4854
64200	65.4854
64200	65.4854
310303	65.3032
25270	64.7179
314321	64.3711
311968	64.0228
303828	63.3003705082
81739	63.112578186
81739	63.112578186
25546	63.0008
245920	62.9488
498999	62.6415120073
501099	62.3630631222658
501145	62.2742
25477	62.025
192253	61.9018
24546	61.5371
313949	61.1941
315611	61.131800396
314349	61.1304
25240	60.9727
362812	60.9226995556027
84409	60.8651
171050	60.6838
360668	60.6691
304721	60.6582786496
360476	60.6115
64189	60.4495
312451	60.1535
309514	60.136475546
83633	59.8086
304410	59.618112141126
307124	59.42235
288937	58.9660455196792
170667	58.8364
300982	58.3838
361711	58.341589362
498587	57.8333428681372
498587	57.8333428681372
309729	57.7826
58838	57.6621616427839
117241	57.3927
312603	57.2436
314751	57.0174897936742
306260	57.0075
297388	56.9357989084
113990	56.7002
362404	56.591
365751	56.5113
289584	56.2026
303824	56.1858
313125	56.046
307897	55.9401035002828
304050	55.8411
24848	55.627645892
304913	55.4924
60430	55.4072082022
691429	55.164796965
24215	54.8404
66015	54.7495
192178	54.590136059036
24768	54.3617
117271	54.3547680367287
292199	54.252225534
65189	53.98665263
360702	53.3124475024
314785	53.2978
310506	53.2303127835572
314405	53.0651177916
114498	52.9407
266767	52.8827
501563	52.7805
140928	52.724784277
140928	52.724784277
140928	52.724784277
80840	52.5204849488
80840	52.5204849488
29589	52.2242
361907	51.6642
81652	51.6198
316211	51.6091
24788	51.3606816395
246245	51.3287
360547	51.321
60627	51.1972
100360757	51.026
25181	51.0056
307820	50.9196837436
25306	50.8719
170568	50.8213
25155	50.8011706629
65040	50.4946260932
65040	50.4946260932
497878	50.4191249826
308415	50.2672504287091
303068	50.1085994546351
360970	50.0
303037	50.0
171099	50.0
24268	50.0
64018	50.0
