679869	99.1934394104063
287585	96.41402263194
295692	95.8067613532
313861	95.5060563384149
307485	95.40086
24367	94.6325048794
64824	94.4656955870002
29357	94.2735727153
29357	94.2735727153
192262	93.9236
81531	93.85375
306274	93.7456127625705
100360066	93.4673846791
291908	92.5183981383344
302864	92.4907078084
292534	91.27562
58820	91.27413
84348	91.26282
363076	91.12507
298894	91.07499
58821	90.5836
363985	89.6219
311422	89.3436
309871	89.3120734729886
246324	89.1248252654623
313743	89.0305061344
117544	88.6691885104
25600	88.3234
81661	88.3163894812
294930	88.1409
296312	87.6432
360854	87.41891122
308937	87.4177045848145
362342	87.2074219205
116697	86.519234537
310780	86.4711481278
24273	86.4267
24273	86.3804
25083	86.1177878766531
246282	85.9585129769165
304900	85.7781540864
297109	85.4220111663
360468	85.1146
312694	85.0879583685
170907	85.0715926599
365755	84.948829923179
314949	84.9256
312516	84.9202
296467	84.8373
287940	84.6208
317673	84.4411
114499	84.3047
314548	83.9498
292925	83.5429
63847	83.4478
54259	83.2209
155430	83.0636
309901	82.9066
170844	82.7801
361970	82.7452919346
314401	82.3141
502020	82.2358
291699	82.1538
295401	81.9472539604
314771	81.9363508048
305977	81.8759
114767	81.7777
25545	81.4263
84026	81.338
81643	81.3356
64634	81.2767
192247	81.2719
192350	80.7822
362750	80.6362
360617	80.4287
252920	80.1863
363045	80.0955749568
306600	79.7939620087
314814	79.765
503018	79.7345
553106	79.7133700086127
308716	79.6858
315133	79.4906
361472	79.281603988
291610	79.07880001335
307343	79.0682019319082
303212	79.0449393775
83502	78.2304
289883	78.2019771501963
302705	77.9102
307070	77.824260531
500116	77.7783
24390	77.617551912
29231	77.4913843911
192248	77.491
314897	77.3908
295327	77.3770279171
680717	76.9589
300126	76.8704
306809	76.7724392505
314028	76.66161973
293939	76.6246835416
116555	76.4886
291324	76.0489
688540	75.9562
360917	75.6770542088
24499	75.5118050205908
89868	75.3884
296182	75.2948657735
314543	75.0988
310960	74.8433
313391	74.6177
304822	74.5102
65205	74.4738287082
295333	74.2173
29175	74.1608
171387	74.0991
289055	74.0379
84380	74.0082
291974	73.8963
57302	73.579409065
289754	73.5112
310773	73.4044905094
296153	73.3045424305
60327	73.1825
29521	73.1457212311
314830	73.0919
24790	73.0493702336327
83800	73.0247
361580	72.9634
25428	72.9242
54190	72.6316124986
498335	72.5779
81750	72.224
309129	72.1766
60447	72.0194247847
60447	72.0194247847
361944	71.9808175879
361944	71.9808175879
64120	71.9044
24416	71.7878
78971	71.7389
25124	71.7063
289754	71.5308
307124	71.5146379615
282825	71.4453085788
679975	71.4418
266631	71.386
288772	71.3297
309533	71.2903
171444	71.1822530875
100360334	71.0799
317435	71.0286739264
315851	70.7373
289233	70.5561034514
114557	70.4643
690262	70.1896026521
306765	70.0546367986
500132	70.0246180918
252889	69.8311509074
310448	69.8047
25204	69.4648
298267	69.3334
312952	69.0034906112
25154	68.9137
26955	68.850443725
361086	68.7832114888
171148	68.5825317833013
500244	68.5217868441069
24415	68.4869
78961	68.481117768
64521	68.2015862709
25403	67.9370215202018
25403	67.9370215202018
25403	67.9370215202018
500036	67.9122030306
315833	67.6197266528621
296137	67.440661916
305310	67.4205656623775
57302	67.2013027754
57302	67.2013027754
312634	67.1706782095
83425	66.963383908
83425	66.963383908
500131	66.5773
685465	66.56110995095
362049	66.5061
362495	66.388683808
500247	66.2409
64312	66.116
64312	66.116
360799	66.0522
56010	65.9909
300838	65.8961947594
303208	65.85414705
171447	65.6457
171447	65.6457
171447	65.6457
171447	65.6457
171447	65.6457
171447	65.6457
171447	65.6457
50688	65.5874
498650	65.5112689236452
498650	65.5112689236452
29433	65.3093
316213	64.979
64465	64.7484
312777	64.7406
301245	64.5598
313997	64.4868422308
84019	64.4401
155183	64.4342
294515	64.3191
25445	64.2799
296200	64.204
64185	64.1721
29503	64.0632
498411	63.9201649432
314004	63.8394
306687	63.6672
301059	63.6506
286970	63.5783
116741	63.5660441948542
294154	63.5014
290705	63.4395
79122	63.4391
79223	63.3486
360886	63.3396
303356	63.2561
302396	63.2157
362015	63.0638
287638	63.0579
83790	63.0211
361594	62.9731
307487	62.727202915
499417	62.683140568
502902	62.55755
29705	62.5028
117269	62.4464
29335	62.2174017967255
29546	62.1997
29728	62.1172
315655	62.0469
295922	61.8959977962123
297455	61.733
295922	61.5484294485513
680319	61.2725
24667	61.2442
302993	60.993
310207	60.890409469
353303	60.8357
293050	60.6378
29335	60.5683290500565
317396	60.4801
317576	60.3162
292721	60.3112
319110	60.2255
313742	60.138012704
79210	60.1364782844
24703	60.056
691335	59.7638
361814	59.5992259495
54237	59.5847629064
313512	59.4824
192110	59.4669
307348	59.4027101521043
293112	59.3218159484562
65189	59.2108
25577	59.152120934
295027	59.0048
363013	58.81256722
691380	58.7909
361467	58.774
362152	58.6839874972
310746	58.634
369016	58.6162
362316	58.5334020442459
25624	58.5291974311
60325	58.505
314743	58.4390118975
305451	58.2887
309478	58.1344
361808	58.0674
78956	58.03385
289424	57.9736
444986	57.7211
25668	57.5073
317399	57.4884
24588	57.1772
363227	57.1616
59318	57.0227
305461	56.9487
296394	56.8708
315904	56.86735506
316256	56.8488120072623
29580	56.7935
293181	56.7371
304284	56.6787
313427	56.6291
192210	56.6129
64531	56.5207046146876
309243	56.5048
290280	56.3898350534447
25613	56.3599
24404	56.281
362246	56.2684321802
300206	56.2135242646
311854	56.19745
313596	56.1754
29376	56.11948734
294709	55.9178
304741	55.7559
289443	55.7228
304833	55.6894
81813	55.5718
313264	55.5449
298936	55.4941941731
361159	55.4911
170925	55.470903908
307401	55.3473176164
316482	55.29524245
362697	55.2392
266802	55.2135
298500	55.1909335478
307745	55.1411
304545	55.0995
29758	54.986655832
313618	54.9349
24942	54.8772
309391	54.8576785212
297867	54.7604
29657	54.7112
287522	54.4202
289457	54.3408653294
307833	54.299956785
691149	54.2270856688
299923	54.1724049725
54705	54.1437
54705	54.1437
113936	54.0184
501550	53.9992441664
298748	53.9960319508
309069	53.9365
361272	53.8977212775
312192	53.6121907067802
362152	53.5368
307526	53.3984713505762
25238	53.3539
303394	53.3252463064
691209	53.160273218256
298959	53.0921
29423	53.0207130275
363452	52.8751
24493	52.738331965
303252	52.7064
361634	52.6084336029372
304203	52.5598
25113	52.4066475853
24651	52.3967
171122	52.2349
245962	52.2152
305679	52.1357178770046
292148	52.1238
29486	52.0078
65157	51.8765
310348	51.7885
295674	51.748
171147	51.7436
360874	51.6646
363442	51.5938
309420	51.5613
310621	51.549259902
290396	51.5003
493810	51.2676160832
303403	51.2469
315059	51.1768823029
171494	51.0526
246295	50.8705
315478	50.8056084450062
450224	50.773
305831	50.7499
353317	50.6994632617
305889	50.688
315139	50.6349
311405	50.4979985954
24437	50.3542489748
309544	50.3392045423
192361	50.008313473
246142	50.0
500287	50.0
309051	50.0
362740	50.0
64469	50.0
360920	50.0
293863	50.0
313242	50.0
360492	50.0
311617	50.0
297768	50.0
