361732	97.33331651851
309804	96.90585
290401	95.38294
304860	95.35067
307820	95.334599397985
293897	95.19197
302495	95.0416244155
367218	95.0240248849
367218	95.0240248849
360920	95.02138
29546	94.6113090088
64303	94.45859
301388	94.38008
313308	93.37136
287436	93.30941
362329	92.80897
293130	92.664521597
290401	92.65473
290401	92.65473
117036	92.55333
26295	92.4445071488
290564	92.26136
363425	91.77791
313241	91.74385
317346	91.58681
315740	91.55099
246769	91.34161
246769	91.2874
306152	91.1323171708
266759	91.12802
315648	91.02453
171009	90.86138
300677	90.85323
25549	90.71738
83525	90.30786
361391	90.093417793
29423	88.4524
360722	88.1537
362918	88.0986
294674	88.089926629
171445	88.0389
678769	88.0297
29487	87.444
302822	87.3455
360993	87.1670351835
64026	86.9869
29714	86.8652
294981	86.5037
366960	86.3055813164
310811	85.8684
286994	85.5837
304429	85.5577
81649	84.9558
500485	84.41302744
246153	84.3180671145
314157	84.1093
444986	84.0583
299811	83.8361919757068
298655	83.1352
94188	83.0643
310483	83.0074
303801	82.7866
246232	82.6321
305624	82.5692
114023	81.3846
308440	81.3457
690188	81.1536
689030	81.0675
100362347	80.9918078991929
361585	80.9199
170844	80.8668
79110	80.5173
308959	80.4948
64456	80.2195987204
310261	79.9032939745
317470	79.8688
25570	79.865470396
114494	79.6617
25403	79.621
25403	79.621
25403	79.621
315798	79.3399
313049	79.3123
297508	79.3114
25415	79.1444
25341	78.83
24214	78.7039669657
294449	78.5966
361037	78.5562200762
50555	78.4334
360600	78.3096
287622	78.2841942404
171390	78.1036
54318	78.0222
361945	77.8814773115
25152	77.4871
117180	77.1453
300950	76.6748
687575	76.6293
310653	76.1832
499461	76.1018
64553	76.0947
192181	76.0787
58961	76.0167
58961	76.0167
290280	75.9081240712509
287444	75.463
293112	75.3691366587997
305104	75.2227
24772	75.2221
60660	75.2088
25035	75.1026
140674	74.8861
309399	74.3343
306091	74.2331
291212	74.1506
54251	73.8454634328025
50993	73.7792
50552	73.7736
314862	73.5664647329
289264	73.4998
299256	73.1745081136
311166	73.0779
313391	72.6619
83501	72.5907
367714	72.4867907072
683667	72.4464
117544	72.4293
361802	72.3364
497757	72.2064
316228	72.1624
300834	72.1454
64823	71.7809
295401	71.6018280804
116659	71.4543
171092	71.4414982324
25507	71.4032
289380	71.3613
24390	71.0487921248
295319	70.7992
25571	70.4192
362860	70.2348
310395	69.9868
24309	69.6136
24309	69.6136
24309	69.6136
691966	69.4803
117104	69.472
288153	69.234
360461	69.1241
116506	68.9791728285
116506	68.9791728285
303300	68.9521
685384	68.7768
24413	68.7394
313254	68.6752
363140	68.4338983944
499929	68.3297
252928	68.1877
298859	68.1735
306562	68.1462743899
304763	68.0109
308667	67.7689
361838	67.2303
291736	67.1552111932203
170496	67.0268
54248	66.8508321645544
114862	66.8293
287925	66.7057
688540	66.6279
301081	66.4892
64566	66.3842
24962	66.253
297930	66.1522
292172	66.0285896744
316005	66.0007
24902	65.6485
25689	65.4753
305882	65.4055
114845	65.4028
24912	65.1358
360605	64.889348745528
305464	64.8747
292949	64.4109
362923	64.3351
84379	64.1779
314405	64.0715334375449
289874	63.7007
296883	63.693
688394	63.4018
362051	63.2946
308212	63.2255
302500	63.0795
311655	62.7147
116469	62.6494043062
498749	62.61485
24316	62.45896267
25283	62.4068
288181	62.1996
64366	62.183
64366	62.183
25264	62.1715
170899	61.4904501264
308126	61.2192
290912	61.1841
501923	61.1769
360243	61.0543
315047	60.8672688146618
361442	60.8540022088
25648	60.662837008
29380	60.378
29645	60.3391
117255	60.0873
362665	59.8681347952
314465	59.5703
288482	59.4016
289196	59.2124
59317	59.1997919381
64470	59.1774
116598	58.9812
24334	58.5455
304537	58.4556
25750	58.411
309812	58.2892
314751	58.1565
24827	58.0526400877
116839	58.0405
116839	58.0405
361684	57.7947
309774	57.6497
287115	57.1349175418
290467	56.9635
363062	56.8672
307893	56.8145
84350	56.7181
310698	56.5047
300173	56.4143
287527	56.2268
89808	56.2081
306657	56.0539
24772	56.0401
171093	56.0137
171093	56.0137
293561	55.886691355
310698	55.5797
170816	55.5554
363249	55.4718
306817	55.4666
192178	55.3505284455811
309144	55.2999
83519	55.0913
64202	54.8766
60447	54.3646
60447	54.3646
311487	54.3299
294673	54.1263561562
24642	54.0041
293847	53.9855
307724	53.8965
619393	53.6415
297865	53.6156
292622	53.5878
361628	53.4222298017
309243	53.3048920174
314785	52.9554
679221	52.919
25306	52.8914
287479	52.5642
362962	52.4793528614
312398	52.4355
60427	52.2777
294643	52.1439
116659	52.1344
116659	52.1344
689995	51.9434
290426	51.8814
303518	51.8487
116545	51.8293
117045	51.6811
293526	51.6202
315675	51.3468
304729	51.2633
315405	51.1384
309901	51.0598
291403	51.0123258853
293864	50.9810566147631
399679	50.9614
296956	50.7997866948
299694	50.645
310669	50.642011504
361907	50.0
246142	50.0
306759	50.0
25747	50.0
292155	50.0
361439	50.0
310448	50.0
