301416	97.24665
302913	96.4928250421618
58853	94.05272
81531	92.8960478126
308568	92.71686
312516	91.8175765564
498351	91.34996
500715	91.31209
296651	89.7152
59266	87.5947
116655	86.882
116655	86.882
305471	86.6349
361585	86.538
306844	86.1459
305471	85.9151
192280	85.9062
58940	85.8944
311721	85.7331946066
317385	85.6361
360840	85.5057
29554	85.4916
25673	83.1384
502531	82.9988
298765	82.372
500040	81.2989
294672	81.2804
116600	81.1847
363603	80.9977
24680	80.8560848191
171018	80.6088712683
171018	80.6088712683
171018	80.6088712683
79252	80.3524595446
299196	79.6043
117099	79.4346
310864	78.410185422
252889	78.1578181664
24716	78.116734708
361289	76.2038
294380	75.5033010826
317312	74.697
296532	74.3437
294964	73.5738
691947	73.3063
305923	72.6406
361921	72.1331
362013	71.1373234804
293112	70.1156
295619	69.6899
207122	69.3804178516
360389	69.1443
260323	68.639913095
54190	68.4462
360540	67.8577
114839	67.2089
301674	66.7289
310352	66.3528
494445	66.091
58834	65.4511
295692	65.202031369
117017	65.0918
58952	64.9058
293570	64.122
312398	64.0155
314910	63.7923
297508	63.763
361309	63.1525
50568	62.9868
117549	62.8474
246152	62.8214
299194	61.4467
24699	61.3882496668
24699	61.3882496668
24699	61.3882496668
24699	61.3882496668
24699	61.3882496668
360466	60.767662276
171010	60.7288
288108	60.2821
291610	60.1092
294667	60.0232
303803	59.8403
307070	59.6991
310552	59.5705
501002	59.1713
64527	59.0952
353316	58.9242
302470	58.576
291699	58.1589
364033	58.0157
24667	57.8981
309338	57.7778
500972	57.4594
276720	56.9168661492
306011	56.6882
25701	56.1898
314717	56.0844
302363	55.8670042552
24791	55.745
54299	55.6729
363122	55.5559
24899	55.467936724
299872	54.8708
307740	54.7658
307271	53.8828
309126	53.7696
25650	53.754
24539	53.4774872152
83471	53.0783
79223	52.9667
314713	52.9492
312495	52.9488
361070	52.6915
298874	52.4393
361969	52.2507
260323	52.145375847
84394	52.077507004
29382	51.9732
500087	51.9589
246776	51.2376
286973	51.1194
312440	51.094
54265	50.8815
306811	50.8599
679462	50.7374
290527	50.73
29456	50.2420378986
311726	50.1536759780687
192227	50.0
24588	50.0
24307	50.0
