64832	99.4956446044467
25672	97.5615881391181
29138	97.0697982875043
296060	96.94905
83841	96.66344
361390	96.40554
308598	96.1083642242146
171148	95.8239178924
54300	95.67449389068
362501	95.27444
308215	94.8319
282587	94.58173
295382	94.26435
58981	94.26103
691429	94.1874186372502
114489	94.1388
305831	94.13177
64469	93.93485
94196	93.8721578754
314374	92.631857173
361063	92.61624
362304	92.41253
116695	91.97017
295538	91.72544
58821	91.65551
360920	91.6088
246334	91.526
246334	91.526
246334	91.30846
246334	91.30846
116501	91.152925652
293098	90.82308
84550	90.50031
83588	90.46605
25743	89.749600155
25731	89.7169
171329	89.5787
314648	89.2829
266711	89.0694922125
362871	89.0513
293701	88.2630269969
81746	87.7406
171402	87.6476
24831	87.6303111925
306274	87.5038
29715	87.2289698336
29715	87.2289698336
29715	87.2289698336
29715	87.2289698336
29715	87.2289698336
29715	87.2289698336
29715	87.2289698336
29715	87.2289698336
29715	87.2289698336
311137	87.1401
307926	86.4004
29741	86.3189
303330	86.2523
25176	86.173
310909	86.0902646594
85426	86.0465483792718
304055	85.997230564
315422	85.8463
291772	85.8379
363115	85.4038
29628	85.307
309126	85.1002164500942
367218	84.6506002786919
367218	84.6506002786919
117264	84.3983066491
296789	84.3536
292999	84.1647
361771	83.6608
64457	83.5594
56782	83.5483
29747	83.4355
291750	83.3057
79220	83.2588
309478	83.2127
303824	83.0458
305922	82.967
362918	82.9293
296161	82.7297
360589	82.2388
294410	82.2194
171358	82.1474
499328	81.3296
366508	81.1795302592
679221	80.9691
303563	80.642
691209	80.455973966
500131	80.3711886424
24803	80.3531
81744	80.2958
679869	79.8994857172
25406	79.8956
360969	79.6508
24588	79.6322
29157	79.3049337224
360584	79.061
360406	78.9935
310352	78.9202
307098	78.8841
307067	78.6949
289595	78.5932
308468	78.557
316333	78.4650397372
316435	78.3343125214
292485	78.3275
305268	78.3111878569142
29657	78.0101
83523	77.7432
295235	77.6918
25478	77.4946
300455	77.0969
25696	77.0879
64709	77.003
259273	76.9976
289883	76.9905
303518	76.4781
24831	76.313033056
50545	76.2643
295928	76.0188
312135	75.7045
114505	75.5868
24882	75.3967286259
289185	75.3201324874
310097	74.9867
689917	74.6419
64829	74.6157
304127	74.5339
81507	74.3251
85241	74.1385
100188984	74.0549354
498287	74.0368
100328908	73.6834
297109	73.323
680445	73.1382
116699	73.0312
305889	72.919897173
84008	72.2025
311730	72.1062
25389	71.733
364634	71.683
140941	71.4498
303141	71.4351
64638	71.4322
309532	71.2919
500863	70.7179
25482	70.7006102581025
114845	70.627506535
24166	70.6165
306487	70.5513
679712	70.1584
314436	70.0889
300659	70.0889
315134	69.9624
29591	69.7813
287464	69.447
308890	69.4338
308458	69.2744
290467	69.1675
60627	68.9859
289668	68.5901
304286	68.302743552
89821	68.2469
29560	68.1352
309514	67.7856
116839	67.4240327368
303511	67.322802865
289046	67.1532
289046	67.1532
305956	67.1357367988769
24790	67.1255394545
294154	66.9563791502
25566	66.7965
81613	66.6974237284
81613	66.6974237284
64457	66.6765
64457	66.6765
64457	66.6765
64457	66.6765
64457	66.6765
310306	66.6665
313874	66.5522
114022	66.5101
308361	66.3871466201896
306862	66.3867248944
303250	66.3453
114122	66.2637
114122	66.2637
114122	66.2637
114122	66.2637
305908	66.221
81613	66.1923984835
65189	66.1048
25556	66.0587
100126191	66.0189
288482	65.8365833856
81613	65.7044
287418	65.6958
303614	64.8876
502372	64.7177
290364	64.6694266336
685474	64.595083232
685474	64.595083232
685474	64.595083232
361103	64.38150928
314417	64.275089107
294809	64.2332538145
498728	64.1879
140929	64.1304
309798	63.9505
362011	63.9194
24981	63.6078
85246	63.038
65156	62.9997
361632	62.7037
308965	62.3998
29628	62.2011
365755	62.0024316071089
300756	61.8066
25639	61.4064
310635	61.3450951326
304053	61.1678938414
79208	61.1139
361295	60.9824
315160	60.8841301784
266777	60.8588592920498
100360066	60.7035634
25650	60.4265
25054	60.3809
315666	60.3779
299197	60.2123722155
691042	60.0492
307081	59.7212
313339	59.6843926762
291352	59.6606
303285	59.5361
361171	59.468
293561	59.299
679906	58.5842
362295	58.5477
306071	58.4776
308445	58.2902
362049	57.7726
89811	57.7593
24157	57.048279256721
140583	56.7278
24642	56.6833
361859	56.563451966
311055	56.4213
29540	56.2643
299864	56.2531
171136	56.1772
308028	55.8987
25046	55.5793138398
24766	55.4197
300857	55.415
500988	55.3493
289392	55.156
25631	55.0173606295
296956	54.918592264
299138	54.9095
304656	54.785424784
308345	54.6011
306860	54.5424545935
65197	54.4515
311441	54.0782
290771	54.0402
292156	53.8336
29555	53.74478424
64015	53.7283
317219	53.709
24167	53.662584852
25735	53.6027604616
25735	53.6027604616
25735	53.6027604616
303903	53.4809
140668	53.292255435
155423	53.1433
303824	53.0262
361736	52.9672
65205	52.8540398408
309144	52.8246
24669	52.6964
304809	52.5731
304150	52.568
299714	52.5085
295669	52.3209433401028
25281	52.2208
25553	52.1534
64053	51.8236
309390	51.6411
116839	51.3504222064
311427	51.1592
114501	51.1225
100529260	50.7185
317579	50.6347
100362805	50.0
84014	50.0
301114	50.0
25614	50.0
