291750	99.841445656773
25162	99.3528363644397
313481	99.109333762
300756	98.4569956680474
307296	98.17113475686
246297	98.0111717986972
29144	97.6798421407978
192178	97.043049220483
314824	96.5496720675335
304218	96.23081969613
304218	96.23081969613
291019	95.935441864
116839	95.712218333
292148	95.3301775798
365755	95.181626677435
288025	94.59520958992
301285	94.4576007152
25495	94.4025
299799	94.3646834838
679937	94.3640546762
361071	94.3039840828
306548	94.15339
29516	94.0207549204
81503	93.94921
25403	93.9117467311
114517	93.8993002393836
498095	93.8370465004
260323	93.6849463134394
310086	93.4520990405203
83576	93.3303778384
260323	93.2598399867985
117064	92.99872
308361	92.8650417907228
246117	92.8388680291
360589	92.6869912068
307820	92.586189818247
170911	92.565642318
361293	92.3161729192
116839	92.294438929
364594	92.16514
304150	91.9652842512
498335	91.85156
689560	91.8176263488
363109	91.6245665152
116699	91.5625596252
24667	91.2337104106
300980	91.109915979
81748	91.1011084214284
192235	91.0241971428564
192235	91.0241971428564
303396	90.9932557757
304862	90.93802
25403	90.9023668225
25403	90.9023668225
25276	90.74191
246152	90.6841331706706
295401	90.6465034477543
362700	90.6114942608
362029	90.5473347753143
294680	90.530702752
24808	90.50689
305055	89.9462
316369	89.839453568
314157	89.4965753929
307745	89.1333842196947
79434	89.1008
170842	89.0977
297109	89.0374
293897	89.0105
364867	89.0103
312227	88.4310990785
498225	88.4092
313433	88.317296875
286895	88.2028
300886	88.158
307740	88.1562635713
306262	87.9432
314993	87.8497
100362678	87.5618
289400	87.5123826308856
24239	87.4026828001
299002	87.3812748262
85250	87.3179853360125
360917	87.1379859304076
64551	86.8971
289717	86.8543
689364	86.8246
312102	86.1530516896
310461	86.115768772
64020	85.9798400063219
315824	85.8332673040981
25654	85.7167901237739
309888	85.5982283292
362291	85.5055290216
305441	85.4296
309031	85.2821150028
300860	85.2633
100362347	85.2275035741453
303926	85.2232044808
83785	84.4179
305470	84.334751806031
83785	84.0811
83785	84.0811
83785	84.0811
83785	84.0811
83785	84.0811
83785	84.0811
83785	84.0811
83785	84.0811
83785	84.0811
83785	84.0811
83785	84.0811
83785	84.0811
304091	84.0734
310392	83.9433621963088
83533	83.8769094688
311800	83.7065
303690	83.6927
303690	83.6927
116590	83.5754488114
305851	83.5518601663059
29627	83.536148162
29627	83.536148162
24667	83.4379
25701	83.4189541430233
25385	83.4002
64552	83.3192857771
64552	83.3192857771
317219	83.2295
83507	83.1828
308322	83.0026569126
60443	83.0016
60443	83.0016
60443	83.0016
302864	82.8217380358182
302678	82.7729
114559	82.7363
114559	82.7363
289693	82.6417525992
25595	82.6286
689043	82.6049
291180	82.237217527
289181	82.1614
25341	82.126637272
64521	82.0015812695246
290705	81.9789879615887
313156	81.95
78956	81.8499273472
360602	81.841006631
300463	81.6227055456
300674	81.5671220057
81708	81.5354953141135
59318	81.4192
312474	81.1703
501560	81.1479427552
595134	81.0649
65197	80.9646
302920	80.9162009175877
84008	80.7663
259275	80.6909
295678	80.6697
288741	80.5729
64476	80.5091
171458	80.4556
303206	80.371449584171
304758	80.2136871509
498587	80.1914491212484
498587	80.1914491212484
493865	80.1616
315034	80.1328
81678	80.0310446082
312563	79.9165788154
29335	79.8743384795794
29335	79.8000616550571
296706	79.7773
362481	79.6638967384
300075	79.6424
117538	79.1874641669
81816	79.1192
305424	79.1158289773
305227	78.9351108484
313035	78.884132635
291464	78.8791
680445	78.6807237701785
314401	78.6799
294753	78.6245
64152	78.6079074044
414065	78.2095
314384	78.1994797588234
291259	77.8967
312927	77.6573587992
314981	77.6074
313418	77.43163207
29344	77.2257
289623	77.0894181201222
287876	76.8955
315427	76.8797473617052
29393	76.8518
310659	76.8335
361389	76.6711
24669	76.6333645670815
399684	76.4829
24766	76.4259
364634	76.3554
294410	76.3197
282845	76.2678
291615	76.2602
83790	76.2374
305910	76.1558
298859	76.1190010303696
170920	76.0864
619580	76.0234913564
289034	75.9642
302495	75.84428962
309911	75.7507
192350	75.667
297483	75.6645
365895	75.647985216
317346	75.6377
314850	75.4573897666
314894	75.3800051438591
64551	75.3235
24669	75.1449
100360066	74.9377567522
361659	74.7576190916
116659	74.18854741
116659	74.18854741
116659	74.18854741
685425	74.1763547344
313228	74.0313323319488
313969	73.9094714832
685472	73.7263059616462
171304	73.6251715567043
29591	73.541444513
364154	73.3384
29503	73.2415
306819	73.1223004448121
301086	72.7941211436455
297894	72.7273
289315	72.5142317290041
291130	72.3677447583984
25501	72.3054
287927	72.1670143710894
306285	71.7561
114028	71.6425
311450	71.6147
315037	71.5392
312915	71.4682
171151	71.3788720142
309165	71.3391
305171	71.2664418556
81574	71.2466604396
291100	71.1886897225582
259241	71.0803871313
29589	70.99
360643	70.9865
80848	70.9594
305367	70.9029741355
100302465	70.8276
293112	70.5401
307766	70.2120210609418
362466	70.2046
291736	70.1847575903
360871	70.0581
310630	70.0448431255
29146	70.0165
295619	69.9885
81817	69.8581
299027	69.7573
308016	69.6676034686
24783	69.470800684
24783	69.470800684
29237	69.4248
84394	69.1764699282531
315769	68.9238
307200	68.7934
303824	68.7928880175
303824	68.7928880175
310958	68.7816103137831
100362555	68.7089
100362555	68.7089
266715	68.5527
298765	68.4974341451
312947	68.4256
94196	68.3974918076152
309678	68.369836
116562	68.1598
29721	68.0133445556521
316810	67.9624
361213	67.9164
312086	67.9137
26295	67.7039
291555	67.6649
362264	67.654374545
25566	67.36983985
25356	67.2644373025
171402	67.0049
245956	66.993052455
29467	66.828
29467	66.828
361879	66.8047
84391	66.5308
170578	66.3262013942
25203	66.1455
260324	66.1331
25492	65.8657
78961	65.617266626
291796	65.5079
362489	65.464597825
298441	65.4644
79251	65.4503
313609	65.3756107189465
288652	65.3517
266735	65.2195601644
266735	65.2195601644
266735	65.2195601644
305120	65.2135
25594	65.1501922421948
310207	65.1403
362607	65.0378
306809	64.8664166866
317418	64.7373449854
296753	64.7076
361585	64.638
362325	64.5937883029
498407	64.5885
309449	64.4858
29733	64.2931997788
314897	64.2498
25428	64.2302
288105	64.2201061642864
314941	64.2097
497958	64.092
29616	64.0906
84409	64.0726
315497	64.0703293891
304244	64.0666
308509	64.0213919515721
84360	63.9581270686155
303016	63.9393985445983
24397	63.7762
304978	63.5965520631451
304900	63.5479442994794
294799	63.5279
307916	63.3959463675
117269	63.3427587637778
679957	63.2963
64559	63.084097592
252963	63.0214964828
362483	62.7826
24538	62.7086
24908	62.6017643902
304851	62.366
682507	61.9537573275301
29647	61.8927
316312	61.8087
304850	61.7594966038
29560	61.728474076
298757	61.6898
304007	61.6518
309514	61.58813328
301085	61.38382042
64029	61.3472
29705	61.1125631885
25705	61.1077
294400	61.061
79128	60.8591
84407	60.85885
296394	60.7371
65196	60.7234
497979	60.6587556674
297486	60.56675694522
296302	60.5654
365802	60.5614
292764	60.5439
360860	60.5257
297783	60.4334
29173	60.4271
444986	60.3984881956
295105	60.3262
84482	60.3039
287940	60.2058
307070	60.0874098228
360764	60.0817307426114
25605	60.0288579872
64015	60.0197
305302	59.9792
305604	59.9259702308
287437	59.9036
84550	59.8336017998582
114488	59.82826224
296956	59.8218174808
83526	59.6044808466
292697	59.5932
289233	59.360954968
294711	59.349178747
300472	59.347
499669	59.3448045958
299811	59.2871102658662
25571	59.1788527352
317413	59.1728
361517	59.0223
100912032	59.0047
100912032	59.0047
303456	58.9201796541992
59299	58.7894649823
292172	58.7807
316344	58.7526
362591	58.7227
192210	58.5544348012
310399	58.5412569632
308537	58.541
304024	58.4106
289881	58.2036
302363	58.20143849
304429	58.1839
296350	58.0107
306687	57.9994
289596	57.9053621056
317396	57.808
362750	57.7693
309995	57.685
301476	57.5946
316064	57.4495
64823	57.4471111072
308173	57.3729298343773
313125	57.3178
362759	57.2426
307474	57.0471
316096	57.0198
24689	56.8994396008
373544	56.789171435
304294	56.7483
25411	56.6235075493
25270	56.5189618385
306571	56.4654795138
24414	56.4562
65180	56.4513109323
310838	56.409
246116	56.3842
304157	56.2663107682419
100911069	56.266
293735	56.2025
50622	56.1759856876
362809	56.1389
80840	56.1364
80840	56.1364
306809	56.134359076
362049	56.0792325232
296136	56.0779
296136	56.0779
296136	56.0779
363227	55.9607
291259	55.9535
291259	55.9535
291259	55.9535
305544	55.8018
83712	55.7346
25615	55.7105
368070	55.3910124952
296182	55.3656835144
314721	55.3464880268
282712	55.1684
117107	55.0478
24414	54.9675
316021	54.8996291775
117556	54.8515
89821	54.6764
117549	54.6383
24477	54.5642
361002	54.4366
363016	54.3876
311326	54.2173
29758	54.1381352517928
83792	54.1331540098
304885	53.9791
25672	53.8022
58952	53.7622
58954	53.7353
498898	53.712
295647	53.5896
25560	53.5738380481
25508	53.3219
287552	53.3122
498003	53.3034459392745
302369	53.2914062208
29628	53.278689574
29628	53.278689574
54244	53.2769849906558
25094	53.1697116571701
81715	53.1697
360569	53.1309
313554	53.1207085175
85382	53.0172
299864	52.9172802063
314148	52.8897925772
366894	52.849
308571	52.8486
362491	52.844
25447	52.8396719696
100362554	52.6821990124
171057	52.642
302898	52.5856
297594	52.5332
116469	52.4878387131
365699	52.4579
100125370	52.4351
362923	52.2462
192225	52.2391
29694	52.1894011770114
308790	52.1108
298452	52.0313
314212	52.0263
308282	51.9966
60577	51.9732
362295	51.9516
315833	51.9345380041
64462	51.8939
64824	51.8677
288333	51.8457
305999	51.8091
308761	51.619
305035	51.5874
298147	51.5084909648
362609	51.4691
304271	51.4235477835
295378	51.3756
314788	51.3393
494345	51.2916
60586	51.2551894096
116596	51.2036641369
29278	50.9997507164
246153	50.9722
289482	50.6427373918076
363254	50.6342
25690	50.5983
25690	50.5983
288821	50.5982776558439
362485	50.572476113898
306977	50.426395154
306817	50.3527939594
94272	50.3392682609238
64562	50.065462012
302913	50.0
315422	50.0
24255	50.0
25690	50.0
303614	50.0
117287	50.0
287716	50.0
