246771	98.7563866987
302920	98.0072689941713
24299	97.46504
29456	97.1133301482749
361688	96.54119
25687	96.30715
304150	96.28986
50662	96.09568674998
64558	95.56366636244
24699	94.98273509593
24699	94.98273509593
24699	94.98273509593
24699	94.98273509593
24699	94.98273509593
312694	94.71121
553106	94.70139
301418	94.69965
192178	94.6866131363479
296603	94.5065754330241
81656	94.432819801
304218	93.5355234628
309798	93.25473
294518	93.2456291284052
360906	92.97167
24225	92.8243280192867
24225	92.8243280192867
24225	92.8243280192867
24225	92.8243280192867
24225	92.8243280192867
24225	92.8243280192867
24225	92.8243280192867
24225	92.8243280192867
24225	92.8243280192867
24225	92.8243280192867
24176	92.75581
296623	92.6287918179
78963	92.53371
303439	92.53242
103693239	92.4662369675541
140595	92.30713
64462	92.2980616124
299730	92.12476716544
295647	91.9714708956
317346	91.96784
497961	91.8108056289
80338	91.76282
307724	91.5699463504753
313098	91.4933
310392	91.3630018222
312915	91.295019982
83502	91.234278868
117016	91.2132723475
291841	90.96207
306748	90.8964735
79426	90.85596
363445	90.80421
361866	90.70926
50545	90.63004
24159	90.51116
679869	90.30039
29619	90.1654106321
317435	89.9599
25439	89.9087002865
29461	89.8242
56064	89.7173
65157	89.6494
100294508	89.4574
25745	89.4038
83626	89.3967680128
24499	89.3048040489912
360704	89.1260059456
24962	89.0471
296501	89.001
29546	88.8634
363227	88.5428
310808	88.2172
287185	88.1866
312711	87.831
307075	87.5714959575
613226	87.3907872917193
314818	87.3702
353316	87.1493
314634	87.0219
29524	86.8895458135
311406	86.2351
29479	86.1855
29479	86.1855
83532	85.9361
301346	85.9197186624
305471	85.7786
313594	85.6781217037
300173	85.5262032557809
100361314	85.481
298648	85.3281382396
313873	85.3072
311441	85.2488
207122	85.2258
363445	85.1474
360722	84.9282
24159	84.877
680549	84.752734764
171159	84.395
289521	84.2112
293949	84.0712
293976	83.9279
360480	83.902213807451
303332	83.7873
309126	83.7197100884
25102	83.674786865
300813	83.5138
293551	83.4301
301285	83.1970937524
297570	83.1774200037335
29194	83.0512948920167
291750	83.0374
29758	83.0364496502406
362481	82.9806
309156	82.941278716
595134	82.8002881636
25159	82.6713
365842	82.59
25501	82.4024
292686	82.2927
362368	82.1891
25248	82.0980776904
304218	81.8352392936
304315	81.7823356328
116474	81.6104
64394	81.2332831309717
309399	81.0822
309069	80.9729417485
114906	80.8905
305035	80.7828
499745	80.7647
171103	80.7559
313598	80.5975
291023	80.5625
360569	80.4384
303684	80.4127
303796	80.4083393794034
316583	80.2645
25155	80.0089578568
29755	79.7675
290644	79.5577
64347	79.5192
56768	79.4093
170911	79.3699
29629	79.3548881945
29629	79.3548881945
306400	79.213627264
293561	79.0915089258869
170641	78.9866
64043	78.9695666797577
304103	78.7985416582
306873	78.7342648987
305471	78.4844
78975	78.1012163166
60670	77.8339388483
293184	77.7559
294276	77.5491
29259	77.374106272
289584	77.1939
305854	77.0857
25428	77.0599
309456	76.9564333
65134	76.8663
245980	76.8019
25745	76.7904
362550	76.6965
83722	76.6708661244
307893	76.5996960398
315904	76.5185241918
680549	76.466698134
301173	76.3170263339926
81002	76.2343790716
311764	76.1909
25523	76.1029
295691	76.0838
499020	75.9919
81925	75.9697
81916	75.9623
314330	75.9033354101
25552	75.8591257201
310086	75.488051795
29618	75.4497
310506	75.3768337567862
497815	75.3239920679
311718	75.3047
297486	75.3018378744
117287	75.1952
282819	75.0908146614806
314824	75.0469549634314
100196907	75.027
294862	74.7490371267095
310806	74.739324814
316384	74.7019
83683	74.5961
316005	74.5340022163768
287607	74.3514507685
305795	74.2303
64154	74.1849
303068	74.0601
498140	74.0461
64701	73.9713
314212	73.8583
294299	73.7652
361388	73.7278
307526	73.51945
309041	73.4288
315439	72.9622967905
81633	72.8374
295965	72.5695
140940	72.5279358539447
29261	72.4517
503214	72.3695
298384	72.2561548654571
171447	72.2393
311797	72.0923
294962	72.0033
313339	71.9330434762566
29554	71.7107
292067	71.4381
360520	71.3498
170899	71.2369
307415	71.2343
29713	71.0568065943671
65172	71.0255
303016	70.9822
309456	70.7433894784
171136	70.422
29721	70.3448
79435	70.2499
289717	70.1498
295327	70.1083
365895	70.1011
84407	69.8641
25615	69.7704
29179	69.7474294726
64017	69.6045
313557	69.2573
691774	69.068
245922	69.0262
298182	68.8577
303336	68.7721
296084	68.3984730045
116690	68.2743057666913
116690	68.2743057666913
116690	68.2743057666913
116690	68.2743057666913
304208	68.2643
140935	68.039
362912	68.0258
362871	67.85267464
306619	67.5231929065
306439	67.454377275
363292	66.9805031920204
291047	66.9265981699
315000	66.8328
29635	66.7447537696
315037	66.6657121968034
315119	66.60945418
29637	66.605
305505	66.5946
114093	66.5415
25605	66.5043
300514	66.4578
304023	66.2351
315806	66.2347746
315579	65.9464
25095	65.9388
81008	65.7954
361814	65.7513
300652	65.6146116405
298521	65.5489664548
360908	65.3027
297483	65.1531
64513	65.1429
499660	65.113
312159	65.046
366203	64.7197
690262	64.71
362918	64.6469
305835	64.5983
681913	64.5657
298521	64.5021395029
296350	64.3069
299618	64.2214564222668
302915	64.1987
292401	64.0088
54289	63.9628
361940	63.7178505038954
288906	63.7036
289233	63.594
498232	63.5789
361195	63.5375
25430	63.2640856570146
501563	63.2592
25571	63.1542
313878	63.1047
25430	62.9306600634686
290467	62.8438004375
362831	62.7469677304
100188944	62.6946
100188944	62.6946
29140	62.5999
309639	62.5013210044
246273	62.4759
305055	62.4668
306147	62.4548
289810	62.4148855568
499870	62.3739
363091	62.3182
171563	62.2928
444984	62.2063
444984	62.2063
309650	62.1991
312381	62.0965
362859	62.0538
287918	62.0282
690919	61.9673
289482	61.7647
54312	61.7514
25664	61.5398
25664	61.5398
25664	61.5398
314649	61.485538375
65040	61.1578
65040	61.1578
54251	61.1512
302396	61.0621
690043	61.0229
312652	60.9199
302495	60.8655411
29645	60.7484613892057
309513	60.7286
315345	60.72615
311059	60.6626
362316	60.4331
313594	60.3800162875
292687	60.3767
25675	60.2603
100233213	60.2117
308361	60.1689963061
24950	60.1503
289143	59.8722
50568	59.8143
89808	59.7453
361504	59.63545
311311	59.4419
314600	59.3281
296936	59.2771
117267	59.268
293048	59.0942
288091	59.0627788414
362011	58.9324
24835	58.8981
307199	58.7194
50558	58.6913
305317	58.4379831746784
361959	58.2031
259241	57.966558781
311193	57.7493
309962	57.7423
498174	57.6878
498030	57.6596
316213	57.6453
117059	57.6391
80897	57.569171057581
310071	57.5326
117559	57.4285
360640	57.3948
24294	57.3669
498411	57.344
29715	57.3106464844
29715	57.3106464844
29715	57.3106464844
29715	57.3106464844
29715	57.3106464844
29715	57.3106464844
29715	57.3106464844
29715	57.3106464844
29715	57.3106464844
361601	57.2322
83627	57.1248
286989	57.1235290865
315608	57.1114435327082
171360	57.0275660043361
499964	56.9409292928
29643	56.9325
59303	56.8998
84402	56.810156656
360920	56.7981
287099	56.6683
79107	56.621821237
303132	56.538
302500	56.5155
308959	56.4311
293491	56.4109
311910	56.3747
24215	56.2702
297096	56.2651
292728	56.2199
316642	56.1404304662
303923	56.128
315664	56.0817
100911859	56.0613
79212	55.9537
302711	55.9213
29219	55.9211
303592	55.8938
362106	55.7641
64157	55.7631
292100	55.7208164131385
170724	55.69928902
500006	55.4724
366205	55.4367
297695	55.4305
297695	55.4305
29735	55.3836
24547	55.321200193
364241	55.2531
57302	55.2115052150445
57302	55.2115052150445
361272	55.1988
25603	55.1623
292172	55.1287
54297	55.1251611424
59303	54.8779
25205	54.7832265364
500069	54.6017
83469	54.5945098207
290829	54.5573
79123	54.5271
360632	54.4142
362591	54.3560166423
363707	54.3344
25054	54.2039909458
291691	54.1424
309526	54.044890798
114845	53.9713031284
364430	53.9264
316539	53.8424977307966
84472	53.6993968339
362594	53.4923
314647	53.4437
303407	53.4311
679155	53.4304975536
364208	53.41851522
297961	53.3509
170920	53.3053
252920	53.2413
257646	53.2279
315644	53.1555
303165	53.0395
364785	52.9720646764813
29657	52.9397
362911	52.8726
688283	52.6043
79222	52.5951
308267	52.5283029604
292155	52.4703628786
25230	52.3825
25230	52.3825
303396	52.3043
304280	52.289811198575
25744	52.2725312556
63886	52.2197
24256	52.2165
24256	52.2165
81785	52.19
362479	52.1567
81507	52.1225
296390	52.0513
295596	51.9648
303336	51.9517
25433	51.923
81504	51.8109
171052	51.8005607767
100362554	51.6846239684
287532	51.6197894247402
298859	51.5553
116726	51.4767
303070	51.2952
24590	51.2352
501145	51.0606
54348	51.0127
307350	50.8765
307070	50.7037493404
54309	50.6742
291320	50.6450753376
84476	50.6193
688466	50.6103
304741	50.463191742
192154	50.4438567865
293046	50.3102920094593
373544	50.0
310261	50.0
499073	50.0
690745	50.0
304469	50.0
299316	50.0
315952	50.0
362713	50.0
498295	50.0
299256	50.0
84357	50.0
