58948	99.3178424164
502886	98.16643582248
59317	97.8627119363645
59317	96.8163247418878
300455	96.5655950455
303016	96.157092329792
295052	95.8981771374
304005	95.20106
29560	94.61958318675
295953	94.2951398614879
361178	93.89181
679693	93.25144
305419	92.87419
305310	92.6119121908
83720	92.48024
64013	92.24574041836
85309	92.19554104725
294321	92.1818647854
81815	91.44137
595134	91.2014166409
246326	91.00232
307199	90.67964
311406	90.59616
83765	90.4754878115832
310375	90.33958
365744	90.3048837796
360903	90.08695
58812	89.7441
295357	89.7413
117107	89.6392822648
361554	89.3717
50938	89.0388
310392	88.7170640404861
314785	88.624268918954
29546	88.4934347315
306571	88.0309
29748	87.6886
317608	87.3795
298874	87.2746786
114096	87.2628
367714	87.0435417664
308509	87.0433341919
308473	86.6456
259241	86.5366
117183	86.3323
303905	86.1902
64521	86.0944023292
313488	85.8931
362956	85.4352
81677	85.2554
307925	84.2871
24790	83.99431651
310769	83.7921
116644	83.7788
360820	83.5532
25537	82.714
289785	82.2446
25026	82.0405
291259	81.8318
291259	81.8318
291259	81.8318
291259	81.8318
245922	81.5466
360511	80.7160714892472
301255	80.6895
116479	80.4192
306055	80.3091
117556	80.258086575815
311224	79.9456
360491	79.7494
306147	79.6398
25139	79.2916
54264	79.2911
312927	79.0456
29642	78.959683052
171028	78.6961
171028	78.6961
299608	76.8723
302328	76.7675972575
363249	76.5501
310250	76.4536091395
29480	76.4372
499878	76.3407
84487	76.2192074268
299928	75.9555
497198	75.6672
664630	75.4544
81801	75.4135
89821	75.3155
29376	74.9045511786
29646	74.723
307820	74.7184384030757
29464	74.417
314824	74.3339
78961	74.3264
58954	74.3154
116675	73.7844
286910	73.2405
116464	72.7728
117274	72.6518
315615	72.5157
305544	72.5149
311327	72.0325974936
315798	71.62918328
295284	71.6095
680486	71.5596227892
289222	70.9467
289222	70.9467
289222	70.9467
289222	70.9467
303113	70.6492
306600	70.6364
360417	70.5693
114488	70.505
171521	69.9334
500131	69.4967
311412	69.308
313588	69.3054
313308	69.2409
94272	68.9170586275213
291023	68.7458
364594	68.4579
309887	68.0531
362665	67.9178
64530	67.8721
29335	67.8684676825
29335	67.7536264775
309126	67.5443130717182
302378	67.3435208506456
29402	67.2165
306659	67.1468
116643	67.053
25685	66.9362
29232	66.9323
171329	66.6646
292130	66.6352
81648	66.4998
308129	66.4544
83839	66.3798
290409	66.3076825786
79252	66.1646
192178	66.1125
294250	66.0993
58961	65.3527
58961	65.3527
307745	65.2104
300652	64.5028
308918	64.4219
24356	64.3391
83571	63.9824
170578	63.7372
314245	63.3569
366452	63.2298
315265	63.1704
307343	63.132058879
286981	63.0497
310710	63.0155
84489	62.9931
315496	62.8351
25049	62.8072
309031	62.7548
116647	62.5769
298410	62.2921
60382	62.1569
360480	61.9173
83807	61.4193
310806	61.4185627539
54278	61.2847
298186	60.9296
290500	60.8736
290500	60.8736
63852	60.8681
361749	60.8393
294322	60.4021
29715	60.3787
192256	60.3527
24508	60.3406
303188	59.1475
170911	59.1062728344
361289	58.8955194964
291130	58.5791626879
500972	58.5161569063
360445	58.113
257648	58.0224450836
114505	57.8648
316482	57.5948546747
361739	57.558
59076	57.5561
299766	57.4911
59076	57.2421
360764	55.9649
315210	55.9554
59107	55.7437
289468	55.7389
79111	55.4791
25012	55.4497
25012	55.4497
25012	55.4497
305472	55.4471
311349	55.2885
287593	55.115
316424	55.1137
297576	54.9491
303259	54.2377
24806	53.9076
24806	53.9076
24806	53.9076
24806	53.9076
312474	53.8867
362463	53.7672
303090	53.6147061956
293149	53.5625
306492	53.506
287927	53.433
315639	53.2861
362521	53.0758
54262	52.8763
54262	52.8763
303399	52.6911
24254	52.4269
315305	52.3845
100361133	52.2164
60447	52.1358
60447	52.1358
171146	52.0948
310960	51.4625
501110	51.138483805
64519	51.1232
309957	51.0422377015
310760	51.0381
500036	50.7809333564072
294027	50.6501
85424	50.6197
314787	50.6181355076
298024	50.0
298024	50.0
301245	50.0
290905	50.0
302492	50.0
361944	50.0
306281	50.0
