25512	98.9432917975825
305268	98.6749427107169
24399	97.93520510176
314721	96.72431956856
140448	96.1572342774
316018	95.9053513094
25230	95.65557
25230	95.65557
246174	95.6503325863327
501560	95.5822050586225
94196	95.4335396708
306809	93.996567125
363232	93.9694
116650	93.9493
171146	93.87338
312516	93.45511
289881	93.1038543652
680407	92.83792
500040	92.42556
301285	92.23089
499966	92.1096698511
291526	92.02344
24848	91.20936
307169	91.1302537727
305373	91.07621
499417	90.89405
306809	90.4913342338
302913	90.294883335
304017	89.6844
304005	89.4501
124461	89.1301
302396	88.7792399872
24416	88.7312
363735	88.6836110992832
308918	88.6783
316021	88.48279824
303803	88.4086322942
315000	88.1487
300173	88.0021266026619
363912	87.7715
313609	87.365
292999	87.3379
680712	86.9408
338477	86.6197
314824	86.5212535405638
303010	86.1227110376
307745	86.0155
685384	85.9147141318
500137	85.8427
286973	85.564028394
64394	85.2170784838952
360459	85.1908
293112	85.0470684997405
140941	85.0253870266
171179	84.8858
64554	84.883450001
64554	84.883450001
685472	84.825405138
360956	84.6076
360956	84.6076
360956	84.6076
29645	84.5937
65045	84.5923594608
50554	83.8512252463
114485	83.8267
84486	83.6427
500131	83.6328182165
680021	83.3597
288108	82.0988398782
171485	82.0422
314743	81.8339
298792	81.53045
24482	81.4539
24482	81.4539
24482	81.3711
24482	81.3711
299928	81.3497466061072
432358	81.2363997116
317191	81.1964
60427	81.0785866972
60427	81.0785866972
291078	81.0671
293186	81.0496
310659	80.9031
305812	80.8833
304092	80.6611
117036	80.3751828335
100910616	80.1188530968
362359	80.1136627806
29163	80.1082
295619	80.0879
295443	80.0808
681284	79.980193969
293056	79.6768
289185	79.6689
308000	79.3168716899973
64363	78.7747
54293	78.7317
313873	78.6269
282587	78.2816
29528	77.7648
117553	77.5946
304023	77.3326000745
297436	77.1947
302920	77.0526670365
362018	76.5413
64442	76.3604
353303	76.3084
84426	76.2267
304074	76.0525
288291	75.9805
361884	75.753356911
312077	75.7065
192209	75.003
113898	74.9528
306141	74.3891
171552	74.359593186
362081	74.2395
50659	73.9257
293847	73.5072
81655	73.1125
498030	73.0815673303
301323	72.7868
501454	72.5958
501454	72.5958
362317	71.9577
84550	71.8752536775
116644	71.4595
306439	71.3923
81830	71.2836
299799	71.2757
314214	71.0498
361831	70.9394
25498	70.8324
80849	70.8264613962
315904	70.7431
116665	70.4353
29611	70.3741
362600	70.15
299905	69.8237
308820	69.6058
361651	69.562
300891	69.5149
100362554	69.3894
114489	69.349202281
317418	68.9464
300710	68.9227
292814	68.6513
24392	68.6019
314417	68.5763
114562	68.0594
361289	67.7683
362048	66.7185
304495	66.6689
288154	66.6474
83526	66.6049
302363	66.5907186087303
315524	66.5666620864
24926	66.1017
116472	65.9374
299256	65.9148
307526	65.5987
299714	65.3705
24679	65.3558
294709	65.3466
25705	65.3156
294421	65.2096
64709	65.1253
294245	65.0575
25235	64.9977099322
29546	64.8619
679712	64.6999
24257	64.6171
81809	64.6013
81668	64.5762
24225	64.4632125282655
24225	64.4632125282655
24225	64.4632125282655
24225	64.4632125282655
24225	64.4632125282655
24225	64.4632125282655
24225	64.4632125282655
24225	64.4632125282655
24225	64.4632125282655
24225	64.4632125282655
50572	63.9797
309031	63.9196340287
307492	63.7148
310097	63.5055
301097	62.9043081056
498266	62.7392
50558	62.3621557504
362479	62.2937
291946	62.2115
171064	62.1626099464
29735	62.1612
361555	62.1492
303281	62.0241
361624	62.0188
289175	61.7304
266759	61.7289
192350	61.701
499328	61.5986
25672	61.5271
58942	60.9466
302864	60.8247
363455	60.7739
301289	60.7723
312824	60.7634
500430	60.6134
64552	60.339332375795
64552	60.339332375795
84396	59.8041
304822	59.6428
293448	59.3792
362923	59.3583
310506	59.1296698227862
290326	58.9958
499914	58.8849
299685	58.8729425714
315423	58.7524
29753	58.5691
59265	58.556
313234	58.069821192
25312	57.8492
300756	57.839
25284	57.8293
83785	57.3758
83785	57.1784
83785	57.1784
83785	57.1784
83785	57.1784
83785	57.1784
83785	57.1784
83785	57.1784
83785	57.1784
83785	57.1784
83785	57.1784
83785	57.1784
83785	57.1784
360557	57.1679050201133
295327	56.6835
317297	56.3937818726
287615	56.3401641744
60333	56.2295
304947	56.2045
314212	56.1245001727989
25187	55.899496831
303602	55.68005
360895	55.6239
361338	55.5405
25603	55.1926273789
364624	55.1626539204
288654	55.1586
25253	55.1517
116633	54.849
308821	54.5719
288091	54.5055711620667
304809	54.2639
116483	54.1927
290303	54.1882
689388	54.1868
312678	54.096979465
171562	53.9126
65023	53.8437
65023	53.8437
65023	53.8437
65023	53.8437
140639	53.701021831426
309126	53.623723852
363760	53.5842
25735	53.5627
25735	53.5627
25735	53.5627
50621	53.5505
57027	53.4879
498301	53.420281672
313418	53.0868
84575	52.767
498309	52.7297714456
293637	52.7002
293637	52.4595
364137	52.243
298867	52.219
79224	52.1973679118
361400	51.8053
291314	51.6837
29694	51.4209
312182	51.2361
290232	50.8086
498549	50.801
307343	50.3855409141062
50552	50.0
65153	50.0
116554	50.0
301674	50.0
