361970	99.0929534214291
302396	98.8277013977287
314964	98.80265168514
303016	98.72371584366
309126	98.6355984937018
291610	98.0414076043
316085	97.84376300533
289717	97.70492924452
305419	97.56342
295649	97.1900729608
362962	96.8147279939885
83712	96.22225
298765	96.176424226
304074	95.8066347282
25428	95.47441199614
85260	95.3234866676
64053	95.26784
306147	95.00650131829
29300	94.99832
361736	94.82303
305066	94.68373
113976	94.61986
315806	94.5107
25353	94.47227
287441	94.4387288126699
298992	94.1453285022
81816	93.77005
298186	93.66117
291534	93.11351
684112	93.09959858108
307348	92.88298
311919	92.78205
310960	92.67108
282845	92.65377
117041	92.64229
170538	92.30691
316539	92.1354291809764
307820	92.0794653205
362687	92.04254
60448	91.62829
317274	91.57805
310392	91.5616392256
29705	91.5476755133421
362778	91.51751
116741	91.41864
24398	91.2861750827
303824	91.190084998
363269	91.18024
64536	91.0875916112
293645	91.02942
310086	91.00175
24784	90.9857331631
364137	90.93531
171160	90.6712899436
361096	90.51983
25478	90.46002
361634	90.39159
64527	90.26309
246074	90.05411552
24667	90.0301238848
81707	90.00681
314818	89.9512813004
303070	89.85815
58954	89.790724
288161	89.6556
309888	89.5763483406495
311580	89.4049
362912	89.3966493582
315798	89.3912117462
192210	89.3754
116658	89.1411
85497	88.8448
288482	88.5013
24390	88.4944114617
114116	88.3923
171440	88.3646
29748	87.9734
24398	87.8987
297783	87.7844
63840	87.7443
298867	87.6709
296279	87.6576
24215	87.6565860663373
171152	87.575544502
287543	87.4456
297942	87.1052
315664	87.0259
361920	87.0043191269438
245920	86.6733
245979	86.6576
307474	86.5684799535
301173	86.3443176505552
310969	86.2323
25094	86.1844471970887
25341	86.181
313488	86.1461
65168	86.0603
54193	86.0495
301038	85.9244
301388	85.9080175428
170906	85.8021
304037	85.6971358458
308265	85.6562009904
246116	85.614705936
298944	85.6067675776
303300	85.4537
363140	85.343
361859	85.3276
305502	85.2273
116477	85.1744
360797	85.1316
64547	85.0126
298370	84.904
314949	84.8075
314352	84.80033993
310760	84.7887450112
311437	84.7723
24493	84.6143
293135	84.5987
50938	84.4709
299138	84.3014812114326
362862	84.2211
293452	84.1568
500562	84.0464109193
309135	83.9531
192361	83.816
29380	83.8037
498416	83.7578
29733	83.463840446
309429	83.4106
308624	83.4039
679869	83.3427
303824	83.059895071
291359	82.806
171458	82.6555
63845	82.6331
313876	82.6309680274
361070	82.5521
313370	82.3166861392
295105	82.3032
246254	82.3026
311872	82.1246
685144	81.9926
314157	81.9506780565
361554	81.8553273814
81633	81.8209
24835	81.7977
307199	81.6008
315824	81.5298293226733
100125361	81.4993
361565	81.494
689030	81.3015
363026	81.2283
363026	81.2283
689364	80.8824
360917	80.7945
301555	80.029496656
307350	79.9201
303604	79.7577
312824	79.7135
312828	79.6435144513
117087	79.5703
116487	79.3531
257648	79.1543
66030	79.135
314587	79.0986
293343	79.0975
500715	78.99
117050	78.9061
170816	78.7115404148
303836	78.5798
316415	78.5073
24356	78.5002342125
294744	78.3945
361626	78.3770832248
24413	78.2348849119083
192235	78.232
595134	78.2274
171109	77.9984
303292	77.6271
315210	77.4929
29376	77.479
296884	77.4309
313873	77.3861
50558	77.3801
79208	77.3326025498589
313270	77.2532
298012	77.2170669832
288108	76.9875727622
363118	76.9089
60331	76.9059478642
307075	76.7869151892101
29456	76.7334322954
25524	76.7198
25524	76.7198
25524	76.7198
25524	76.7198
314634	76.6876
306817	76.5895
293017	76.3558
685232	76.3143
114122	76.2858
301309	76.2156
360551	76.2044749376035
303923	76.0569496714
94273	76.0307
287462	75.9932
297109	75.9689138188
58853	75.8464
313997	75.663970816
309407	75.5841
24831	75.4337871272
24831	75.4337871272
308267	75.3951
298982	75.37
116590	75.1249345506
303135	75.0889
29140	74.8811
680445	74.7475
25647	74.7268
299928	74.5523904769395
293067	74.2351594609
444986	74.048991669
293960	74.046164404
307745	73.9485056752
312135	73.9243032694114
306328	73.7859
301434	73.732
363455	73.7259583824
362065	73.3598
25448	73.0832
686295	72.9868
29591	72.7794
362520	72.6797488768
116477	72.6445
116477	72.6445
295674	72.3113
310659	72.074562836753
302705	72.03015
681062	71.9205839331
296753	71.7759796372
64124	71.6077963573
171138	71.5894
307382	71.4802975400267
313388	71.455
25267	71.3122
25367	71.0119
25367	71.0119
25367	71.0119
25367	71.0119
282587	70.9155
24693	70.8340934016
287940	69.5266636
116663	69.5254
78963	69.508
363266	69.2786
501083	69.114
304669	69.0613
664630	68.6676463859
364403	68.5169
305910	68.4975
25508	68.3908
100362805	68.3739
310288	68.0257903341
295500	67.8207
308709	67.4333159167
24316	67.4064069454
310399	67.3641099638
155430	67.2632
246254	67.1651
24932	66.8619
553106	66.8277
303188	66.8154
114102	66.7161
406160	66.6043
170851	66.5252
83825	66.4165417152741
140940	66.4019
365755	66.3567
85426	66.2968
308023	66.1892
682507	66.1752142597
297805	66.1487
500638	66.1174217485
303831	65.9338
301363	65.66
79242	65.5779
315758	65.5144
689890	65.5071
100125373	65.0713
294030	64.982
79208	64.9768
116600	64.9187
291259	64.8236
25204	64.6764
84586	64.214
306792	64.0007
50687	63.8591
295631	63.44699723
252920	63.3227
29187	63.2396
296968	63.0981
298075	63.0468
314771	62.9323
294734	62.9197
312563	62.8929221336483
25152	62.7692
25248	62.6074719212
287212	62.5411774429
171064	61.9534
305544	61.9337
361555	61.8797
81801	61.8436380244
79428	61.8271
288353	61.8267357946
309129	61.701769995
114494	61.4941
315434	61.4401
156435	61.2597061998
114488	61.1806065
306009	61.1299046805
316005	61.0372193095
24479	60.9519
310250	60.7762
366889	60.6519
432358	60.5445
25549	60.449183636
25469	60.2458
29628	60.2433
29628	60.2433
303259	60.1932
29395	60.1896
303926	60.1169
293112	60.0329316609604
296084	60.0063
24552	59.9046
500244	59.8983034599538
100188984	59.8555
25650	59.6305277245
303298	59.4372
314824	59.4073
24513	59.2572
291793	59.0368
373545	58.9756
64521	58.9516309479032
192235	58.4648
361959	58.4517
54251	58.4475630256
361467	58.4088
295401	58.3543
362170	58.291
365382	58.2288
85249	58.2152167392
54705	58.1308
54705	58.1308
29629	57.8675
316256	57.828
311450	57.7411
362490	57.7208
25617	57.696
362713	57.5654
84409	57.4946228095077
25639	57.4611
100158232	57.1751
259273	57.148
304091	57.0958
291540	57.0184
365601	57.0021043744
362741	56.9418
287522	56.8132
100310874	56.8091
25243	56.7261
363443	56.608
79119	56.4649
83476	56.4135
315655	56.1941
308739	55.846227424
304315	55.6143313981
24414	55.5678
499537	55.277
58942	55.1070307547
360983	55.0447405586
313053	54.9997
317312	54.8387
315150	54.7282090707
59076	54.6896
25648	54.6139278902
298690	54.519286912
84397	54.484
308215	54.3969
315333	54.3931
83731	54.3362
192204	54.2317598347074
59076	54.2228
314743	54.1928
296623	54.0605
24242	53.9103
362750	53.8671
306814	53.8471
116506	53.76919486
116506	53.76919486
307766	53.7591091456
361849	53.5351
289596	53.4197
302368	53.3881
360956	53.2731738927
360956	53.2731738927
360956	53.2731738927
310378	53.2166
302492	53.172
298426	53.0262
310838	52.8908
79209	52.6876264918
360833	52.6612
81830	52.6288545116
680229	52.628
309207	52.6114079888
292756	52.5661
303321	52.491
29598	52.4381
65162	52.3875
365042	52.378947925
362037	52.2258
64553	52.1446
690528	52.0293267838
171086	52.0175
65261	51.959
100359680	51.9363
65272	51.9066
266711	51.8396
301346	51.8209
317335	51.7529903880983
308790	51.6792
140942	51.5331
29463	51.4891
316232	51.4374
362591	51.409410673
64191	51.2104638775
140734	51.1318
25694	51.1210338548
54284	51.0477
308537	51.0105
54284	50.9904
64824	50.8524
297504	50.828640293
299691	50.818
25306	50.7266
360764	50.6626457231581
50572	50.6567
304900	50.5601
307483	50.5569
365355	50.0
360466	50.0
296121	50.0
