54241	98.42356407248
54289	96.5115062097279
362665	95.7238633830836
294568	95.61689334883
25106	95.55579
309407	94.53819
100361376	94.38865
81515	94.12447
360775	93.8607773142475
316539	93.792944296
308000	93.7354680268043
500616	93.71451
85432	93.67833
314996	93.4503449896
289138	93.1842
300472	92.6641138515
54254	92.47587
291670	92.02488
64440	91.7778906046359
24159	91.73875
24159	91.73875
25565	91.33501
292244	91.17442
64053	91.08689
25696	90.8378
81515	90.72097
679028	90.32517
29300	90.2124453439
317630	90.133871413
84018	89.9228958924816
293820	89.479
307724	89.365
314157	89.3288
116589	89.1928
29521	89.0372101044
306165	88.6506517849
291044	87.429
29528	87.1618
24667	86.6618
500430	86.4604
301442	86.2821
288105	86.278
246232	86.1566
302642	85.5378
29358	85.5302
305152	85.2924
310399	85.1892
310635	85.1153
81651	84.4401
25411	84.3615
287275	84.3136
297783	84.2754
308837	83.7768
296084	83.4483
286932	83.351870577
361303	83.0004
361745	82.6203
294734	82.6185
295347	82.2850639189
499749	82.2494
64536	81.9080264455
362015	81.7301
299156	81.3448
291130	81.3427
114104	81.2661975697
81800	81.2358
306283	80.9443
362757	80.6905
25270	80.6431
303306	80.5273
363062	80.4140811892
287585	80.2058
501454	79.8722627536
501454	79.8722627536
24795	79.6907
29564	79.6796
500251	79.6451
25669	79.2299
64678	78.8212371058063
84600	78.7035624544
24335	78.6855204514
300791	78.5097
29726	78.3344510944
362733	78.1745333332
362733	78.1745333332
289034	77.3613
259241	77.2833146679
288651	77.2273
361431	77.1041
246116	76.8760352553031
29448	76.8684208707
259273	76.7482
315463	76.5726
85434	76.5680243228
171070	76.4904537229
499330	76.2876
297093	76.1386
25230	75.8937
25230	75.8937
306647	75.4106
300120	75.0923656288
170851	74.9815
84476	74.8716
293016	74.6898
24500	74.6753362066
293016	74.6741
192242	74.6575
302502	74.6433
58923	74.2429
690139	74.2041
266605	73.3776
362483	73.2044
295965	73.1685
25744	72.8689
497815	72.5095869638301
317271	72.4368
50993	72.237
83500	71.6243
246244	71.5699
316256	71.0048
297376	70.8254
306790	70.6381442171
288111	70.5504
309804	70.3795
292831	70.1786
311384	70.1067348487
297173	70.0532326558
307745	69.8583
315600	69.6835
304573	69.6256
171375	69.3472
65196	68.9905210324
362779	68.8665
170920	68.7607
313033	68.5175
295053	67.9326865372
25631	67.3188381183159
498728	67.0543
368002	66.8243
140914	66.5939582522512
316328	66.5898
366274	66.2179
311419	66.1290888148
25454	66.0572
288454	66.0030827114
315666	65.862
307916	65.7655
315833	65.5591
315338	65.5543
294456	65.5053
688276	65.4749
117029	65.0637641269
293494	65.0343
300880	64.7882
288322	64.7156
171432	64.6458266875
171432	64.6458266875
294809	64.4983944232464
364754	64.2645
25578	63.959635954
83425	63.9337
83425	63.9337
60427	63.8834982144115
60427	63.8834982144115
301737	63.7096811593
24370	63.4558
315608	63.2714926849937
287134	63.2501
56781	63.1083180287713
56781	63.1083180287713
50566	62.9660500978
287927	62.8148
308061	62.6438
299236	62.4435
100529260	62.3562
316737	62.3207835977
85254	62.145
24212	61.8305446228
29309	61.7466
310306	61.1442644502
303836	61.0756
85428	60.9497275105645
309478	60.890184464
81744	60.889
304271	60.8196
315639	60.5163
292406	60.4656
252889	60.2038
314855	60.019650135243
114856	59.8428
292536	59.8172362976
313264	59.6201
299138	59.5749
25216	59.5477
363442	59.2887
64442	59.1805
313668	58.6199568424
170909	58.5782
297504	58.4937882262767
295568	58.3055
315305	58.1753808644
362316	58.111436096
24974	57.7257
288010	57.6113
305544	57.558
311508	57.4168
81748	57.4131
311252	57.2653
300948	57.1325
85333	56.9649
295319	56.8994
310909	56.6079
304024	56.394826363
64552	56.0174
64552	56.0174
309828	55.9252
296558	55.835
365652	55.8001
361196	55.7687
304807	55.5240589874
192126	55.4655
287595	55.2973
114482	55.2751080403067
81002	55.052525692
24407	55.0323
500972	55.019272985
314964	54.8018201536
498112	54.7226
309611	54.4994026848
116744	54.4989
308961	54.4860354298
689995	54.4262
292843	54.3180208292
361668	54.3128
500300	54.1571
313125	54.1495
294643	54.1228
298992	54.051
25314	53.9146157132024
29737	53.8950564703
498909	53.756
29335	53.6310385748
313027	53.6161
289276	53.4569
85239	53.4147
170911	53.383
362342	53.2715
310341	53.1031
688717	53.1006
89805	53.0812
304343	53.0179
117186	52.8183
360953	52.7119
287477	52.6059
29335	52.5920788864
308537	52.4004613448
25654	52.079
404781	51.9383
368042	51.799857741
25367	51.7882006395821
25367	51.7882006395821
25367	51.7882006395821
25367	51.7882006395821
171116	51.7465
298653	51.6335
84402	51.6193911972
84394	51.5686
498301	51.4374
24854	51.4201
302711	51.1677154375
688705	50.7776
25643	50.6916
24766	50.0
65156	50.0
309449	50.0
114216	50.0
