289276	98.3478314427
308126	96.05767
289054	95.70686
313370	95.2565652801976
305454	93.92253
303754	92.99613
314384	92.97070734368
315707	92.9207
361319	92.16415
117560	90.84834
295327	89.215009821
304074	88.70292109
297867	88.4241
83472	88.3583
25459	88.0879
25172	87.73211611
313588	87.2326
299811	86.8427231612066
25157	86.7343664228
311236	86.0419
301489	85.7462
310071	85.3439
302470	85.304
302373	84.9938842065035
363856	84.0761
310749	83.8281210716
317464	83.3988
310855	83.3829592928
315259	82.6663
155918	82.5471030655
81826	81.7797
302680	80.873
287441	80.1618
302980	80.1124
289036	79.3847
170842	79.0729
117544	78.6218
367714	78.4907844955
287222	77.9212
25479	77.6988
288322	77.4858
689931	77.2144
24699	77.0365
24699	77.0365
24699	77.0365
24699	77.0365
24699	77.0365
300173	76.6793788284001
300446	76.0826
140923	76.0232
313264	75.4721
500538	75.3674
304885	75.0137
297784	74.5171
289623	74.4676317252
493810	74.3965
304284	74.2551
315000	74.0404
305317	73.8411675064
310669	73.1751
366265	72.87051511597
307382	72.3456
296076	71.6456
89784	71.3205229348
500000	71.2277827966
308326	71.1795
362721	70.9093
114117	69.8997
314964	69.8219
259237	69.4262
362316	69.3981
64469	69.2612
290595	67.7666
25267	67.3620797692
308282	67.1582
24950	66.8893
294734	66.6399
365755	66.3875
83824	66.1232
313609	66.0786
300901	65.8827
300901	65.8827
296708	65.7850617282
292887	65.4252
313242	65.05354703
619440	64.8499
24294	64.80159085
140666	64.7632
25549	64.6308
315804	64.377028864
116740	64.2332190816
501083	64.1337884914
25701	63.7134
259242	63.6578
307724	63.6572825188
25603	63.650703172
296762	63.1715
362037	63.0918
58820	62.7034
29382	62.627
303763	62.6052
100910806	62.5824041557
308794	62.5334
117514	62.108
64551	61.9679
64551	61.9679
303923	61.7405
362778	61.7198
252900	61.7125
114100	61.189170816
24784	60.9237
79435	60.8228
316351	60.4099
499022	60.3863
314717	60.3451
294809	60.2971160295
314721	59.7427
314221	59.4946
29486	59.3426
362018	59.1175
29628	59.0548
29628	59.0548
361321	58.6195
89803	58.3332
29602	58.3168684115356
311456	58.2783
299766	57.9598
59299	57.5157953599508
314312	57.4767
266809	57.4114
500555	56.9888
499308	56.87279029
306011	56.7635
84686	56.6775
312440	56.6006
316409	56.4488518784
305501	56.4367571572
360762	55.9548
295382	55.9047
246282	55.8027927942
94196	55.6858563152
295500	55.5734
286973	55.56387133
292760	55.4122
307986	55.3904892206754
679640	54.5718
288257	54.5514
29150	54.5033
65162	54.1594842062
24675	54.0078
362170	53.6987
25403	53.6759
25403	53.6759
25403	53.6759
303285	53.6591
60562	53.4512
306549	53.2669094962
79124	53.0318
29627	52.8300733776
29627	52.8300733776
295631	52.1635532224
298071	51.945223657
24667	51.8012
25705	51.7823
304103	51.4354
292597	51.3593
314423	51.2625342132
314423	51.2625342132
25341	51.1782
310399	50.8209
114839	50.0540447751
171494	50.0
65205	50.0
306285	50.0
29580	50.0
500036	50.0
