292016	96.90545
317444	92.51652
65262	92.16269
54302	91.93417
54302	91.93417
287612	91.27672
302373	91.1060668583
303875	89.6123
319113	89.595
80897	89.3166
114856	88.612603417
83613	88.2944
360891	88.2405
29704	88.059
292409	87.8026
307296	86.7849
309002	86.574
79216	86.4548
312927	86.3691
360872	85.7275
257645	84.7894213120803
363494	84.3138
298655	84.0849
29562	84.0412
113922	83.9625
291047	83.7277941312
503214	83.3948
305423	83.3236
25099	82.1836
295635	82.1825
361285	82.1629
303165	81.9765
305837	81.1148
65081	80.9496
314641	80.6529061625
314641	80.6529061625
192178	80.581058074
307480	79.72696625
364867	79.7038019524
287474	79.378236128
29688	79.3722
24267	79.3112
306009	78.0178310836
29417	77.9207
29150	77.8291
685607	77.5781
59312	77.0676
24689	76.4813
54314	76.3977
291075	76.3478572375
298426	76.1324
29263	75.1756
360589	75.1331
309656	75.1136
24245	75.0385
24245	75.0385
24245	75.0385
314855	74.6017639977254
317382	74.5298
116500	74.41045
302396	74.1487820670468
287437	73.5621
363061	73.5195
54299	72.568608565
25620	72.4645
25620	72.4567
25620	72.4567
25620	72.4567
313098	72.018
170843	71.552
317235	71.4314
114214	70.7820194236
310463	70.5166
171525	70.1896
361258	70.1491
294862	70.0717108553711
502227	69.6409736164
310745	69.6007203872038
25405	69.5696
25636	69.085812488
302363	68.7995
290206	68.6942
79463	68.6095389008
317260	68.5494
25450	68.5112
312705	68.4366
362107	67.8208
79146	67.5474324861037
79146	67.5474324861037
290985	67.0531
311854	66.9165
293820	66.6388
362246	66.2226
300222	65.9418
296179	65.4446
287208	65.0143917102
315716	64.9897
680319	64.9858
297337	64.8827
64040	64.6682
64896	64.5737
311355	64.0194
362826	63.9275
315611	63.844
29473	63.70470044
89817	63.2376
291076	62.101
24158	61.9814
25620	61.8974
25620	61.8974
25620	61.8974
25620	61.8974
25556	61.598
308118	61.3402
296137	61.2418
360555	60.8475
117287	60.8281
310250	60.7318
686117	60.5535
360619	60.5283
89817	60.5047
310392	60.487100504
310760	60.4757
85385	60.3932
85385	60.3932
308409	60.1761
687031	60.0406
360557	59.575819068
286997	59.3301
316101	59.2572
303753	59.2282436817
84402	58.946
298032	58.8667
89821	58.5307
289668	58.4918
171084	58.3978
501502	58.3419
301097	58.2522
315170	58.1533
117557	57.7031
362018	57.4679164396
317575	56.9031
364081	56.7352
24173	56.7196
294643	56.1361
368042	55.3658
307997	55.1597178738
25086	55.0335
494222	54.9642885989
29456	54.8394
294154	54.789
170848	54.7404
689404	54.7392
25157	54.4696762385
317396	53.6274
296315	53.617
311414	53.2464
689593	52.977097568
59101	52.8845
304709	52.8267
309144	52.6194
362650	52.6038
311866	52.2627
25622	52.1001307804
25622	52.1001307804
361618	51.9669
303824	51.9375
303824	51.9375
65248	51.8012
306204	51.7259
362265	51.6807
360389	51.5477869503
287098	51.464106572
80773	51.4199
309400	51.3618894314
311422	51.3123
317256	51.0051
59110	50.7585
24533	50.0695971856
24175	50.0
362265	50.0
25204	50.0
29219	50.0
291964	50.0
