94188	98.94932326172
297995	98.6426102528
29500	98.5940733430147
282587	98.41032388408
64845	98.0083857176
85250	97.75113425346
64471	97.58319
170929	97.00412
303351	95.6477
497078	95.62825
302363	94.8261498684425
29642	94.52506708606
29148	94.38603
85426	94.3173456120125
25669	94.2223
312927	94.01985
64047	93.9064083956938
289357	93.53944471585
310540	93.08255956777
25690	92.9109370347701
25690	92.9109370347701
25690	92.6788911108631
317407	92.4293040424
59324	92.42444478056
63852	92.3775778426
94195	91.73391
154985	91.6807
309888	91.4875472396132
498549	91.29575
362849	91.17438
361060	91.10722
297867	91.0822224247
114901	90.7545197804
679693	90.62725
295333	90.49762
29364	90.459805734
317191	90.39319
301097	90.365211639702
100359680	89.809
679869	89.2924
315891	89.0198541955
79237	88.4943
308537	88.4164
29331	88.3060504918
29335	88.2733113392
29335	88.1762237322
24166	88.163
499157	87.8999
60422	87.5724
362220	87.5179
59322	87.1459518744
171159	86.9859
29714	86.8631146308
89786	86.8278
25230	86.8014461786623
25230	86.8014461786623
116740	86.6421569126
308282	86.5956996144
301309	86.5443727276
361920	86.5312715029
60349	86.5205
83531	86.3974
362897	85.8601
310694	85.7447871169
192272	85.4632
680319	85.3129
25615	85.0869386623
246046	85.0387
301013	84.9341
316742	84.8092
117025	84.7851
116486	84.2542
81687	83.99
313994	83.8215
266808	83.6262
498798	83.5364
286901	83.4801
311903	83.2467
293526	83.1899
117044	83.142
500972	82.7804
688785	82.7169
308129	82.5417
311730	82.4597829792
498241	82.3789
89811	82.1663
360821	81.9032
79250	81.8945
308473	81.80215412
292267	81.7804
25316	81.6122343975
306873	81.6038
311462	81.5509049691
24717	81.489
291259	81.4461
291259	81.4461
291259	81.4461
291259	81.4461
500244	81.4241373382
300950	81.4105
25279	81.1744
293061	80.933
29641	80.8446
171458	80.8179436835
64537	80.7440770249
314157	80.7364
317247	80.4078
317630	80.1705490951
307900	80.1492
361030	79.9634
297666	79.8569
363013	79.8221305344
288321	79.6106
311450	79.5718635144756
308118	79.1852
84511	78.9594
25684	78.8198
307642	78.0292
303828	77.1799
306261	77.0246426748
595134	76.9713
362911	76.9626168262
305467	76.8484
310461	76.8048968968
362466	76.7528946230344
312828	76.5417
300719	76.4091
290467	75.84565
310074	75.829
303300	75.514
60586	75.4182
296787	75.396
301363	75.1614
100310874	75.0724628471162
81744	75.0
310526	74.8965
25353	74.8877
316312	74.5735903837
309798	74.560199653896
25613	74.4701304978
24392	74.2953
361970	74.0678730174579
304799	73.9708
302470	73.947
362778	73.9204
299691	73.7495
310392	73.4900248303394
246262	73.1123042728
29735	73.0977131259699
79120	73.0605
299738	73.0134
50566	72.8434
303801	72.7833118267
291182	72.7155
316976	72.5185
287962	72.29713212875
296182	72.0707
84007	72.0575
314384	72.0293413227666
310375	72.0256
300652	71.96366843693
360886	71.621528496
311146	71.4815
308789	71.4751
85383	71.2638
60351	71.1579
311129	71.1523
296966	71.1353
29592	70.8518
315789	70.7508
29144	70.6344814563813
373544	70.5469568604
301289	70.5221
60326	70.2745
24521	70.1827
24521	70.1827
24521	70.1827
24521	70.1827
24521	70.1827
363266	70.1364
307428	69.9850896922
500036	69.942930056
315137	69.8749
303968	69.7981
315926	69.7106
302378	69.6897384796
310261	69.6788202464
361628	69.6427
60448	69.5353
309243	69.5217
367786	69.4277
25235	68.824
266711	68.4606
298186	68.2604
317219	68.1438739116823
81708	68.0385
29300	67.862
24552	67.2777312661
84409	67.203702367
365946	67.035
83613	66.951382851
25701	66.8333
24772	66.4128
310749	66.0908936518
299521	66.0584
25055	66.0246
367218	65.9448
367218	65.9448
299928	65.905361092
289717	65.8901
289054	65.8789
310838	65.8007
116647	65.7912
307050	65.6356766872881
361509	65.4178934179
289407	65.3942379008
297486	65.3662247810149
298091	65.2163
689890	65.1342328284
361705	65.0393
81816	64.6811
293476	64.4523
313647	64.3944
25454	64.3893
303132	64.3729848173788
360816	64.2585
307180	64.22661014
64669	63.4485
314855	63.3725
305451	63.267
65028	63.2522
302492	63.0705
24498	62.85038032
29157	62.523
25196	62.4643
114839	62.3329033744
81639	62.2283
497961	62.0326
171152	62.0001
116631	61.813074199
116631	61.813074199
116631	61.813074199
689704	61.34099645688
25570	61.3398200656886
360895	61.3156
303206	61.0539847443749
308896	60.9223481422
25642	60.8889
140942	60.8417
246116	60.5435777416
498206	60.3909
502894	60.3345
171355	60.3048
498486	60.2078
498486	60.2078
308361	59.9955467269457
114483	59.8682
500538	59.8386
313242	59.8308
306860	59.791
58840	59.6932
294400	59.6648
309957	59.365
84016	59.2373
54278	58.8637
305935	58.8319
287129	58.6548854028
306451	58.6347356288
306281	58.5327
685258	58.333787508
305795	58.3228
361585	58.236939466
64677	58.0912
25326	58.0478186434
311726	57.9342
300036	57.8949
300036	57.8949
300036	57.8949
245961	57.774
493574	57.6762
294228	57.6648
312952	57.6018358848
311494	57.4996
313418	57.491
362817	57.1473
315798	57.0118
688777	56.9296261696
64043	56.7974120595448
302495	56.6383309454
24831	56.502
24831	56.502
79032	56.2605
171072	56.1514
64152	56.0203
79244	56.0177
685232	55.9387297764
83497	55.7648139946
29509	55.6787
84020	55.6225
292461	55.589999622
303567	55.567
307905	55.517
432358	55.4909298702
81504	55.3621
117041	55.3381
305317	55.277789791809
316737	55.277409304
299002	55.1978671491402
310399	55.0771906188
315949	55.0141536256
24493	54.9856
685144	54.9139
685332	54.8251
84598	54.7614
25309	54.747
691380	54.7235
117553	54.5784
690693	54.4927738499
295686	54.3133765584
29670	54.3094
289175	54.3075
316019	54.2234
360993	54.0894
302396	53.9452821007
313323	53.6644
25668	53.6515
304833	53.6362
29707	53.6288
295461	53.3676964567
311487	53.2185495317649
25631	53.2182732914
294154	53.1797
316008	53.0591
308703	52.854
114514	52.6288
365583	52.4316
60327	52.3553
117179	52.2818
24680	52.154
25576	52.148
308939	52.0363
304150	51.8952
296639	51.8844083032508
317399	51.8623
64823	51.7311
29480	51.5234192292
368042	51.4327
294734	51.3652
25096	51.3563901216
366624	51.0334518708
314683	50.9615
306994	50.9547
171093	50.7279820184
171093	50.7279820184
294744	50.585
81656	50.5301
299730	50.324033944
24669	50.1030083929
84379	50.0783466415
289924	50.0
317322	50.0
310806	50.0
297942	50.0
307604	50.0
362235	50.0
291328	50.0
29383	50.0
