171378	95.35151
25031	95.3022360510829
170911	91.0968032711899
83824	89.512969304
360768	89.4356
306687	89.3962
312538	89.2776751616
365963	89.1761
24877	88.9968
301378	88.7034
297911	88.5402
361659	86.9944
114119	86.9131
79256	86.1012
79256	86.1012
79256	86.1012
79256	86.1012
24689	86.0639528833652
365948	84.8603
298944	84.1165322721262
362002	83.3967
59318	83.0977
316005	82.7709
245981	82.5009
59303	80.5002159781
314126	79.0678
64440	79.0663
312030	79.0096
171458	78.5527268923
84487	78.4982
83825	77.8354834
287280	77.0535
312915	76.9046
684112	76.8102
25479	76.2149
25584	75.7257
171064	75.5114
291095	75.1743
155918	75.0218451613
315308	74.1409
619374	74.0069383515585
29602	72.9178
313861	72.6821
59303	72.3349647177
317407	72.029
287615	71.3581394584
116631	71.2502
116631	71.2502
116631	71.2502
64521	70.7392838866
29403	70.6722
116467	70.6586
595134	70.1737
312890	69.962
310864	69.8171620364
81676	69.8088
29436	69.5023931470584
297768	69.4565
313152	69.3554
65053	68.8334
50555	68.64
303915	68.3509
24683	68.247
29710	68.1837
363445	68.0530372544084
100362555	67.9587
100362555	67.9587
298942	67.10904934
29337	66.639
306451	66.5374
310843	65.4875
65157	64.9904
679906	64.8306
313304	63.7917
302378	63.5351
246116	63.5082800446
311098	62.6103942493
305105	61.6243
498140	61.5646
29517	61.2759
29517	61.2759
29517	61.2759
317418	61.042826752
296121	60.978
316249	60.9181
297592	60.5441
310659	60.5069
679869	60.1538360485
290447	59.7107
64574	59.6686
313581	59.25
299714	59.1292
25528	58.8733
300813	58.3287
309514	57.8886
25556	57.1862
307343	57.0211513125624
690516	56.9907
317335	56.8373353087
291019	56.7178
362479	56.3006
313477	56.1097952852
304923	56.0692
302373	55.9425786719224
25601	55.4466
25601	55.4466
25601	55.4466
25601	55.4466
25601	55.4466
25601	55.4466
25601	55.4466
25601	55.4466
690163	54.7192
500036	54.3517
305035	53.8478
500538	53.4586
312607	53.3535
306575	52.3906
314711	52.082
314224	52.0743
304646	51.7468
25620	51.7466
315666	51.7299
25620	51.7233
25620	51.7233
25620	51.7233
80900	51.6979
301574	51.6366
303016	51.4615
309126	51.2467
24678	51.2035
24678	51.2035
24678	51.2035
25620	51.0263
25620	51.0263
25620	51.0263
25620	51.0263
310958	50.9017
311252	50.6637
50622	50.5738075008856
60460	50.5285
116469	50.2285828304
83726	50.0
25399	50.0
