25139	99.3497133998652
314616	96.42771
363984	93.2831399292
83576	93.0425591526228
309871	90.91363
289399	88.4930024619531
361811	88.1596
299897	87.1092
29362	86.9776545796445
50659	84.662677128
25187	84.0
29480	82.2358391731
117255	82.0039
314157	81.8766
29323	81.8102
688174	81.6772519972
116600	81.2438
313539	80.9748847273
301067	80.5724
192362	79.9842369265947
497815	79.1126
310645	78.8432
29331	78.6227
115769	78.6059
25054	78.3652715390407
65040	78.0149134476198
116502	76.4262
502525	76.2991423525
362962	76.1220432142
287441	76.119159716
360764	75.6212
366478	75.2207
171373	75.0414665872
360990	74.7362
24948	73.933398096
315134	73.7875995513471
311468	73.7723
288545	73.6295
287159	73.1737
309312	72.2945
289584	71.5300908595
54293	71.1341
79463	70.5148
309722	70.1312673844733
24283	70.0512
140670	69.9831
24668	69.8212
117241	69.7383
287622	69.6374
311861	69.5296350771963
360640	68.172109584
300458	67.9079
312675	67.2473166553
296121	66.8725
309165	66.6396
303214	66.3173
287479	66.2612
27150	65.7899
688717	65.5845
56768	65.4723
266681	65.081
171360	64.957
246334	64.9553199065763
246334	64.9553199065763
114029	64.6411633546
299928	64.2543
365748	63.6004
83505	63.07905
246334	62.8810799733
246334	62.8810799733
84686	62.6045934862
303304	61.877
294964	61.108
498407	60.9047
311562	60.6073
171093	60.3548655616
171093	60.3548655616
25608	59.6492
310526	59.5635
25113	59.5091753808
309069	59.4532
308346	58.8228
292139	58.8164196103
266686	58.7269
29547	58.649
309070	58.5171
292139	58.1770460548
117099	58.0949
293049	57.9505
301097	57.13115237
310348	57.0515
60396	57.0022
266601	56.857
29149	56.7182
305471	55.9955
24400	55.981
89791	55.8859488112
29483	55.70115
29483	55.70115
29483	55.70115
29483	55.70115
100233176	55.3296
117087	55.2986
27100	55.1533631936
293938	54.678
299618	54.5127355412183
305471	54.3523
366975	53.7675709096
316519	53.2241
116744	53.0547
114110	52.6921
81641	52.5627
314224	52.443
305816	52.3848
360785	52.3476
25492	52.296
293820	51.8104
291948	51.4214
50622	51.2518470907
306562	51.0433
360481	50.9194
312258	50.8824
64455	50.5892
59317	50.3512891168
299201	50.2696571174832
299638	50.0
293701	50.0
