50572	96.28271
686189	96.200892127
29211	95.7384097522
337868	94.06201
83613	93.88352
84394	92.2237767380211
117088	89.8343
25413	88.88
679668	88.844965704
65165	88.0618
84597	87.8754
314743	87.4776
299139	87.3954
246116	86.4681046229
296390	85.7379
64366	85.7148
64366	85.7148
289233	85.1021
58834	84.4653
309380	84.327840274
313433	84.2071394908
307070	84.0187838608234
114514	83.1604
171068	81.947
686611	81.911
686611	81.911
315478	81.89688966
289101	81.2398
316344	80.45
252963	80.2360984888
308266	79.8347
116728	79.5878
313811	79.5138422125019
313352	79.2382042632
301033	79.0170980824
54259	78.7259674138
619374	78.3569
595134	78.3079
24410	76.9942
304791	76.9374
497991	76.5928
58954	76.2958
24788	75.9933
497892	75.7538
497892	75.7538
306809	75.7533417480957
94272	75.4074646542
295334	75.3583
363061	75.28
312299	74.4986
362418	74.3236
362171	74.3066
25245	74.2172
25245	74.2172
116721	74.0524671212
64026	73.9803
500137	73.7599
500562	72.2897
114017	71.9587
365797	71.6025195915
246311	71.589
25501	71.5816
29402	70.676
291750	70.1222
362152	69.8406
361285	69.5719
25454	69.516
292023	69.4029
25235	69.3788
313994	68.5261185412
294734	68.0832
25272	67.8558
116554	67.3386665563
314126	67.1654
306548	67.0837
304809	66.0085
56782	65.6828
316256	65.4010474222
29140	65.36415
311414	64.8909
304807	64.834
313771	64.7249
304786	64.6012365923886
306424	64.4023
303702	64.3282
365299	63.6861
171455	63.1244
171410	63.0069
65205	62.9461
298024	62.8602136427928
298024	62.8602136427928
308061	62.731
29181	62.5395
192280	62.1616971436
310693	61.5907890592
310785	61.457796928
306809	61.0457209941126
58974	60.9545
170943	60.6500999992
361712	60.3239
24237	60.3016
29149	60.1381
81682	59.9619
311078	59.8181
84471	59.505
362956	59.4932
291314	59.4510250085
362809	59.3476
300756	59.2856
282587	59.2841
360917	59.2021
56029	59.0734
25479	59.05
292994	59.028
313510	59.0204
65183	58.8968
293488	58.7203
310710	58.7117
259218	57.9134
24766	57.7058
58919	57.6065452656
24397	57.3028
85426	57.1394210089
297708	57.0506
361261	56.8385
362490	56.2605
117255	56.1993
64559	56.053495438
24356	55.9971008940083
301245	55.9728
360834	55.9557
296884	55.714
315023	55.6413738838
100036765	55.2463
288272	55.2105
83612	55.1213
361400	55.079042151
361178	54.9094
83629	54.7483
296710	54.6035
314917	54.4724
25715	54.2466
364712	54.244717258
303193	54.046
81679	54.0119842062
306459	53.7514
296161	53.6578
171358	53.6107
313961	53.3423
307200	53.3277
304833	53.288
363266	53.1657
303563	53.142
303828	52.7968
314423	52.6049
681359	52.5434
306562	52.4973742048291
24697	52.4147
292148	52.2929
287464	52.2175
294449	52.2044
116664	52.1672
303505	51.9003
362776	51.8231
29715	51.5615
59327	51.4963
83824	51.194737
312728	51.1324
288651	50.9732
363292	50.7724
25697	50.0
314855	50.0
313270	50.0
