315615	96.48123
85497	96.3619222375
29229	96.20179
288731	93.3476360496
297804	93.16778
24306	93.06436
298423	92.97046
300253	92.68872
685232	92.64633
309207	92.45429
361784	92.44126
361784	92.44126
317464	92.19022
363228	91.9945835504
307288	91.86442
170907	91.42705
361060	91.04423
257645	90.95065
290501	89.8317
286906	89.1063
117036	88.6017
497991	87.5903
246116	87.4507782992292
286932	87.370118708
140914	87.3254673669
300782	87.0902
315617	86.0018
304988	84.9951
65045	84.1617
171547	83.6293
689399	83.4647
300444	83.4273
116718	83.3528
246237	83.3153
310745	82.80661411
288779	82.7725
290467	82.753
313873	82.7182
301674	81.6908956228
302369	81.3965
60331	81.2909
303181	80.9394
315608	80.235098935
305367	79.4987567065989
304109	79.05
314405	78.6939136528
300117	78.2424
313264	78.0841
313581	78.0271
298103	77.876
245922	77.7544
24777	77.6292537322
365299	77.5722
25065	77.1157
25065	77.1157
170906	76.734233654
362316	76.4688
317435	76.3711
300186	75.6747
300723	75.1326
303907	74.8191
305164	74.701133408
282838	74.4599
306886	73.8444
307820	73.7975239714
25745	73.3292
294103	73.0548531244293
688705	72.92
80338	72.8033
79212	72.5947338832
305475	71.8891
310806	71.7752
286928	71.7253
367786	71.7214
304005	71.7092
117540	71.5511
287927	71.2787
116500	70.8659
24416	70.2282
291259	70.1674
291259	70.1674
291259	70.1674
291259	70.1674
361510	69.8625
60325	69.617
25434	69.5528
315305	69.4776
293570	69.2705
60670	68.6847
288079	68.6382
685465	68.6085
85245	68.337
85245	68.337
300901	68.2656
300901	68.2656
691149	67.8683
308958	67.1616
362749	65.8544
114520	65.8276
363412	65.292600832
25337	65.0759
304692	64.8355
310071	64.7512
24482	64.2466
24482	64.2466
362304	64.1913
24482	64.1172
24482	64.1172
84006	63.9211309255
29630	63.7653
360526	63.3051
64015	63.243
308384	63.032
289992	62.557
114850	62.3991
316632	62.1389
298874	62.1316544675
311902	62.0953
54319	62.0765
362356	62.0265
309858	61.913
24465	61.5427
302864	60.9169
432358	60.7314659045
301563	60.2911
301563	60.2911
301563	60.2911
308537	60.2653
64552	59.8405
64552	59.8405
24407	59.5808
191571	59.5195
83515	59.4426
171433	59.3489
114521	59.1863
304271	59.0481
678759	58.8799
25431	58.8071
65218	58.7425
287129	58.0525
300659	57.9305
307487	57.9268
315210	57.8151
29197	57.1958
316639	57.1814
363520	56.6695327968
688502	56.3335
192267	56.2118
316211	56.1777
309804	55.886
24253	55.7159
24253	55.7159
24253	55.7159
311569	55.4701
310969	54.5948
362223	54.5445
64547	54.199
365755	53.9942793256
85267	53.768
311355	52.9673
290749	52.7271
301574	52.5831
50871	52.2243
689890	51.8071
310808	51.5658
246324	51.464
293154	51.1295
684536	51.0852
305472	51.0154
192280	50.9223
64202	50.7243
361321	50.5327
641452	50.0
58964	50.0
29163	50.0
287076	50.0
317260	50.0
295645	50.0
65129	50.0
