25407	99.9999760134608
298914	99.9981560237864
300980	99.9939912604273
361338	99.9824586815121
304103	99.9671204031185
60417	99.9217951133827
307724	99.8704770391267
298653	99.5127998060918
29717	98.0027984016
29717	98.0027984016
362665	96.5986402894644
25037	96.5279190027
84407	95.684103527
24944	95.56254
261736	95.07278
84409	94.5371513334532
140931	94.1971655528
296884	93.97197
289311	93.3224621428216
304813	92.2567748263823
360511	91.9571454374
117140	91.93719
288280	91.92461
25537	91.8459446131927
306804	91.3616
291787	91.04383
299714	90.77336
303016	90.652798612
60391	90.0452621063
444984	88.4119
444984	88.4119
686295	88.0664
502020	87.6968
25281	87.4372172743
292949	87.2544
317675	86.7783
303336	86.7478
303336	86.7478
24922	86.59774399
305468	86.0124544798
317368	85.7010535668
58961	85.0278
58961	85.0278
306400	84.9521253685249
54276	84.886
299256	84.8744
29336	84.7732719723418
25694	84.6419000617498
140937	84.4585
303828	84.3737261109254
309758	84.305
310969	83.3181410091848
286984	83.3031331361089
498140	82.8569
29344	82.7629
294799	82.7056
365299	82.5544
303926	82.3509409863138
29448	81.9397291411
613226	81.8709925223847
291328	81.422
364634	81.129706635
307479	81.0256
29502	80.8938953244658
290629	79.6893
294043	79.3716
314423	79.2355
314423	79.2355
317580	78.6017
84030	78.468092910531
361319	77.9097
300341	77.8410316717942
24521	77.7800019844623
24521	77.7800019844623
24521	77.7800019844623
24521	77.7800019844623
24521	77.7800019844623
304881	77.5073458760851
302369	76.4307255264799
24948	76.3678
305464	76.305333791
83526	76.1353645330714
24248	75.5771647998093
298091	74.8563527127307
304150	74.3834885392
29737	74.3222
79245	74.13
54348	74.0331
29613	73.5736
29613	73.5736
29613	73.5736
50555	73.5331
361389	73.5302
170911	73.2046
24316	73.1814
305886	72.4467
313974	72.2573
315272	72.087
687031	72.0589331736
65133	71.8879
84489	71.8834
29599	71.6398049466281
292401	71.5212
316249	71.4645
297486	71.212006216
83519	70.4297
312382	70.2083
298792	69.9499
24660	69.8334
310261	69.5631869199885
300849	69.5327
64394	69.3136305482182
680445	69.2103356498
309888	68.8561993389113
362165	68.6599
305977	68.3224370731
60447	68.2209730424
60447	68.2209730424
313969	68.0737
361725	67.776009984
84356	67.7203589767353
25065	66.8362
25065	66.8362
314046	66.4464808368
308266	66.1719
89784	65.785
252920	65.6811685652
313418	65.599047226924
83514	65.432541663
317589	65.3261
362521	65.1669
304758	65.1470186386
64013	65.0926629585
314964	65.033377096371
117100	64.8088
296115	64.5227
286973	64.3559
298850	64.114157551316
24484	63.7922
311202	63.64535
29628	63.4933984473
29628	63.4933984473
81748	63.09
291015	62.9050646269
81652	62.8076
306055	62.4998
100362678	62.3336943685
294783	62.2329
309243	61.9797
84550	61.6332657745507
301337	61.5942
685472	61.3428064830968
619393	61.1584
310375	60.6185
499022	60.5656
25035	60.5589289861
304193	60.025935295
29546	59.8474
360720	58.5341
500048	58.2527
292843	58.0879
304056	57.8823
301076	57.8564968120818
301010	57.5979
287473	57.1905
85240	56.7017
298646	56.6777
171402	56.5460947184
300955	56.3229
25672	56.0795661538
78965	55.897
171500	55.8829
246255	55.6947
29459	55.2462
432358	55.1366
314304	54.804
691533	54.7951
362700	54.495129658
79218	54.4319732815
296137	54.387700806
360993	54.3312519882479
294606	54.292
64862	53.4987977088
170913	53.4017970008
313387	53.1581
315524	52.7670687462139
315915	52.5277707112
291610	52.2239101914977
499508	52.1403
304947	52.0802934154
313876	51.9823
171503	51.7399
289657	51.6891
100233213	51.4864124437
84556	51.3175
365668	51.1676
64531	51.0992
306141	50.8288
307474	50.5537
171297	50.5225
287521	50.456305408
116487	50.0
295596	50.0
294431	50.0
54267	50.0
287462	50.0
301709	50.0
314212	50.0
83613	50.0
