171108	96.0446959304
81504	95.7343853584
365751	90.07708
363474	89.8057
290467	89.2448
288615	89.0945841997
287533	87.7954
113894	86.392
314930	85.7701
685244	85.7354
24399	85.4890152754
366061	85.4197
304786	85.0543791241
312640	84.7124
685244	84.6001
83792	83.8064
497815	83.6095
363460	83.0496
361814	82.6700529775
361842	82.1714
50993	81.1058
25172	80.2446
64826	80.1002
56817	79.6432153736
56817	79.6432153736
56817	79.6432153736
298765	79.5179
363462	78.2756
65278	78.0743
25295	77.9827
361272	77.8747
690043	77.4152775039
304741	76.9411306146845
363062	76.9267
25469	76.1711
302669	74.8089
305012	73.8563
293042	72.9619
65278	72.9284
679890	71.6359
293449	70.6229
305477	70.3293
689995	70.0971193176
192215	69.6723309272
305164	69.6371618914
171396	69.1705
305600	69.0495
60447	68.6189554658097
60447	68.6189554658097
60434	67.957514425
207122	66.4405466084084
303343	66.4306933578
305235	65.756035648
297572	65.737
305256	65.5573
25489	65.5334
116590	65.4934
84586	65.1708
303016	65.0126
292697	64.8516
305922	63.8691
81022	63.8245
362092	63.7714
294804	63.5021
314949	63.3939
300236	63.2344
81655	62.3434022632
170824	62.3351
81771	61.1713
84391	60.8359
117056	60.5367
171390	60.2768
316351	60.259
170698	60.2522
317270	59.9093
298518	59.2957
79119	59.2064
306127	59.1961
64531	58.5427547859565
361677	58.0898001611
292584	57.9765
500282	57.5100463144
311182	57.4002
290551	57.0502250956
314157	55.3392078418
83526	55.1646163255
303798	55.1353
312054	55.0657
314438	54.6737
363256	54.6013
287361	54.4998
25482	53.9329
94165	53.8401614494502
117269	53.5697523422577
309586	53.5542
313725	53.5095561659
313418	53.3566664329107
24778	53.2210691921
308000	53.1805008038627
311902	52.7573
301416	52.6238
29200	52.4181
691589	52.2337
306562	52.229258657057
289810	51.8518137015744
307810	51.771571204
307997	51.6964143718
360983	51.4967
296865	51.472
305464	50.782580875
315352	50.6451
299907	50.6015628707024
85384	50.5511
315191	50.5031
365755	50.0775442735
24895	50.0
300025	50.0
301130	50.0
191595	50.0
313564	50.0
