366894	98.8124872617814
362485	98.03027946175
116668	97.9305300325
304900	97.4996085375805
310506	97.4080666232271
306110	97.3765348219908
286973	97.3448586572516
24831	97.06625332439
79433	96.3742426872
303016	95.9078048906026
317435	95.7545204888792
306091	95.7201862305672
364952	95.70043
362092	95.68395
289881	95.62733829965
116482	95.339685736
25705	95.3379262634185
498140	95.20764180436
24831	94.8626685241
362185	94.8361429564
310806	94.7979277569416
192178	94.7829996916036
293098	94.45993217263
306720	94.39658
304109	94.10758971785
369016	94.06985
297504	93.930845746
304791	93.8391
26954	93.82759
103691034	93.6842971182417
291604	93.57774
307474	93.54084
316412	93.53206104226
682902	93.5068498368
25514	93.090965876
689931	92.88894
304218	92.8650372009251
304218	92.8650372009251
24188	92.47361
315958	92.28225
85243	92.2020530822
292263	91.9883990068
114216	91.84151
116551	91.56963
58954	91.12575651
25099	91.08077
362359	90.72339
24413	90.6807196103
64200	90.67127
64200	90.67127
64200	90.67127
64200	90.67127
291320	90.54661
288264	90.5277291099802
288264	90.5277291099802
315689	90.1598864076
297783	90.0190194067
58940	89.7333674041
361585	89.6328349748332
171102	89.3471
313053	89.2317
25248	88.9986321753
171458	88.9324703356
498003	88.8651581221
299857	88.6902
292843	88.636
309031	88.633
306998	88.4689
306998	88.4689
291653	88.3621
24398	88.353
289883	87.7693
81809	87.6590916202
114517	87.5279500634
116506	87.404099648
116506	87.404099648
312135	87.2431
29170	87.235
289175	87.0309
302669	86.8357
303206	86.5516357396
293645	86.5355
303311	86.3892
207122	86.3476
691992	85.999
171517	85.961
56010	85.7942994064
287212	85.791067021
117259	85.7587
682076	85.6578
100233176	85.6285
25558	85.6188748592
65190	85.5565
313121	85.4485997149
360908	85.3946
25267	85.2845711337394
114028	85.1501
315722	85.1178
366492	85.0871
313375	85.06275
114514	84.731
304799	84.661
25049	84.5461
116509	84.4175517378998
313554	84.3404173840558
312495	84.2049985278
81504	83.9816
685232	83.7801
291534	83.677
309812	83.4624
305310	83.4277
24706	83.3039
360854	83.2754770800372
50655	83.0595
365895	82.8998001878
84556	82.675
690262	82.5477
301309	82.0702
300980	81.9604794504
289229	81.7384
315731	81.61822267
54398	81.576873732
26759	81.2637
29300	81.1626
300886	80.8688
296624	80.3953
298019	80.2783
54284	80.2315
362049	79.8966460469
288702	79.7161279608
497815	79.6002043280771
25187	79.4756014367
64015	79.3856198752
311901	79.3742
116690	79.3593228052643
116690	79.3593228052643
116690	79.3593228052643
116690	79.3593228052643
306722	78.9803775928
114122	78.9171
114122	78.9171
114122	78.9171
114122	78.9171
305156	78.8778758564
100360066	78.636526769048
366975	78.5814
303888	78.5662143872
361207	78.5389
298024	78.5314270818265
298024	78.5314270818265
312927	78.4178290845629
685472	78.3401483305
24856	78.0844
117514	78.04592989
311349	77.9863
289236	77.9352
292199	77.9167
79119	77.6859
170843	77.5708
315327	77.4884253292
29146	77.4745
24590	77.4149
299356	77.4135
171060	77.1459
63845	76.9083
24184	76.7446
315686	76.0752
373542	75.8194
171355	75.8031823673
681178	75.6556
114483	75.6075
64387	75.5397449526
117559	75.5161
24483	75.4415
24483	75.4415
24483	75.4415
317385	75.4273
308106	75.285514962
298792	75.0746062186
304071	74.9836
83683	74.9801
293667	74.9572626112
306817	74.6038
29596	74.526
24318	74.017632906
691099	73.9599
315150	73.7836
304193	73.653467466
727679	73.5614220816
311846	73.4642549884
361296	73.2779
29637	73.2242
24772	73.0454868244
60325	72.9856
116554	72.9238
297486	72.662107264
361442	72.6355
294672	72.4273
64551	72.1999
64551	72.1999
29735	72.1601
316021	71.9116940012541
191575	71.7266
363445	71.6186148889
689414	71.4167
308865	71.4082
595134	71.1599
114561	71.1052
29376	71.0646599522354
310533	70.8941
24948	70.8735
171070	70.7196
170704	70.6655
305164	70.6638
64896	70.1203
116590	69.8664718975
303547	69.7963355776
304332	69.6891
306868	69.5382
29564	69.3931183271
313236	69.3234649275
574523	68.9197203787
301595	68.9197203787
396527	68.9197203787
113992	68.9197203787
24861	68.9197203787
113992	68.9197203787
303281	68.901
364033	68.8584232156256
315741	68.76096994
361940	68.7251
25110	68.6315
307505	68.6010710665
83842	68.5966
257646	68.4872197646766
29544	68.422993264
360600	68.3315
288654	68.3191
85257	68.293
302495	68.2562126548
311642	68.1359
252916	68.0948
140941	67.9445
292155	67.9118
312703	67.7277
303135	67.6564782786257
309804	67.4111716831
246152	67.2624
246046	67.1914
301365	67.0525
362871	66.9487
25055	66.891547371
312903	66.7389528928
308523	66.2616
29150	66.2453
307302	66.0689
287470	66.063
83505	65.9425
289400	65.8949644963
58840	65.7145
25690	65.6646
25690	65.6646
362750	65.5215
314859	65.4508
83534	65.4466
84487	65.401427208
24640	65.2933570823921
24640	65.2933570823921
24640	65.2933570823921
309126	65.2782446971996
361920	65.1831
25690	65.0485
501052	64.7987
294862	64.6946799409
170906	64.4608094901367
312828	64.459126764
302396	64.4100069124
26759	64.3862
298032	64.3556
312936	64.3344
360511	64.1115087326282
366624	63.9494
298874	63.9215243395
364838	63.7824
50622	63.6162203605
25094	63.57
361251	63.4493
140670	63.3591995482
289584	62.738910346
288622	62.6689
362061	62.6487
64469	62.5893174118
316737	62.500811204963
84394	62.4822280139609
360637	62.3038
498153	62.299564696
83470	62.1945
310306	62.1582
362733	62.1211801519925
362733	62.1211801519925
300120	62.1145251728
362911	61.9711
29693	61.9706
282587	61.8897
317346	61.875
24772	61.8213645855715
298943	61.5544
683570	61.4732
64553	61.4379
252853	61.3693
24684	61.3432
313488	60.9955
113960	60.8453
501454	60.7471
501454	60.7471
64152	60.6451241861543
300955	60.5521
294009	60.504
245959	60.4922
245959	60.4922
59265	60.433
362385	60.335932403
360697	60.2385
80840	60.1204
80840	60.1204
500616	60.0903
360799	59.9509
24918	59.9179
25501	59.8518
260323	59.8012042027
84352	59.7725
313838	59.7678
25608	59.7421
305464	59.5359
315670	59.5195
313742	59.4434641068032
24783	59.0129
24783	59.0129
100362678	58.9625
363445	58.9346412292
363143	58.9263922528
64823	58.9191680818
260323	58.9172940451
310392	58.7169508412367
94196	58.7014574473
308821	58.613
313098	58.4554
100125361	58.3656
192109	58.1664357928
54248	58.0343610407214
24942	57.9892655371
301737	57.981
103693419	57.9153039321522
305291	57.5235
64028	57.5008
116744	57.2404
310625	57.2222
54284	57.1794
29683	56.9318
309888	56.9249
288233	56.9204
83580	56.691044079
314349	56.4679
304023	56.2291
64845	56.0519
307016	56.0142
303292	55.8637894872
295382	55.5831
114090	55.5480414037
305055	55.5288851305
289606	55.5125
361810	55.5011
24180	55.212040392
298280	55.119119167
297942	54.8848
316013	54.8671
361849	54.8424
60670	54.4839878728428
65152	54.4573
81684	54.1949
498351	54.1306
24672	53.9118
84490	53.8875166066144
84587	53.8071
79426	53.4949
306332	53.4522
296349	53.299
305549	53.2816
291352	53.2409463202
25660	52.9915
305031	52.923312931
498538	52.8353713948
303353	52.7792270592
94188	52.7422917088
315608	52.7034639195
310745	52.6744612889
266732	52.5943
541589	52.3581
84596	52.3259
289143	52.3143
314743	52.2249
252855	52.216
498226	52.215
308543	52.0775
304244	51.9362
93667	51.907
291328	51.8537
307343	51.8222665888951
291610	51.8114937187
292483	51.7337
293960	51.719879265
124461	51.6948
361944	51.5546
362015	51.5286
64672	51.5082
117596	51.4701
60427	51.4118466655504
60427	51.4118466655504
305571	51.405010144
84006	51.395156419
24261	51.3949
363002	51.3470044841194
309855	51.3416
297508	51.2068
60627	50.9427
25054	50.8424
50682	50.7267
292925	50.6411
246334	50.6201977584
246334	50.6201977584
25167	50.5509
171122	50.5277
29144	50.440756484
246334	50.1649184557
246334	50.1649184557
171148	50.0
140666	50.0
66025	50.0
29365	50.0
295052	50.0
314320	50.0
