287199	97.75016975591
300846	96.67612
304286	95.9711040979353
83619	95.70145
683570	95.38233
313348	94.8930855476
314785	94.6787374622154
685258	93.8916263056224
310808	93.81353
306672	93.67099514096
78961	93.308
289276	93.2206076160882
296117	93.0474
313056	92.69752
365748	92.4161032758074
316794	92.39172
24384	92.02143
66015	91.92192
689030	91.88329
117045	91.62621
58961	91.2081304444
58961	91.2081304444
24590	91.18223
368002	90.9916585847813
301119	90.69874
260323	90.60505
29477	90.45945106
310201	90.4337
260323	90.25047
312054	90.1262663664
302473	90.0715650616
308000	89.481
502531	89.3027
498728	89.2495
114494	89.0932784176
303599	89.0766822391
360834	88.9864304312204
29538	88.9165
117041	88.9135
81920	88.7865
308795	88.713
305131	88.3482
287537	87.8452
291796	87.6531
85243	87.4525
310855	87.3075
312952	87.1580843039429
306582	87.1027
78963	86.927993598
29753	86.896429716
498798	86.1413
64443	85.8842
291212	85.3215383395
299810	85.2415
302363	84.8570413068
171447	84.7352307410785
303132	84.7099
502603	84.6332
114520	84.6088
367714	84.3379184148
291787	83.9715
310540	83.8436924592
116506	83.4904059939516
116506	83.4904059939516
286904	83.3955
25416	83.2108760666
85255	82.3440987942
361688	82.1914
286759	82.0434
282825	81.9918
311478	81.72
309129	81.394248365
288659	80.7239
314246	80.4552
313598	80.2711725208718
311326	80.0172
367218	79.732718767084
367218	79.732718767084
286989	79.7113282388
24398	79.5941
303233	79.3835461934
308939	79.082715522
303614	78.9965
25594	78.5517
308267	78.3864
314787	78.1582533232
309888	78.0946335590235
289717	77.7697
362978	77.7502
681062	77.7398
310086	77.6774373488648
316348	77.5038
290744	77.4693
192267	77.1298
171447	76.5067586870701
171447	76.5067586870701
171447	76.5067586870701
171447	76.5067586870701
171447	76.5067586870701
171447	76.5067586870701
310218	76.4712
301555	76.3583775704
361920	76.1055503794813
65129	76.0801
296461	76.0389
309871	75.9105180352
298012	75.9070506109
171086	75.84885
286994	75.6654
500485	75.441
363076	75.2172741492
85431	75.0828
310791	75.0121056133
27080	74.463165628
64681	74.4283
29602	74.1245
286901	73.8318
192270	73.683
58978	73.5731
58978	73.5731
58978	73.5731
295382	73.4554790846
307016	73.4554318806
311607	73.4416880782
25501	72.9865
29500	72.953
29650	72.9384128164
319110	72.9354
500538	72.784
24176	72.6938
293173	72.6159
83572	72.5684
29365	72.4056
684538	72.3546
306630	71.844
298944	71.6954601454
29642	71.5717540786
266780	71.1830172542894
360818	71.1037
302935	70.88
296925	70.5964
306817	70.4929
361712	70.272
691947	69.6975022713946
140910	69.4484291925
316482	69.2767000692
50556	69.2723
300756	69.1817
310399	69.1631511177205
360511	69.0319414965
307348	69.0061
302489	68.5005
295378	68.4173
84394	68.3328090435159
25151	68.2631
315272	68.1989
362533	68.1453
25270	68.0957169949
289997	67.9376
301374	67.9280989674441
305120	67.9209
297508	67.8365
81613	67.8182
81613	67.8182
117520	67.3533537938
117520	67.3533537938
117520	67.3533537938
360983	67.214
309887	67.1304
360682	67.0699
363118	67.053
300944	67.0048
308794	66.9354
81613	66.8139
25232	66.6903
81613	66.5277
361655	66.417
29591	66.3996800576
312616	66.2976
299905	66.252
294408	66.1767
619560	66.0908
317219	66.0325
60334	65.9558
680149	65.723
24948	65.5869
309957	65.2573
299920	65.09
53372	65.0762003837
312372	65.0374
292087	64.923038872
314205	64.6663428197996
116589	64.6088
302898	64.5271
315037	64.458329946
307296	64.4478
317218	64.4309886108
302396	64.2674476143289
113976	64.247212976
315958	63.9957145672
314212	63.4368
302495	63.38335
58976	63.3189
29263	63.0554
680229	62.7810177695
171092	62.7703
306376	62.7184
360869	62.6413
81808	62.073
114517	61.9591
498301	61.8876615128
286988	61.8293
310677	61.4723886502
303403	61.4281
365652	61.3707955654
304729	61.24
117255	61.1476
690139	61.0147
314028	60.6425698912
303456	60.606
309729	60.5547766312
29588	60.3251142778
29554	60.3153
304488	60.2175739816
306129	60.1406685565
362291	60.1273573225
116633	60.0844
81830	59.5382
246116	59.4657877352119
314830	59.3073
306600	59.1429
312828	59.0937
313481	59.0607340309
83425	58.4288
83425	58.4288
192242	58.3213749341
289324	57.9307
114481	57.6715
310250	57.4221
100362331	56.7872
287615	56.5920287648
313121	56.5845323211736
501563	56.4363
288734	56.3169
79559	56.2644
25102	56.1782
114633	55.8169
303024	55.6332106708
290280	55.6130720054
362037	55.562239917
314288	55.166
300866	54.9308
84608	54.8018
362733	54.7922470650348
362733	54.7922470650348
64373	54.6428
301574	54.6041
291936	53.992
29618	53.6503
305887	53.6344
83633	53.5684
314721	53.3175
307271	53.3021
24459	53.1935
313672	53.1734
24831	53.1617
24831	53.1617
303801	52.9372
301112	52.9219
140656	52.8905
360854	52.8047
288778	52.767
361400	52.7102387825488
361585	52.6647685238009
689197	52.5384
304799	52.5263
291044	52.4858
140908	52.0545
364706	51.9767530098572
309053	51.888
302492	51.701
306387	51.6319
25187	51.538097035476
309798	51.498
295678	51.3426
362697	51.241185604
81758	51.1862
363675	51.0056
313048	50.9662
116666	50.6232
296182	50.1886713562
300320	50.0
363160	50.0
360768	50.0
24460	50.0
361060	50.0
