305884	96.32504
294975	95.32847
100196907	94.69353304876
497961	93.7866796858
301007	93.57772
312227	92.87214
266761	91.6553191143
295251	91.28601994161
192178	90.8285389912
84383	90.35295
293104	89.634
24918	89.2265
316415	89.0673
309858	88.4299664977
500308	87.3245
24503	87.2475232909
362911	86.7965975025119
366889	86.6527
79423	86.052
79423	86.052
79423	86.052
114482	85.6414139467219
56011	85.3955660866
361030	84.5015
57300	84.2676
307302	83.7694
303902	83.3146
192273	83.1894
84016	82.91664224
305679	82.9126
315463	82.3418
362384	82.295828733297
294375	81.6823
500409	81.3373
24596	80.58152404
83721	80.5726
116673	80.450232103
500538	80.4391
360903	79.8591
29645	79.7999346856
25040	79.7893
497913	79.4693091528
289392	79.3518420368
360659	79.1239
295661	78.9726
308023	78.8381
619385	78.687513807
116690	78.3987842848482
116690	78.3987842848482
116690	78.3987842848482
116690	78.3987842848482
315036	78.0141
54318	77.9716
304109	77.6126
362170	76.59299242
29211	76.4884
316602	76.2828
314205	76.280633032
25742	75.6093
362876	75.0884
314288	75.0077
25125	74.611374872
299811	74.6056470006
25502	74.4453
25502	74.4453
25502	74.4453
25367	74.1966274336
25367	74.1966274336
25367	74.1966274336
25367	74.1966274336
85431	73.7644
171103	73.6296
25359	73.3544308612399
363278	73.1428
25047	72.7284
366251	72.7006
50572	72.6606
301513	72.6064339712
302421	72.2499
313774	72.0984
25054	71.6813
84577	71.2316
316242	71.1485768301048
293497	71.1379
317425	70.9474
500987	70.5764
84399	70.5107
301516	70.4723
312603	70.2655869500161
360747	70.1567
291259	69.4005
315567	69.0799
84550	69.0375448011557
308451	68.815
312192	68.7104227577
296137	68.638
308508	68.5808
84597	68.5534
94272	68.5170344897119
65208	68.0622
192256	67.9234
192256	67.9234
367242	67.869274975
81677	67.7132
117045	67.5079279047
300649	67.0571
307820	66.7024607734
314743	66.6923181764
300066	66.6462
310760	66.3563
305012	66.1632
303602	65.9949070826902
305270	65.3364
24546	65.2574
54248	64.9064
287876	64.6245
60460	64.4315
362464	64.2963
305506	63.5556
315655	63.5101
293546	63.4867
307106	63.1716
54323	62.624337508
362287	62.5674
316330	62.0529
302396	62.0113100487222
65180	61.804
24167	61.6943982328
24167	61.6943982328
24167	61.6943982328
24167	61.6943982328
24167	61.6943982328
24167	61.6943982328
308959	61.5497
314004	61.4677
299979	61.315
64634	61.1417
619385	61.04975
246238	60.7745
307410	60.7392
315075	60.7071
307997	60.6311
63994	60.5304
63994	60.5304
360797	60.3241
287521	60.298
116491	60.079
361814	60.0449030124
171070	60.0300051328724
315915	59.9987
291044	59.9386
363684	59.9186
300852	59.23
140929	59.1774
312504	59.1314062815118
303292	58.9045
363165	58.7420064775921
94189	58.7164
289399	58.6525
116839	58.2119
116839	58.2119
25342	57.9148861493448
362224	57.7386
404781	57.6326240062065
682902	57.5206
299699	57.2869
363831	57.2346
246117	56.9969
304962	56.9734506984
81644	56.7461
64531	56.525243324
361688	56.5208217685
499966	56.4977303953086
116477	56.4709
116477	56.4709
116477	56.4709
299802	56.2579
305310	55.8237790376426
24388	55.7603
25736	55.712855977
64552	55.5402
64552	55.5402
306809	55.4454964162
117268	54.9138
306261	54.8890218976011
500244	54.8452594012766
297173	54.7321
360161	54.6681
360161	54.6681
29737	54.5447
24218	54.4322
63994	54.142
63994	54.142
29721	53.8693
305831	53.4682
302938	53.4681
310721	53.240846068
289457	53.212
315272	52.9809
81801	52.5041
64076	52.1514
64528	51.878
25152	51.7647
362258	51.6824
498650	51.5502
498650	51.5502
686611	51.4051
686611	51.4051
25532	51.2701
29598	51.2639
305443	50.9521
25059	50.9305
308864	50.6088
313668	50.2853150132
310261	50.0554949768
313834	50.0
296102	50.0
246232	50.0
307838	50.0
310677	50.0
301086	50.0
