302495	98.6180637253075
498089	95.9119538357654
287212	95.09909
288257	94.82359
689364	94.61488
362788	94.51503082327
641521	94.35279
308028	93.93086663965
83514	93.8787636595
259275	92.98243
140590	92.78067
25489	92.6009782963
315174	92.34887
301555	92.10003355
24253	91.73952
24253	91.73952
24253	91.73952
294410	91.64639
308790	91.07111
298404	91.05396
304881	90.855020450926
305624	90.672
246187	90.47098
58868	90.4249332337
300186	90.31335
24539	89.8231193536
302913	89.4705286684161
296394	89.3316833877
311419	89.1107397997
306862	88.9359210832
691209	88.8497
25579	88.6833
25654	88.4790365284797
297498	88.455
288105	88.2962023583344
291534	88.2565
313388	88.1316
499931	87.9731
25011	87.9422
117064	87.7767
25594	87.5886542345
289508	87.1438
58976	87.051
316516	86.9026
363520	86.7102128272
313370	86.6775166858
79110	86.2491
298575	86.2086
171407	85.9503
363013	85.8005162155
499593	85.5219
316976	85.2088
298992	84.79845
171447	84.7154
171447	84.7154
171447	84.7154
171447	84.7154
171447	84.7154
171447	84.7154
171447	84.7154
299799	84.592
292156	84.4375
360920	84.3407
360272	84.1389
288545	83.9653350075
29534	83.9529
308537	83.5863
314637	83.2458
316539	83.0027672308
308939	82.7303
24611	82.7277057454
361628	82.6764868798684
362152	82.2872300245074
304582	82.2576
498798	82.1352
288010	82.0044
499425	81.9000755202
291314	81.5123514356034
499933	81.3808
360834	81.3168597165
116718	80.362
84407	80.3443
286995	80.1201
171552	80.0157
24605	79.9563
64846	79.7573
362750	79.6618
299204	79.6200474528758
294562	79.4843171244
314949	79.3987
294431	79.1883
114517	79.055083690966
64672	78.8626
366452	78.7507903
294809	78.6858867756308
311902	78.6476
312952	78.5839
84588	78.4374
314655	78.417
170667	78.1328
362733	78.1135613193
362733	78.1135613193
362591	78.0626320365
310341	78.0441
297783	77.373
302378	77.1966
25319	76.9739
54248	76.8948329879292
303274	76.7049
309407	76.6507659704
294395	76.4569
364786	76.4037
307096	76.2713
498407	75.4819
362481	75.3853
25248	75.2877
293663	75.1254
298765	75.0362
366219	75.0006
311168	74.7776
363854	74.3905
84550	74.2100315342
304850	74.0031409664
304124	73.9281
171159	73.7959
81924	73.5235
310506	73.0206099682332
315880	72.8598
287670	72.6184
293165	72.4541
24772	72.0492
314543	71.2121551324
100362347	71.067008256
287523	70.941
316599	70.885749835
304109	70.5762
84409	70.5714539344
25544	70.0618699471
117538	69.9012556995
305581	69.6073
360389	69.4599142255
308977	69.2505
289057	69.196
307524	69.1374962768
25522	69.0891
303684	68.7521706334
314310	68.6368
116557	68.2015
299607	68.1171
301442	68.0112
361450	67.9648
252920	67.9494
308509	67.897803516909
266735	67.8752
266735	67.8752
266735	67.8752
299246	67.264
24398	67.2418821757
29753	67.1391
312656	66.9978588040999
307740	66.9918
315306	66.3984
29737	66.360489704
25661	66.33055
292597	66.2553869805
310753	66.0001929364
65205	65.6438
298894	65.5138
308069	65.3922
295691	65.3462
309243	65.2456
64458	65.2388
359726	65.2263
170699	65.1588020221
498286	65.1202485986
304656	64.9874
171565	64.5531
313262	64.4947
81676	64.4013
114488	64.2477
245921	64.123
64020	64.101239389
362325	64.0023395751
25367	63.9509
25367	63.9509
25367	63.9509
25367	63.9509
291794	63.545
296655	63.501
50577	63.4987
293059	63.4611730103
29544	63.3655
81925	63.0161
289402	62.9807
289402	62.9807
100360518	62.6541
246211	62.4535
116593	62.2785
363145	62.0524
362152	61.6356711887661
299928	61.4598199177
64317	61.2674
313510	61.2275
315949	61.1862563683
683077	61.1609
361044	60.9809
500972	60.9750606225
266705	60.9603968004
311919	60.7961
361688	60.6992
302328	60.6268
304900	60.600292702
363164	60.599981122
290923	60.5635
690516	60.5251364652
140666	60.5135
29344	60.4474
83764	60.393
83764	60.393
83764	60.393
296129	60.3756
100233213	60.3612
25433	60.2202
81920	60.1731
304570	60.1728
498272	59.8203
266711	59.5354405168
293142	59.4087373312
114764	59.2753392255
497902	59.1686
314596	59.1555782328
310250	59.0948
313115	59.0372
54295	58.9325
303351	58.8658717912
64358	58.7050068158564
29629	58.6884
29629	58.6884
297768	58.4952
83501	58.4337
294065	58.2086
313519	58.1892
290864	57.8684984914
290864	57.8684984914
310958	57.7914889422
304023	57.7864942408
290679	57.7708
304833	57.7576412884
289720	57.5758
54290	57.5166
316575	57.471
291403	57.3964
304278	57.2147
315134	57.174301
313581	57.1682
362547	57.1677
306152	57.105
191595	56.9621
500562	56.8978709447
299153	56.8225
311118	56.459854378
24459	56.4475
304786	56.3479510696893
360511	56.2621560036
363062	56.1213
361727	56.0798
117559	56.0574
307050	56.0280114263
114559	55.8238
114559	55.8238
56011	55.8125
84379	55.8059654098
304315	55.8035
361532	55.7881
296762	55.753588200775
310633	55.7
306562	55.6532
117520	55.6172
117520	55.6172
117520	55.6172
304150	55.5415
362712	55.3591
289693	55.2467
360526	55.1842
317163	55.1605
66013	55.1385
171402	55.0558
312516	54.9431
24437	54.8726667924
301059	54.8650580656
304741	54.8329865430891
361755	54.5571
83689	54.5112742504
305816	54.475
679921	54.4408
24379	54.4168
360243	54.3364
59327	54.2169
300240	54.1753
300240	54.1753
300679	54.167530177
313575	54.1568
25518	54.0418
306439	53.8612
293023	53.6558717944
80773	53.6495
306672	53.5749908491792
302313	53.5585
688717	53.3877707478
25637	53.3248437022
315330	52.9236
24886	52.811
312440	52.7607
365245	52.7492
312102	52.743
29218	52.6825
24772	52.6609
303731	52.4655
679975	52.408
308060	52.3811
64533	52.3445608469
116477	52.3103
116477	52.3103
116477	52.3103
301579	52.2963
293937	52.2332509088
299276	52.1685
362264	52.1675
246769	52.142
191574	52.134095036
312559	52.0766
25713	52.0577
307810	52.0102
364418	51.8948
83726	51.8742
288599	51.7625
303991	51.6901
305571	51.6800582424
288256	51.5321
305095	51.4098
313409	51.3734
246769	51.231
314964	51.140275266
291750	51.0746
360514	51.0392
311165	51.0274957616
192242	51.0067372966
315666	50.9801
309312	50.9386
294708	50.9031
117179	50.851
361634	50.832367354
102238592	50.8229
289392	50.7687895129041
171138	50.7158
362037	50.3689432432
316021	50.0173013465
314384	50.0015278084835
313169	50.0
287119	50.0
298182	50.0
50564	50.0
291354	50.0
65052	50.0
114505	50.0
367714	50.0
