58919	97.0166985236
24694	95.45504
309420	95.03614
113886	93.62406440775
83572	93.19217
312495	91.68107
288151	91.04391
83785	90.9167
362490	89.9485
298652	89.5629
287159	89.3096
310533	88.9777
498140	86.8839
298410	86.8508
259273	86.6996452244
307271	86.0654
81516	86.0639
291921	85.811300239
303016	85.5527339696
303336	85.3575
306695	85.1581
170851	84.5406323767
288498	83.9687
29376	83.3102
81507	83.0584
313488	82.9772
59101	82.8637
304244	82.5835
310806	82.2225
25508	81.8179
311487	81.2364
65153	80.8038
170956	80.028
367252	78.5739
360643	78.0979
311224	77.8354
310250	77.5802
287982	76.8769
315548	76.245
294846	75.9142
314157	75.2936
100233213	75.0739
83785	75.0591
287275	74.7679
363227	74.3916
314310	74.0624
25729	73.7206063804
94188	73.6164
100365935	72.8293
307740	72.3184
83785	72.2674
83785	72.2674
83785	72.2674
83785	72.2674
83785	72.2674
83785	72.2674
83785	72.2674
83785	72.2674
83785	72.2674
83785	72.2674
83785	72.2674
287477	72.2422
29211	71.1702088098
290280	70.7029706332
311718	70.4867
29502	70.3488
293886	69.674
313717	69.638
311384	69.6376
290823	69.1806
85267	69.0552
311118	68.8558
450224	68.8313
140946	68.4485
303754	68.2075
364681	68.0375
288669	67.6495
301345	67.2034
303336	67.1589
315997	66.981
83629	66.1891
25620	65.978491034
25620	65.978491034
25620	65.978491034
25620	65.978491034
29705	65.9172
309429	65.1383
58812	64.8807697284
192178	64.232577925
360272	64.172
84026	64.1
29263	63.4496
296188	63.1068
363062	63.051
361916	62.6896
301242	62.4846
303614	62.3143
360917	61.8744635852
307200	61.8342
116466	61.5587
364952	60.715
361070	60.5730439133
25510	60.4819
25510	60.4819
306328	60.4594
54702	60.3918
81655	60.0787
287773	59.7753
303566	59.2944
498650	59.132232354019
498650	59.132232354019
362466	59.0763
308937	58.9512
367252	58.1767
311024	57.873
83825	57.3495911383
317576	56.8494
308864	56.7503
360833	56.3916
361765	55.7495
117243	55.3621
308021	55.2951
501560	55.0025
310756	54.8704
360779	54.5881586104
25065	54.4434
25065	54.4434
317575	54.291
310399	53.7975
361431	53.6465
497902	53.5870926039
116728	52.7370613323063
25620	52.712
25620	52.6936
25620	52.6936
25620	52.6936
310638	52.4464
353218	52.3590304073
140591	52.2215
64060	51.961
85239	51.5566773572795
309639	51.3928857599
308939	51.3519
500077	51.1445
312054	50.8678
25445	50.6423
292090	50.408237632
304539	50.0
316737	50.0
500000	50.0
680531	50.0
302612	50.0
