25157	96.604266652973
315405	94.94681
286926	94.76512
361295	94.60321739411
301374	93.86592
299201	93.65165864336
25537	92.2777620045
290775	91.93857
54289	91.70529319
245980	91.56904
83500	91.20008
288444	90.9896247428
288704	90.66933
298280	90.6688896448
300733	90.64982
289623	90.5271311656
295323	90.49867
293960	90.39663
292156	89.3893
260323	88.9727349676796
314824	88.7656264325924
192361	88.704
313845	88.6714874965
260323	88.4477406924
306081	88.0995
58958	86.3631
296269	86.3049423745
266709	86.2543
58945	86.1287
297025	85.9217
24316	85.7673544421
25275	85.5619
313438	85.5096
315761	85.3429
364867	84.926090692
306011	84.7830902135905
307907	84.6448
360828	84.4735
498999	84.4328
293454	83.8742
303907	83.562
315722	83.5254096340784
679869	83.0553
362295	82.9183
366205	82.5712
305831	82.3854804830542
311911	81.9796811012
114517	81.8347
302313	81.8172712336
304714	81.5794
113976	81.5270577325
309447	81.4579
83512	80.9802
681989	80.8898
60628	80.8215
305679	80.6955602648
58840	80.4024
308129	79.7073
364301	79.5674
25402	78.9258
287249	78.9169
29565	78.8649
361208	78.8612
25501	78.6517
317382	78.5272
25385	78.1262
362595	77.9578
309144	77.4728
24255	77.3952507224
361384	76.9145
406163	76.3961
682507	75.6893
79208	74.6789319132
312563	73.959946609
266711	73.8637575382
171365	73.6207
300052	73.5028
64366	73.4424
362264	73.300523554
103691034	73.1133558688
54248	73.0641663686
300320	72.4465
362151	72.4045
24790	72.2032165584
361771	72.0293
360764	71.9934
29694	71.6519
313245	71.3573
24331	71.208
301674	71.1302
116695	71.1186
690966	70.9798
493574	70.9672
288309	70.9609
287989	70.5667
308337	70.2871
25736	69.7217
294515	69.6444
685099	69.4891
310019	69.4278
361843	69.2258219192
313352	69.2091008279
363006	69.083
308508	68.6611061586
303790	68.3102
296758	68.2577
314830	68.0406
29629	67.9822
362384	67.7934308294279
116718	67.0983
294973	66.9858
170900	66.8031
94272	66.6537
304832	66.5278
24517	66.5207
494021	66.4528
308434	66.444
303606	66.3112250758
296925	66.2251
114482	65.8144
29424	65.7884
64665	65.6379
24653	65.6181
94189	65.5561140492
361319	64.9982
360636	64.9874
303693	64.6796
288700	64.6413
303798	64.2891
64549	64.0789
363985	63.7589108683416
362170	63.4433
171092	63.3422726282094
287607	63.3277190859
360920	63.2132
290796	62.9752
64358	62.9154169513229
292100	62.4435
366432	62.4371
65096	62.4047644702
305171	62.2198651824
289199	62.0474
64672	61.4568
306030	61.3782
171124	61.2385
295678	61.1655
114845	61.1092821708884
306281	60.8917230216
360511	60.8515
287418	60.708289849
24672	60.4352
305835	60.3785
25113	60.0495
364418	59.986
304012	59.8035
83502	59.7377740504
292139	59.7024
287441	59.6839
363445	59.5961951481821
64366	59.5624
64154	59.2228
306492	59.0796
293427	58.9489
25147	58.9293
365900	58.9065600481
292264	58.6706
688622	58.5808
619558	58.5206801224
314212	58.4857
316098	58.4384
298576	58.0962
294292	57.622
365601	57.5952
292139	57.5215
293184	57.21
29227	57.0998
259229	56.663
25204	56.5368
314352	56.2703
306782	56.1246
685232	56.0612
299626	55.881
367264	55.863
310960	55.8415
100911235	55.7422
298065	55.4768
64845	55.4493
310090	55.439
29628	55.2966
29628	55.2966
29516	55.2587
553106	55.0431710734
89805	55.0078250698
288774	54.8437
117045	54.6997
498749	54.3698
311839	54.2638
295461	54.2443
304741	54.1997055731589
29885	53.782
313494	53.7465
116509	53.5948
29645	52.8094
311405	52.8084862956
312504	52.786784669
310159	52.6039
314850	52.5795
259241	52.5727988125
501145	52.5141
290300	52.5101
308173	52.1988
308873	52.1629
29209	52.1328942478
498140	52.1106
314788	52.0789
291553	51.9639
362740	51.9534
117023	51.932
365407	51.9075
79247	51.7588
117533	51.713
84358	51.6735
29264	51.6638
64157	51.4756335336
65274	51.3835
100361138	51.3316091366
288161	51.1797
687813	51.0815602272
307008	51.0206
293692	50.9634781228
85246	50.8540297421114
313121	50.8119016755
289168	50.8066
298032	50.784531371
117556	50.43334843
311426	50.205027136
312675	50.1311656888321
50566	50.0570902658
296284	50.0
290364	50.0
289201	50.0
292852	50.0
300677	50.0
252931	50.0
288656	50.0
361228	50.0
