29454	97.4300606047325
316342	95.3842120008854
25475	94.64484033484
282824	93.55527
192280	92.73715
310250	92.53189
360602	92.16049
29393	91.8508253647171
307178	91.44274
25476	91.3282109923
84384	90.80835
300889	90.58953
114522	90.32518
25145	89.6751047045
293736	89.2501400497
287885	89.0658316824
287925	88.7636527744
501083	88.7199054712
170911	88.508634661
305502	88.1713
641555	87.4669
295645	87.3226
289342	87.2406
25312	86.7868
310540	86.5402
314436	86.4624409213
83574	86.2225
317444	85.9122
310352	85.8777
116548	85.2851
314273	84.9849
304081	84.2626
444986	84.0143
305236	83.2112
295384	83.1334
25022	83.0883947564
25022	83.0883947564
25022	83.0883947564
25022	83.0883947564
25022	83.0883947564
25022	83.0883947564
29335	82.8188
29335	82.5923
314785	82.5473623885
117028	82.1838176056
293735	81.9423
312689	81.928566928
308761	81.6525
362018	81.3771676076931
363153	81.2540392819
680407	81.0894
83721	80.957
315952	80.8268649876
293852	80.0312
315134	79.9018
81812	79.7523
304965	79.4661
307745	79.3091
365299	78.7767
362199	78.7601
317260	78.4166
170908	78.1634
25689	78.1122
304667	78.054641596
315936	77.0691
246294	76.9631
300018	76.5249310448747
100310874	76.2127133021
25166	76.0071
362152	75.58025
406162	75.158
308417	75.0621
295928	74.733248287
192183	74.5746053449622
50577	74.4667
29259	74.2622
317435	73.6719
315036	73.3554
171528	73.1686
79256	72.9013
79256	72.9013
79256	72.9013
79256	72.9013
297942	72.5357
83833	71.8096
24796	71.6446262134
305977	71.6055
362339	71.444
313418	71.2359420403
25406	71.02
679906	70.593
311047	70.532
292724	70.4711
308100	70.4700467632
679028	70.382623747
117098	70.3556
246282	70.3256
303396	70.1120421308983
362152	70.03
365367	69.9652
84379	69.8132416539
316663	69.547532801
54309	69.4219
252860	69.3222
300866	69.3086
314910	69.271669687
50654	69.2113
170927	69.1351
252900	69.1248
296655	68.9913
499425	68.907
25592	68.7556
313228	68.4642476521
685679	68.3731
192359	68.21
292199	68.2056
287638	68.1340706326
85272	67.2524
171134	67.1925918288
311508	67.0787633608
313433	67.0224303014
308023	66.8663
79126	66.8378
114104	66.5706
680006	66.5618
360579	66.4332270458
171092	66.3865175632
170900	66.3653691625
308068	66.2030773551418
29511	66.1590650892926
85385	66.12407308
85385	66.12407308
306571	65.8818063058
58978	65.6672612536
58978	65.6672612536
58978	65.6672612536
304037	65.6203
287534	65.5828
361213	65.5192
58921	65.2233307274
368044	64.4194
24765	64.3535
29597	64.2998827876
497794	64.2331
313494	64.1795
315564	64.0901
691231	64.0887
29466	63.7914
361675	63.6873
314323	63.48223522
25429	63.4189
302976	63.3691
63845	63.1598
60327	62.9632
502886	62.9452
301121	62.839412164283
84686	62.6687
303342	62.5067
79253	62.4994
309377	62.3837253049702
680172	62.3777
64554	62.3176
64554	62.3176
307302	62.1861
64191	62.1450957185731
313507	61.933
305884	61.8881
314265	61.6624
309051	61.580199353
94272	60.9681
307526	60.9123131441414
140448	60.8318
365872	60.8027425291
117287	60.717
117287	60.717
117287	60.717
117287	60.717
117287	60.717
25735	60.7028671195
25735	60.7028671195
25735	60.7028671195
294431	60.6384
311803	60.449
311167	60.4154
303165	60.1678
291610	60.0311772638679
363684	59.9034
25181	59.7849156884
192189	59.7672
25183	59.7147602374
298598	59.6059
81008	59.5239
309888	59.4177
294806	59.2978
79220	59.2953433013
287521	59.2797
363469	59.2091
312903	58.8083
500112	58.6666
303272	58.4834
361370	58.4151
307855	58.3024003480949
366061	58.2883
305583	58.2316
313874	58.1827
294394	57.9679
313242	57.7358
307614	57.6125
498728	57.5293
287545	57.1412533386859
290947	57.0983
289277	57.0841286308
25411	57.0478977766
312828	56.9296352702635
84427	56.8987
25114	56.729893512
289026	56.6272
29521	56.555
24943	56.4037375544
305253	56.27875
60334	56.1923
94202	56.1023
94202	56.1023
310463	55.905
360768	55.58
366998	55.3979
307926	55.3348
25445	55.1396688868
305848	55.1264
303565	54.872
499330	54.7954
305812	54.7036
24586	54.6962993359
308473	54.4905185341
246047	54.459
24803	54.4223565710595
25098	54.2813
64634	54.1221
362612	54.0921
64517	53.994
363249	53.9786
29360	53.7343
29360	53.7343
287447	53.683
315348	53.6801
25023	53.5546
65272	53.4565
50563	53.3393493769
501563	53.1400896388
24224	52.6044
305471	52.501224799
307070	51.8932935242
314336	51.786009175
301291	51.6213
307806	51.5092103227
360631	51.4723
311412	51.4623484539455
83727	51.4352
309922	51.4327
29733	51.2047
287168	51.1405
305795	51.112699792
140592	51.0519
315158	51.0470405258476
83720	51.0341
83685	51.0081
304124	50.9321
297554	50.9174
317183	50.9019
60660	50.8759
305471	50.8728881878
307395	50.7388
65171	50.6347
362814	50.5545
364208	50.5308
293024	50.5028120808
298546	50.4892928674
317418	50.4486681499708
288182	50.4075344676
360896	50.0
307124	50.0
65045	50.0
29576	50.0
