312952	95.57599424143
362897	94.45815
311236	93.8843
309357	93.80792
192107	92.84397
361244	92.26929
300756	91.4527901291219
25605	91.10662
290985	90.68965
298944	89.5866199198
498545	88.2321381502
498545	88.2321381502
301261	87.93
310261	87.8261875268
25720	87.5453
260323	87.378689999
306862	87.1712754405
64535	86.8328
24482	86.7769
24482	86.7769
24482	86.7052
24482	86.7052
297357	86.5993
84550	86.3428032428214
308266	86.0745
305941	85.3579
25031	85.24810666
292852	84.7358
365755	84.656067333
300860	84.5622745756
24922	84.3681210821614
501088	83.9470326613
64456	83.4022
298762	81.8386
288906	81.575
81758	81.5254
84050	81.4721
29360	81.4661
29360	81.4661
291352	81.1043375344
304323	81.0197
81717	80.9631
24680	80.471
192178	79.855348724905
360823	79.4197516132
25628	79.295188484
29628	79.1923644177672
29628	79.1923644177672
63840	78.8079
366964	78.78301456
309478	78.6841
314721	78.0411094835413
432358	77.3736715805792
171120	77.3227
24877	77.136
290912	76.7104
25007	76.2263
498140	75.9161
287119	75.8019
171297	75.3618
64562	75.2793901784
83683	74.7184
260323	73.928477399
294030	72.4453
25672	71.913333788
29561	71.7991
245709	71.4654
24558	71.434
298867	71.0314640555
360627	71.0199
311165	70.9838
363854	70.536726354
298144	70.478
292148	70.2059
311487	69.7869177516
292199	68.9058050520729
24906	68.7537
367218	68.1189
367218	68.1189
100233213	67.5154159240541
317576	67.034
114096	66.9911
363425	66.9607
619374	66.9507
29387	66.9207444484
116647	66.6795
307641	66.3766
298653	65.564717929
500040	65.3553
360511	64.9020049237
500000	64.855805497
361178	64.7075
293453	64.3597008096
296278	64.2806
293494	64.2516
361920	64.0208336274
294560	63.7164
117036	63.4735
288512	63.246108925
114122	63.0
114122	63.0
114122	63.0
114122	63.0
309812	62.5677
81809	62.0828
312052	61.649655784
317396	61.4399
366894	61.3147
679028	61.1802
361736	61.1250374624
116690	60.9817422423681
116690	60.9817422423681
116690	60.9817422423681
116690	60.9817422423681
289693	60.7893
313173	60.1156
245982	59.9508
100910984	59.641
313557	59.5288
294674	59.477260351
310745	59.4727094429612
291047	59.2484856992
24316	59.2269
29376	59.2116
362665	59.1166
312495	59.0667
306571	58.961
316101	58.6410320764
24800	58.6015
24459	58.5562
360445	58.4109
363494	58.3063
360617	58.0845
367252	57.883
367252	57.883
306562	57.8643339648
114613	57.6968
303907	57.388669387
361833	57.1780853775
56718	57.1230474508
54248	57.1117
192242	56.766038054
81574	56.7437
304063	56.4890486109
29683	56.0256
310506	56.0144682403214
304271	55.6401
313668	55.5842
289900	55.4776
317219	55.2719
315162	54.9816
290775	54.8877
305230	54.1953727655
266730	54.0786
290823	54.0323362461
298189	53.4091
287441	53.2295
296178	52.5866
29364	52.5442
312607	52.4711828812
619561	52.4491006821695
64040	52.3851875658
25272	52.29
304669	52.2123
29131	52.1241
317608	51.9913
83824	51.4549548772
364681	51.3122061240528
25296	51.21679699
314785	51.1465
315088	51.0973
24848	50.7951
680102	50.3229793787
25164	50.0
288587	50.0
362316	50.0
