362900	98.1287054716
29715	97.51903
29715	97.51903
29715	97.51903
29715	97.51903
29715	97.51903
29715	97.51903
29715	97.51903
29715	97.51903
29715	97.51903
502525	96.45665713628
24667	95.47878916348
313388	95.05173
63883	94.98785
25328	93.79436
29588	93.4493567446149
60328	93.36672
310638	92.67870906458
25636	91.34343
291713	91.24328
313609	90.2600034997
309871	88.7995821768
25623	87.51
171375	87.2892
54312	86.7797
685472	86.1570197376943
290744	85.2876
361771	85.2743
24787	84.8604
299799	84.664689724
25693	84.5747
290633	84.4506
500282	83.9894522
365382	83.5854
24413	83.5330020364
292172	83.4034
306860	81.9046
362479	81.8827308444
287871	81.8296
85482	81.3801010982
286931	80.9963
81732	80.6677
83726	80.654
309135	80.4954
25664	80.2912
25664	80.2912
25664	80.2912
304286	80.2079
288444	80.0251
25351	80.0175
25253	79.8176446416
25205	79.665627186
63852	79.0738
114119	79.0375
114243	78.5148
298032	78.2474
81733	78.2372
316409	76.1185
295378	75.9442
302396	75.2528881420956
25478	74.9765589107
297176	74.6918
58935	74.6129
315880	74.5331
310914	74.3269582034
299153	73.641
304758	73.6309484086
289711	73.4631
309399	72.9658
309888	72.8438263378
24962	72.386
317183	71.9996
554172	71.9351
113958	71.865
65165	71.7438
297554	71.1279626197
306071	70.8358821316
286973	70.797
85269	70.7537
497974	70.5591
362303	69.8935
25695	69.6353
302290	69.3753
64470	69.0074
84410	68.4805062098
29483	68.3869150108
29483	68.3869150108
29483	68.3869150108
29483	68.3869150108
192178	68.3319
64194	68.3251
64313	68.2159
315664	67.2568
289175	67.2381
361666	67.1092
316482	67.0958661726
309858	66.5135
266777	66.4809
114511	66.3639
84587	66.3508021852317
363448	66.2261
58942	66.1630059832
81801	65.9506
679028	65.8438
502020	65.6821
293184	65.5832
288010	65.4122
289482	65.2299
309957	64.4775
314969	64.4362
171147	63.5097382923738
305586	63.1794
300666	62.8862
363519	62.8482
360600	62.7217534597
25027	62.281
306748	62.1518
291653	62.1049351
307483	62.0802
65196	61.9693
306257	61.8422
362029	61.6854
300813	61.3817
304670	61.1572
690262	60.6639
266771	60.6135
246060	60.4441
246060	60.4441
246060	60.4441
313647	59.8816
691429	59.6918134181674
245922	59.6018
259274	59.376797198
29331	58.1481
308306	57.9615
245962	57.5139713229444
116590	57.3745
293566	57.3685
297508	57.2162
117059	57.1484
29645	57.1305
64055	57.0824
85238	56.6119
102554884	56.5523
287191	56.1107
84685	55.2861
60423	55.2661
295344	54.9404
286918	53.8986
84394	52.8604
89808	52.4777
290802	52.1023388710608
83425	51.9952
83425	51.9952
78956	51.5391
364976	51.4832
24414	51.3153
24640	51.0275
24640	51.0275
24640	51.0275
306862	50.9205
79210	50.0343182836
685384	50.0
116483	50.0
300963	50.0
295674	50.0
84024	50.0
300963	50.0
295631	50.0
