312077	92.22527
192178	91.6588382464
81800	90.42667
116597	86.8744
497987	86.4196
300222	83.4781
299827	82.0334
306868	80.5778
25651	78.6297
83501	78.3698
83514	71.9417
25402	69.4538
103691034	68.6
300519	68.5697
312936	68.3732
303088	68.057
246755	67.6645
24948	66.787783744
316209	65.8
316209	64.6583
140666	64.134
24660	62.8858260929
24460	61.6206
25157	59.9219172211671
24516	59.8711
25216	59.6439
360540	59.6376
306274	59.3819510671947
286973	59.3213
89843	59.2009
304024	58.8505
171046	56.4467
171046	56.4467
114490	56.2601
25690	56.1369
25690	56.1369
25690	55.6407
294088	54.7732
84509	54.266
500638	53.839
192110	53.8281259219
293173	53.1092
245921	52.4578
288620	52.1853
293524	51.3925
368042	51.1534
246331	50.0
29577	50.0
