309457	97.2426429613
361711	96.3378355959424
315804	96.2107270550817
299811	96.0994079299247
368002	96.05128
58942	95.9404809918422
301384	95.855123462
314917	95.37485
192270	94.9663486675
679028	94.89676633909
685472	94.4958241657
294421	94.31434
100362155	94.3139660488
286916	94.1724
294734	94.117270917
361659	93.698039858
302369	93.5980446177264
116631	93.5615280904439
116631	93.5615280904439
116631	93.5615280904439
360557	93.3333093106
310552	93.21721
65157	93.1675131564
296762	93.0843736096
302396	93.0544531451831
310958	92.9497173193
306492	92.86623020641
360992	92.68935
498416	92.2943270148
310960	92.2348829284892
308060	91.89783
314126	91.8763566302
310448	91.8111685873
114517	91.7251397052
54322	91.5043
315833	91.0313949996
29611	91.02364
29516	90.9598729194
303016	90.8281829333
293526	90.6979113244
294892	90.48941
296137	90.38472
689364	90.367998864
24367	90.24038
291615	90.1785716051083
293960	89.9283233806
300913	89.8736
295649	89.8349
291327	89.7161
78956	89.529910819
361057	89.4873997428
29144	89.377590460684
192210	89.2476
297989	88.9498
259275	88.8372
317396	88.6178
309129	88.5522
362011	88.1992
296178	88.149
314850	88.1236715187798
303836	88.0959
308023	88.0425
79128	88.034296465
25757	87.9281
29483	87.9108614453
29483	87.9108614453
29483	87.9108614453
29483	87.9108614453
315851	87.7637
53982	87.6494
64371	87.5358
305171	87.509025379
310533	87.3942698478
117280	87.3352
294091	87.0982503147764
266761	87.0183
289693	86.8452
304005	86.8294
361935	86.8203
100158232	86.7532809188
116482	86.7386114876
311419	86.611
303606	86.5255
171341	86.4589
306055	86.001549121
25565	85.8404354893
65180	85.7606120314
24680	85.7419276392
501110	85.7412
114490	85.666577779
498575	85.5103
302488	85.2850444846
289034	85.0687
29560	84.7267
498079	84.442
304157	84.3275507356
361554	84.2707
304851	84.2533
117045	84.2489970153737
24392	84.2356
689134	84.2302
24777	84.1551
291946	83.9597
502525	83.9259
306630	83.7160014966987
287927	83.39011576
302492	83.363
307724	83.2125
116725	83.0672348075
25561	82.9848
361688	82.7409804988
291352	82.6505604359
24653	82.6266
29534	82.6265
113902	82.5222
291377	82.3602
310392	82.2351482111987
60331	82.1097
155430	81.9817
307956	81.8885
366734	81.6908
117033	81.485790258
310399	81.4620382246097
306862	81.2283
303792	81.2231
316482	80.9324
85239	80.6265
303272	80.6245
317346	80.5689
171577	80.5389
113975	80.0932
311332	80.0412
116470	79.9552
292816	79.9184
298552	79.9165
310677	79.8879
301337	79.6233393699246
25359	79.6012
81740	79.5706462708
257649	79.5283
303918	79.1908
84595	79.1582
252916	79.1508
310207	79.0145785756199
24674	78.929
291103	78.838
29219	78.7381
312694	78.72
312516	78.6995
290409	78.6763951681
299159	78.5699
595134	78.45095
291259	78.2102
291259	78.2102
291259	78.2102
291259	78.2102
296488	78.0946
25652	77.9134341952
308942	77.7401
305270	77.6934
140581	77.581
309242	77.3327789950088
310687	77.2594
307309	77.1753
295027	76.9742
288364	76.4001
312828	76.3961679350612
541589	76.3403170386
117044	76.3063
362078	76.179690808
308493	75.6817
94267	75.5600826239034
85251	75.5599
170845	75.5484
25429	75.5226665652
29728	75.1995
300783	75.045535649
360917	74.9552440131969
24482	74.9069
64521	74.7775483435317
315033	74.757
312806	74.72
306994	74.6529443414954
60447	74.5388418516433
60447	74.5388418516433
312927	74.500242419
312317	74.4107
25556	74.3608
362871	74.2609
689890	74.1320187743704
192224	73.8676
303439	73.8422
306081	73.7643581784031
308773	73.6122
83720	73.2282
84589	73.1572
308668	73.0262
54284	72.9305037138
54284	72.907033315
25403	72.836884384
25403	72.836884384
25403	72.836884384
362956	72.5213
291132	72.4394
65196	72.4257
297486	72.3915
79208	72.0038673124
309544	71.7603
302378	71.7569
252961	71.6157
252961	71.6157
313228	71.4392
84394	71.356331701041
29261	71.2778
25239	71.2195
298184	71.1394874695365
363425	71.0032512916715
690374	70.9472
300710	70.8372
171120	70.6214
64020	70.5586
25690	70.5134
25690	70.5134
65248	70.4905293634116
29627	70.4322673195
29627	70.4322673195
25690	70.3252
58949	70.2818
246046	70.1978292488
362466	70.1954
362051	69.9809
363474	69.8906770976
307271	69.7283481544
362923	69.6357419913
309858	69.2963
24948	69.1220860598
59299	69.1209268443339
303753	69.0363
298607	68.9876110952
84486	68.9154398498
114839	68.7810894013
314717	68.7051
94338	68.6974
289584	68.6747548932
315338	68.5745
25719	68.5511
365252	68.4729
307081	68.353217812
360726	68.3437819252
29150	68.2623
685909	68.2576196182
500036	68.1893149346672
56011	68.1198
288280	67.9383874558659
307480	67.8521
24251	67.5142608562
25235	67.4467481451
288741	67.1432
29138	67.0308
300880	67.0235
114845	67.015
289608	66.9762701396
362700	66.8514853852
298549	66.6317
297968	66.6041
298144	66.4177
117180	66.4121
100360066	66.3392839616
290783	66.2453
497886	66.0498
294375	65.9721
313418	65.8761689873204
245926	65.7801441883
293016	65.7541934782
116596	65.714060616
432358	65.706264748
293016	65.7040526561
64047	65.7001
296953	65.3972
25501	65.194854724
140923	65.1710577988
171458	64.969118827262
25248	64.9041
50663	64.8572
83571	64.8056
312030	64.77715
29300	64.7074
83790	64.6031
54190	64.4655
63994	64.4106
63994	64.4106
288375	64.2676
690188	64.24135
303336	64.1956
303336	64.1956
170913	64.0855
314320	64.0487
312915	63.994
680486	63.9780654076
54244	63.6962
298376	63.6828
362813	63.6785
362813	63.6785
295538	63.6753
298596	63.591
63994	63.5875
63994	63.5875
171562	63.5719
302697	63.486
308336	63.4454
361970	63.3502746869174
295704	63.3359
29331	63.2748
171093	63.1896
360579	63.1577920208
50993	63.1185270106
314683	62.9987321728
288182	62.9737311482
289752	62.8154127787
298512	62.8065
445269	62.589
63997	62.4945
313339	62.4636648641
361628	62.4376
54319	62.41475
117087	62.3298
64025	62.3267588413
293112	62.3099883901
114502	62.2662
308097	62.261
308896	62.1881
294322	62.1615
313098	62.116
297961	62.0845
113931	62.036
362037	62.0207
303754	61.9858
361598	61.9763
192209	61.8702718173
24667	61.7221
301363	61.6376236318
311039	61.615
312052	61.4755
307343	61.4153745096167
25110	61.2858
304935	61.0962
302495	61.0868330176568
114557	61.0758
29721	61.0572
287592	60.6815
288152	60.6623290791
288669	60.4733
81515	60.392
81515	60.392
290614	60.2152
313308	60.0805878002218
309288	59.8998
65201	59.8421
497198	59.6858
25279	59.6815956032
361745	59.538
25031	59.4621
295382	59.2535
300177	58.9815047992
307133	58.6595
361945	58.6231943125
59317	58.46
84422	58.3729
300228	58.3541
29659	58.0556
368070	57.8764
362675	57.8657
50552	57.763932152
683927	57.734522213
60586	57.7332104218
25401	57.7127
29423	57.710819456
501195	57.7066920844
266773	57.7027
58840	57.6462
313125	57.5615
308126	57.5571
299521	57.4936
317219	57.1589701228
298786	56.9888273984
362049	56.909379781576
246146	56.8117
303214	56.341
303277	56.2952216112
292406	56.1057009817
296583	56.0407
294862	55.978
305922	55.8442342144
305236	55.8043275574
360704	55.4744
266759	55.4598
306790	55.3145
304786	55.2689486413986
309812	54.9503
25700	54.8366
305367	54.7401829472
300455	54.6983
192179	54.5839
289521	54.4474290844
362248	54.2535
291044	54.2074
311910	54.0912
192272	53.6597
85424	53.5319
310348	53.5317
360229	53.4438
83731	53.322
315550	53.3194
315891	53.2287531214
304546	53.1634
25054	53.1486
286984	53.1132
24482	52.9923
24482	52.9923
56064	52.9528
304203	52.83
29753	52.6589
313131	52.6125
307820	52.59087406
24482	52.5778
100362347	52.5574
311742	52.5435
192256	52.5157
192256	52.5157
292148	52.4661
308282	52.4146
680445	52.3997
59319	52.3864
311508	52.2497
29501	52.2049
365963	52.1365
24706	52.0722
317464	51.9479
29631	51.8689
81800	51.6572
60416	51.5647
315655	51.3985
361388	51.3581827672
362844	51.294
289388	51.226
313352	51.2187
303692	51.1442
171070	50.995
24268	50.9892
57300	50.966967347
24223	50.735
312108	50.7064
289997	50.6999
362280	50.6491
498008	50.5992
314751	50.5749
100361133	50.3808509292
314196	50.1342673598341
85249	50.034501072
314743	50.0
362733	50.0
314417	50.0
287633	50.0
362733	50.0
364154	50.0
25508	50.0
56782	50.0
