362246	97.6153074066572
313961	94.04145
84409	93.3287
680172	92.16106
360992	90.9352472354
312647	90.53958
313861	89.9924
301709	88.1927
310693	85.5102002707
309029	85.3068
316021	83.480204022
361814	83.3564
25692	83.2619
300018	82.0145861634
288778	81.5845
304785	81.3388
296467	80.4902
299138	80.206495395
171087	80.1698
171387	80.0868
288626	78.2165
302697	76.5611
289443	75.4007
300732	75.3065
313130	74.7905707242843
361628	74.6603
300129	74.5368
689704	73.6032
65164	72.731
29424	72.1729613052846
24493	72.1606
117259	71.494
100360066	71.0264215523
25467	69.336
289950	68.9107
65190	68.1863496898
362665	67.1294315451
171147	67.081798774
310358	66.9229
29544	66.5145990136
364681	66.4008663304
310258	66.0149
361736	65.8266
114210	65.5335
25650	64.9141
313125	64.7915
305131	64.7243
307920	64.6527
305291	64.390240015
297455	64.3843
171136	64.3601
499749	64.2734
302913	63.6156
266805	63.427
299197	63.0809
25022	62.799503885
25022	62.799503885
25022	62.799503885
25022	62.799503885
25022	62.799503885
25022	62.799503885
361712	62.6155
361226	62.1875
25351	61.6559
290668	61.436115476007
79433	61.2326
363232	61.0697
246116	60.8934
360985	60.8662
116996	60.7242
112400	60.2137044444
362938	59.6561
58954	59.3413770115
299139	58.7786
311332	58.5773
295953	58.450329721
170636	58.3248
80850	58.0111
80850	58.0111
116740	57.6654
313427	57.3639628032
311204	57.2021
680102	56.9189
317235	56.4063
311866	56.1906936164719
100910984	55.7745
313507	55.6677804022
292671	55.5463182348
362261	55.534
360632	55.0655
288108	54.871
25437	54.8555
306589	54.8151
25652	54.5889296716
302796	54.4294
308790	54.1164
290818	53.9663471005
246781	53.9107
363253	53.8111
29603	53.7989
24946	53.045
298452	52.8787543123
305956	52.6813989052938
360650	52.4043
29582	52.1915619496
24783	51.8585
24783	51.8585
116718	51.72
29456	51.6557
360459	51.4939
338477	51.1914
363045	51.0209
297514	50.7137
301076	50.0
313433	50.0
307511	50.0
308361	50.0
501052	50.0
