25624	99.9999012839996
81638	99.6649408959893
314157	99.3896165919225
313128	99.3142310993414
308663	99.2946781096577
366894	99.290835295785
289606	99.27810389
24766	99.246081952921
29218	99.075649149724
305367	98.86239690595
314824	98.7699397816938
298874	98.6170329177276
293061	98.47407160744
314721	98.035141180808
308790	97.9849937250109
25647	97.94933216992
314245	97.9449319448215
362547	97.8379808968
297498	97.76343124264
363425	97.74117083872
301079	97.50264495472
29715	97.44653082779
303016	97.3861250182425
313609	97.1739428645
307667	97.1505430348
305256	96.971664144
245925	96.8567
59317	96.8273301248
361632	96.7147494192231
313471	96.6378651180959
316415	96.6076452925
307296	96.5715125335
85254	96.4912550382971
25022	96.48557033079
25022	96.48557033079
25022	96.48557033079
25022	96.48557033079
25022	96.48557033079
25022	96.48557033079
304193	96.259186008085
29715	96.2087085367
29715	96.2087085367
29715	96.2087085367
29715	96.2087085367
29715	96.2087085367
29715	96.2087085367
29715	96.2087085367
29715	96.2087085367
317399	96.1500191046
302470	96.141333529807
301489	96.0380934740659
306941	95.9935386925408
300455	95.93427830971
288482	95.7760304362
298184	95.6848050189744
316482	95.5856997069
299872	95.55017
294972	95.53708
315824	95.523413772278
89784	95.480116314856
81655	95.3032077663
170538	95.2446278670371
364594	95.19193
64678	95.0476529471349
117140	94.95634377472
24511	94.5783
25479	94.47207
25301	94.4194
306886	94.3418486456468
362703	94.19078
100360880	94.05034
494322	93.91274
365963	93.85026
29397	93.79899
304074	93.57779
305164	93.5107794814352
498486	93.4781225569731
498486	93.4781225569731
312927	93.44270118436
308021	93.3620254649404
296050	93.30168
29618	93.262401712
294321	93.20197
360591	93.20156
83841	93.18702
305468	93.1414437028
315352	93.0243795369045
83613	93.00227
81673	92.90604
362481	92.73439
303403	92.71977
302369	92.7154139017564
360709	92.61547
307206	92.51896
307579	92.29948
303298	92.131356632
293673	92.118288988
314941	92.11819
25483	92.09459585046
79223	91.9187393352217
25549	91.9128556172
192270	91.9073527135
65052	91.8851167378
252855	91.74876
303456	91.63488
300886	91.5884357770738
294981	91.54583
304150	91.5142602256
78961	91.4848682704
308126	91.47469
81518	91.42263
84431	91.41248
290705	91.3368
310803	91.3125367765
293343	91.2912
54284	91.2712460432418
314221	91.2476062559246
59317	91.199189179
29546	91.1834446355
314894	91.1802822568025
296084	91.12489
81652	91.1159464776
65168	90.8509701584
25565	90.8462514616
308864	90.68905
25672	90.6633
288151	90.456774704
25202	89.9734
363469	89.8066
114095	89.7859
25336	89.6960664925
65171	89.509315978
360600	89.5013224882
114489	89.4381
295105	89.3715
289400	89.3168440282
25537	89.2355310419047
312113	89.1561289664
681112	89.1334
301555	89.0247
25448	89.0210406603
307271	88.9818
293736	88.9672
308523	88.780787632
361849	88.7471
64530	88.5818725408
79252	88.5815
282587	88.5738054733
83633	88.4915
83519	88.4074
84586	88.3795
303836	88.3659083185
29670	88.345992862042
171160	88.3064
369016	88.1225
29642	87.950154972
170816	87.827
288111	87.7458
81816	87.7099384756
63995	87.5095
257648	87.493829657008
362045	87.4829
364052	87.3581
303233	87.122
100529260	87.1086
29596	86.9252
317312	86.8307
309812	86.8152749528
306998	86.8036
306998	86.8036
308173	86.7988
25367	86.7743742632016
25367	86.7743742632016
25367	86.7743742632016
25367	86.7743742632016
303394	86.756171168
307343	86.7468890381733
294862	86.7179637579136
116548	86.593930001
664630	86.585665879514
362490	86.4441
298309	86.3573
116500	86.2988
298524	86.2613
311968	86.1885316552
501145	86.159418363
679869	86.1300794100903
308097	86.1248467689
309798	86.110338097815
314949	86.0976868234
363018	86.0375
298504	85.6434542266
302920	85.6104
293024	85.3737
361389	85.1732
310244	85.1265993878
311146	85.0518
64369	85.0475
301106	84.8689
29163	84.8126
365652	84.7789512923278
360772	84.6347
280671	84.6189
25262	84.602
25262	84.602
25262	84.602
29448	84.3828
84487	84.3194
171485	84.3106706053
305424	84.2131
29614	83.9448
24660	83.7542238296
292087	83.60265
310071	83.5986
361666	83.5635
303188	83.4205788795
84385	83.418
498234	83.3967
289717	83.1969
64363	83.1811
313438	83.1077
313825	83.0431959496
170842	83.0232
64300	82.8956
84391	82.7960562716
317396	82.7153
500244	82.6894092880467
691209	82.6736106014
286984	82.6352
308140	82.5839
29232	82.4322401894
294286	82.2388
287212	82.1596
84360	82.1223
310749	82.0025742614432
292671	81.957952528
308267	81.9396278883
680445	81.9194913388
307642	81.7762
306404	81.6954553080988
81783	81.6425107971351
261736	81.6023
64366	81.5548368048
64366	81.5548368048
363474	81.5184
493810	81.3944
25283	81.308234226
259237	81.293163400391
690262	81.2837
294429	81.2434016184689
291327	81.2054
308215	81.1048935002
309053	80.89275
364754	80.7731
498709	80.5722
304960	80.4845
289934	80.4827
25187	80.4773
304794	80.38413856
81507	80.3752403071
246150	80.2347001745
297486	80.233557872566
101241893	80.1882
366624	80.171286883
300813	80.0289
29717	79.8859
29717	79.8859
295620	79.8780394535
297554	79.8475
85243	79.775
83785	79.7068
25243	79.6862
26954	79.6766
102554884	79.6682
83785	79.5818
83785	79.5818
83785	79.5818
83785	79.5818
83785	79.5818
83785	79.5818
83785	79.5818
83785	79.5818
83785	79.5818
83785	79.5818
83785	79.5818
83785	79.5818
315798	79.5077485389
363445	79.4877967628
499508	79.3955
116590	79.3604
84411	79.3427
64312	79.2478
64312	79.2478
311909	79.2104
302373	79.1497376868459
310344	78.8414
309478	78.8215340926
58954	78.8167017274
117544	78.7785394078
192154	78.591452517
304983	78.5877
25685	78.5821
282835	78.3829
308906	78.3379
306055	78.269799776
301516	78.2347343895964
24382	78.1682
688394	78.0709
84471	77.8221
300463	77.7699
297942	77.7390399774217
362533	77.6279
54284	77.608538780227
684097	77.5365
29358	77.3798129116
291078	77.3442
399684	77.3351
316312	77.2062
24241	77.119
24241	77.119
316013	76.9834
304495	76.8477042712
291309	76.8041
361242	76.7741
116655	76.5662
116655	76.5662
289350	76.4384
360726	76.4348
54355	76.3866114368373
85497	76.2604
302669	76.1324
80849	76.1114432908
171144	76.1102
306564	75.9497
368042	75.7699227525247
312440	75.7109015274
303602	75.6179555705125
64553	75.569
29480	75.3286330741
124461	75.2948
252920	75.1351353180484
29737	75.0663
314788	74.8582
83576	74.6569
25033	74.6243
79463	74.6106
362700	74.5593095659885
266760	74.5048
404783	74.406837784
116644	74.3978
309532	74.2868
289054	74.2425
83572	73.8801042508
308939	73.6642277976
362862	73.654
100233213	73.5763909815631
304920	73.4393
24590	73.4072
305858	73.3877
298441	73.3763
81654	73.324
313409	73.0495
24225	72.6951
24225	72.6951
24225	72.6951
24225	72.6951
24225	72.6951
24225	72.6951
24225	72.6951
24225	72.6951
24225	72.6951
24225	72.6951
79256	72.5094
79256	72.5094
79256	72.5094
79256	72.5094
115769	72.3892
286939	72.2927
25139	72.1719
501560	72.1283
313131	72.0469
154985	71.9482
59076	71.9322
293960	71.8017
192361	71.753280841
293701	71.596
116677	71.4526
362491	71.3832126686384
25177	71.2751
25177	71.2751
25177	71.2751
362037	71.208
680172	71.1614
360540	71.1318423736
299714	71.1183
25177	71.0752
25177	71.0752
307415	70.9855083433
114552	70.7935
287543	70.7371
287638	70.6473
499653	70.626951321
361285	70.4525
361070	70.2823862008
304157	70.2798753135
289810	70.2641
100911069	70.1752
317271	70.0844744553056
24508	69.8558
170895	69.819
207122	69.8141117488
299113	69.7396
313776	69.5184
306542	69.5101
246152	69.4892
362867	69.4054
81741	69.3123
117108	69.24
316539	69.1676
29705	69.0508
25570	69.0155
303292	68.964
291946	68.8752
309009	68.8512
116744	68.8421
313729	68.6993
290905	68.62
314004	68.6149
192129	68.5945
29204	68.4227
295538	68.2544
29395	67.8715
113976	67.7544
29622	67.7327
155012	67.6598539216
64315	67.658
305544	67.2243
310261	67.166457342
361627	66.8442
360874	66.807
24379	66.7381
252961	66.6822851535
252961	66.6822851535
25051	66.5918
25493	66.5226
299811	66.4441626822
64189	66.332
365755	66.1741249632
301434	65.9952
24851	65.9127
24851	65.9127
304709	65.659332097
25267	65.6504
291470	65.636
50993	65.5792379544
24678	65.4814
24678	65.4814
24678	65.4814
305935	65.4335078112
29554	65.2462
301374	65.2071819161105
307016	65.2033179784863
288091	65.1665
312694	64.9582
287615	64.8365
25341	64.7918
680737	64.7775
27256	64.7069
29150	64.6673
309391	64.6348184396
114520	64.6005
313108	64.561
83788	64.4617
83788	64.4617
83788	64.4617
313717	64.4519
298890	64.2358
287473	64.2053
171046	64.1277
171046	64.1277
292640	64.1071
309514	64.0709723962
83824	64.0482
24883	63.9611
286973	63.9594099418
305464	63.8723
79107	63.8109545809
64464	63.735
58839	63.5048
171501	63.346
294018	63.3355
314859	63.1424006095
307907	63.0511
317191	62.9128
305922	62.9034
296368	62.8072184044
361400	62.7086400325
63879	62.6986783788
24924	62.5071
313387	62.1133
64152	62.0650573678037
289392	62.0627
306630	62.0462581940505
360990	62.0106
303396	61.6917322297
89821	61.6455
312710	61.502
24948	61.4085737049
306548	61.3405
29173	61.2489
301309	61.2482328778
24356	61.2252996094
78967	61.1201
366697	61.0864
78967	61.0711
310399	61.0597
29588	60.6805132686987
117016	60.6755
363249	60.5495
294235	60.481
114845	60.1988
65189	60.1908
24654	60.190327551
65248	60.0464355464441
362520	59.9619
353256	59.9374048747
303614	59.8497
305896	59.8407
681178	59.795
296956	59.693
289264	59.6156
312828	59.4625232631
287357	59.3209
494345	59.3056
361879	59.2745
294025	59.2277
310506	59.1895111564
305479	59.141
84006	59.0445
680712	58.985
363228	58.87425
313130	58.8395505768
24667	58.6886
315210	58.5828
314205	58.3885
29261	58.3742053387
116740	58.361
29424	58.248
307070	58.0638811822
306141	58.0305
315259	57.5926260274
25717	57.5716
308807	57.556
297995	57.5095
116554	57.4217
289990	57.4089013668
362283	57.3516
360970	57.3139
29516	57.2652
24848	57.010027624
683630	56.9908
310782	56.9556
114517	56.9455
309081	56.9411
314423	56.8492
314423	56.8492
292721	56.698
378939	56.5025
29500	56.465937367355
171092	56.4410090776
300359	56.3707
298992	56.3701
24882	56.3278
94267	56.0241
500112	55.9386
303336	55.891
303336	55.891
286932	55.8382
171087	55.8266
59303	55.6818774633
360992	55.6375
64457	55.5586
64457	55.5586
64457	55.5586
64457	55.5586
64457	55.5586
64457	55.5586
261730	55.5567
362591	55.5423
293538	55.3377
83731	55.3375
310086	55.135286834
313323	55.089
94196	55.0861325872
316344	55.0484
170913	55.0470979078878
314850	54.9508439599246
312159	54.9406
362011	54.9201
690911	54.7762
313742	54.736
362383	54.6697
305837	54.624
100361574	54.567497983
362303	54.4836409813
50662	54.4613
83612	54.4197
312781	54.4133
303300	54.4125
112400	54.2776586455
112400	54.2776586455
112400	54.2776586455
112400	54.2776586455
304786	54.1974901080209
140914	54.169461686
313978	54.0698
367218	53.8267
367218	53.8267
294043	53.7581
170920	53.5737
303206	53.5496816296
314543	52.9132242641
307766	52.7506
170927	52.7400316198
291130	52.7053
291608	52.6588
299864	52.4122
361626	52.3975
361920	52.35018386
498728	52.2575
309207	52.2315
192251	52.2204
29344	52.2175114775
140939	52.1632
315915	52.0491122776
305171	51.9564595339
308390	51.9185
311478	51.8888894676422
313834	51.7288
306695	51.7178
81740	51.7098
84597	51.586887564
25248	51.4698
290850	51.4311
302492	51.3513
29643	51.1469
116467	51.1215771928
300920	51.0763
313304	51.0383
24946	51.0285
295401	51.0008891593
494445	50.9847
302424	50.923695214
25514	50.8597
361565	50.7372
315740	50.6502
316256	50.3901257664
24699	50.33575651
24699	50.33575651
24699	50.33575651
24699	50.33575651
24699	50.33575651
294667	50.0
306278	50.0
81516	50.0
310812	50.0
94202	50.0
94202	50.0
361069	50.0
25357	50.0
289992	50.0
365744	50.0
