296532	98.02606
311876	97.63380634
294948	97.5573992906548
294734	96.4362371463089
300173	95.8988408192822
311114	94.8790994656
309400	94.6479274284416
500282	94.03974
25576	93.32014
100361314	92.74581
116741	92.0394121382638
306998	91.9486
306998	91.9486
25697	91.93828
308000	90.4508565176
24511	90.2302551304
266759	89.8424
246174	89.119
295347	89.1179941804
171113	89.0005600735
289278	88.8357
25686	88.7477
360823	88.4236229069
29602	88.4164
306873	88.2992
24681	88.2443
84410	88.0758
314788	87.5804
25701	87.5754031394507
261736	87.5673
365652	87.3762898205415
367264	87.3237671184
84586	87.2119165726
299116	86.9721
29562	86.7121
29218	86.5498001914
171126	86.1811915927914
296188	86.0055
83588	85.9346
300947	85.9039
361472	85.7424
311450	85.7204
291320	85.516914494
60430	85.3251
498309	84.4535
308807	84.3626049302
291685	84.2070226882
289717	84.1155
295619	84.1118619977
360896	83.9182591625
171070	83.5319
306630	83.463233204
170818	83.2043098822642
316351	82.5687
292064	82.5036
689364	82.4227
310677	82.2633342868
303614	81.9749879518
293056	81.9693
306129	81.8812277055
361060	81.6477710713918
89784	81.4623
360854	81.2554940416
290364	80.9601
305831	80.6025
679668	79.9927
29619	79.9543
170911	79.8231489105
296049	79.5857
312516	79.4891520388
60427	79.3691718185
60427	79.3691718185
54242	79.2069
362418	79.1129
289754	78.5223
306600	78.190024768
81745	77.6854
29721	77.3861269984
266674	77.3236447089
288659	77.2995
306492	77.1938
24420	77.1779
116656	77.059302931
80849	76.90367488
85384	76.2581
289693	76.1145
289754	75.9478
24667	75.8266
289584	75.8004297279235
306562	75.4539
259243	75.3802821864
311204	75.0894575468
294287	74.6083
500131	74.2566
304150	74.1776
64823	74.1385
60582	74.009113975
65162	73.7176
499508	73.2746
83836	73.0826
83466	72.9103
314046	72.3639
305031	72.3540607648
81523	72.1802
308790	72.1364
298851	71.9616
360833	71.9423
364786	71.5773
83580	71.5659
302373	71.5267
171064	71.4172
117098	71.3838
303292	71.3545412732
287773	71.3271
310483	71.294557588
679028	71.1278381895051
25512	70.9772
114521	70.8740975509
246074	70.7913389184
498003	70.6918
304109	70.538532096
259242	70.4954
299909	70.4327
363266	70.1666
58961	70.1579
58961	70.1579
171159	70.1376750712
83722	70.0654
306091	70.0507130716
313216	69.9649
304947	69.8826087415
311835	69.7271
362479	69.726
83833	69.642
100362555	69.6277467555
100362555	69.6277467555
314442	69.6039435301
64025	69.399
54244	69.3595
79242	69.2884
252916	68.8561
29737	68.6338
245981	68.5509912892
289036	68.5089
304017	68.0132
24413	67.9475563684
64508	67.9248
309126	67.7069001408
81661	67.6981
291921	67.4549876311303
50658	67.3117163220671
50658	67.3117163220671
81801	67.0205435682
114489	66.9928
171093	66.9585681097
171093	66.9585681097
315158	66.8973
360950	66.8344
298694	66.8132
303250	66.3271
685258	66.2887
313588	66.2493219218
309729	66.1375765048
313264	66.0791
116721	65.9105
365299	65.902
25696	65.6
83824	65.3183
297093	65.2129549376
100362431	65.1206505258
307206	65.0927
64017	64.9964
85250	64.9280840655
688717	64.893983278
316561	64.797
114502	64.704
58821	64.5895
302396	64.4290769996187
305835	64.3535
25371	64.3397
303478	64.3002
304833	64.1214
305000	64.0486
307745	63.9773
296467	63.8021
364738	63.5562
50658	63.5499154202756
64826	63.5108
303599	63.443287294
303088	63.2603
292172	63.2119
362912	63.173180612
114514	62.9331432766
289217	62.9052215233
307212	62.7987
24297	62.6699
292148	62.6443105458
362246	62.1008976203531
54705	62.1006
54705	62.1006
64521	61.8978514854385
26759	61.8799
26759	61.8799
296500	61.8277633016
289608	61.801
312607	61.7768725757
361925	61.7308
24618	61.4952
54320	61.4181
312828	61.4136
24482	60.9535
304794	60.6645
140923	60.18685
290206	60.1047422707
287940	60.1001
171494	59.9706
363064	59.7567
362733	59.7401
25674	59.6601
286900	59.6569
29642	59.631
81653	59.6265
303369	59.5015
312690	59.319494906086
313453	59.2464
288444	59.2297
293448	59.1634
290280	59.0485
619558	58.895
114483	58.8925
303016	58.8312722089
310178	58.811
294408	58.774
316611	58.7097539008
304592	58.635154513
362152	58.5802756699025
360855	58.1112
25637	58.0519
29144	57.8831
308265	57.8381321568868
315833	57.7770271167
304063	57.577531429
291212	57.4727
360827	57.1076
305454	57.0795
314259	56.9731
25718	56.8833
303132	56.7727
58936	56.6368
309041	56.6084
312727	56.575513344
300444	56.4984507301
306809	56.4087017656348
84026	56.1942
500112	56.1124
305935	56.0859940864
399489	56.0285198308
24790	56.0210481098122
246142	55.9108257004236
117050	55.7929
290529	55.6993
360492	55.6775
311569	55.4229
691278	55.3756
24913	55.2932
685579	55.0444706041957
362065	55.0075
309259	54.90335104
293667	54.5891
114202	54.4191
85426	54.4030478228
311384	54.3931
289032	54.1281
289032	54.1281
289032	54.1281
289032	54.1281
29657	54.1147
303211	53.9637
309429	53.8398
306260	53.7939
303903	53.7021245504
84491	53.6375
309242	53.32
65152	53.2983
312132	53.2757
300054	53.2661
300222	53.2223
79220	53.0957
362738	53.0399
287034	53.022
292155	52.9563542552
362107	52.9199002886
29179	52.9024107574
294709	52.8043
246314	52.3771
315352	52.2253
498266	52.1371
680891	52.0631
362766	52.0476
306860	51.9155706580305
50871	51.8805
314157	51.7884
294018	51.7025
317376	51.5508513778
116590	51.5101065365
290802	51.4896
300062	51.4635
304741	51.4282
93662	51.3952
497778	51.346
497778	51.346
309858	51.255814532
310749	51.1116
24616	51.0043
300129	50.860776034
312398	50.8508
690528	50.8351869
29331	50.8065
316034	50.751
315265	50.5944
291394	50.5781
100125370	50.1364987012
29277	50.0
85430	50.0
304081	50.0
310769	50.0
498728	50.0
399684	50.0
