246760	97.51413
293112	97.2615874999415
29721	97.23745536265
306141	96.42744107545
50558	96.06968
309338	95.8179948097
315798	94.33594401572
24680	93.01567
313876	91.91941
25187	91.2738646510954
65168	91.10782
289736	91.09884
116632	90.48907
363062	90.3440392298
54251	90.15887
24673	89.5408
311569	89.5275
58961	89.4424255555
117549	89.0921
83836	88.8476306326
140868	88.7066
25159	88.5056
310843	87.9725
25493	87.6424
304794	87.5700336288
362606	87.1446671344
363519	87.0529328536
294862	86.8373071693959
25696	86.798
287119	86.649
360950	86.603
361700	86.5240991709
81826	86.2044
307585	85.5879
299811	85.4714
286914	85.3992
306091	85.348964419
83613	85.2574
65208	85.032
303801	84.9725
114901	84.7890027106
316013	84.7514238493
301434	84.7367
29275	84.5843596923
308766	84.3905
311384	84.2092970572
295446	83.9055
311901	83.713004674
311311	83.602
310086	83.553024358
307820	83.3496306364
308790	83.1994
302697	82.7239
310749	81.8001545032
315824	81.6161021936
170698	81.55614912
313241	81.240012516
298182	81.1558
360990	81.0984
317413	80.8634
83624	80.8508074109
303888	80.711782302
171099	80.4817642924
64042	80.3454907464
25153	80.1861
171552	80.0598
361634	79.7733257506
300092	79.7469
295395	79.7017
304815	79.6682
116590	79.6663708606008
366227	79.6564
50690	79.2053
81649	79.135
361925	79.007
654496	78.9645
65157	78.9206
502525	78.8045
432358	78.587321545
171147	78.517
171547	78.4005
301346	78.3855
296988	78.0785
81818	77.989
58961	77.8960923454
316088	77.7084
293050	77.3315
80846	77.3217
80846	77.3217
84357	77.1524
362479	77.0902
293142	76.968941086535
24675	76.9312611167
309532	76.8976
287110	76.8300614621388
29645	76.7808290566
314157	76.3727
307740	76.1532
100362764	75.9780777862
289693	75.8619
308864	75.8379
317163	75.4874
25405	75.4807
84550	75.4519508224
500485	75.2813
297961	75.2218
303214	75.092223414
299757	75.0584
315305	75.035
303394	75.0185467092
80338	74.9887
25389	74.9816055496
362160	74.9359
305571	74.8675838634
654517	74.7077
89804	74.5857420568
305586	74.3668
289881	74.2277
313453	73.9437
171136	73.8156
289217	73.2632630038
295401	72.9468304001219
94189	72.9009
312154	72.8505
362264	72.4379
361736	72.2913
361060	71.3414315965
117557	71.3347
303764	71.0723
302473	71.0247
313391	70.9559044969
25177	70.9094
25177	70.9094
25177	70.9094
29564	70.9074
25177	70.4046
25177	70.4046
307483	70.3196
303763	70.0485
312192	69.964186244
364208	69.5516
362741	69.5424
309041	69.28765829653
300045	69.173287384
304923	69.0394
314910	69.0205
360616	68.8957
113976	68.6257913482
300463	68.583
58821	68.4082
171040	68.3312
286973	68.1613643258026
289584	68.1315
84019	68.1146
25337	67.9908
363448	67.42234
171093	66.566
171093	66.566
499964	66.5051604176
310244	66.0542
25750	65.9703
307482	65.5965
363292	65.5118177608
299027	65.50714132
64041	65.4615
296474	65.3944
81824	65.2032
306998	64.4403350986
306998	64.4403350986
691099	64.4383
287530	64.3508
24888	64.0273864102636
24888	64.0273864102636
308361	63.9039
116498	63.7338
192110	63.6129
83469	63.59765251
313323	63.512
300948	63.4867
309126	62.9852
54355	62.9537228568
298792	62.85785
315608	62.7325506479
116506	62.6777
116506	62.6777
295691	62.4872
50566	62.2318
60466	62.0587
500131	61.7647
313471	61.6753
24397	61.6721
305230	61.3506
170699	60.9052
363603	60.7026373548
288322	60.5465
117520	60.2441888834
117520	60.2441888834
117520	60.2441888834
171106	60.1934
116699	60.1202
246279	59.7794800825
246279	59.7794800825
690195	59.5232423474766
83518	59.4172
291388	59.3148
288702	59.1967192374338
363220	59.0849
116589	59.0603
363455	59.0230239376
312915	58.7028
170816	58.648002612
298032	58.5766
85435	58.4656
140934	58.2851
58919	58.0825
362713	57.9989
685232	57.8986
303831	57.8891
296134	57.7346
315548	57.7249
83689	57.6716138595
315655	57.4335
116659	57.0997
116659	57.0997
116659	57.0997
315746	56.9123
304289	56.7251
117548	56.5603
29364	56.4884
85426	56.4318
498416	56.348442772444
56725	56.3162
302032	56.3161
310261	56.3153399414
292462	56.2926684907
192107	56.0065
497961	55.8433
29591	55.4798432594388
295678	55.4426
290985	55.4289799330285
54241	55.3342
246116	55.311503992
691431	55.2399
366595	55.1917
114100	55.1722
291441	55.0189
290280	55.012
292148	54.8387
246150	54.8193
360725	54.6512
25693	54.6233
315463	54.5690518947702
360722	54.5225
29456	54.326
500040	54.2886
316482	54.0361
294643	53.8529738312
362049	53.8195747776525
170821	53.5969
192211	53.5612
305714	53.5349
680229	53.5311825839966
295965	53.3505982816
361984	53.3024
297381	52.747
307343	52.6891327878127
114483	52.6762
304786	52.6395606782983
310218	52.5237
295333	52.3235852922
25277	52.0616
25277	52.0616
313228	51.7643151399
308000	51.6992747975
103693419	51.539
311450	51.307852203
259237	51.292555719
295105	51.2777
363675	51.154
84050	51.0755
117540	51.0179
366984	50.9898940321
311114	50.958891028576
83589	50.8546008649
296199	50.7901
292918	50.5677
497976	50.345933455
493909	50.021923432
60384	50.0
