307545	95.57224
29416	93.78641
307271	92.873563355
297123	92.6463720392
304218	87.8493
304218	87.8493
60466	86.4843
300221	86.3321
299691	85.918
24943	85.4674
60447	83.6858934529
60447	83.6858934529
299799	83.5637
305679	81.9373
290396	81.6238067384
25694	81.04119872
24326	80.0376
81636	79.3032
302378	78.632
24680	78.1114
314772	77.3414
171148	76.8143
29380	76.3607
314894	75.6239812498
171057	75.1399
306695	74.7648826947
117556	74.4829
295678	74.142
257648	73.4997
24651	72.9642
364786	72.964
305922	72.6663
297498	71.688
305317	71.0694399007
140635	70.7191
299186	70.4596
300284	70.2361
25743	69.2905758119282
286910	69.2235
25230	69.1825
25230	69.1825
297758	69.0391
361736	68.5129
685472	68.351
312563	68.2984
309399	67.6961
303518	66.5743876305
300652	66.5613
308473	66.4577
303016	66.2766
314273	66.025
57395	65.8992
83576	65.7936
64312	65.625
64312	65.625
171120	64.989
309828	64.3076
296925	64.2115066216
29456	63.9067279
363169	63.6584
689954	63.612
81808	63.3269
306840	62.9894
316435	62.89665
29629	62.8247890445
309798	62.5563
171574	62.4216
362788	62.2691601838
29252	61.5655
54231	61.523203057
302328	61.5081501530006
84379	61.2647
365398	61.0874
312303	60.8126214164
308267	60.4977
302492	60.0124
25687	59.9785
305310	59.8583
314949	59.358
295401	59.3404
114859	59.1921
116548	58.9778936872
292485	58.6239968764
311114	58.5495
309041	58.4216
29705	58.3352
25404	58.0864
25404	58.0864
307986	58.0532
394266	57.7646
81659	57.5945
362686	57.2094
298609	56.9018
298934	56.8848
303070	56.2809
81528	56.2478
294012	56.0476
306439	56.0243677765
191569	56.0146
294711	55.6125
192147	55.3906
307178	55.0987
315824	54.8834904388
288652	54.7795
100188937	54.7167
296583	54.4022181869
613226	54.3643
360272	54.2356319387
289201	54.2308028144
117538	53.5627
313418	53.4033247579991
315259	53.3889
310791	52.9538
64469	52.7673700439105
25316	52.0177152181
360983	51.8699
297173	51.6684
246116	51.394619731
317218	51.3671635192
289777	50.9922198937
246776	50.9593
54262	50.5349
54262	50.5349
361374	50.5147
295674	50.0
312030	50.0
