367252	96.835216698218
367252	96.835216698218
286959	95.52956
308864	95.4240847447616
295704	94.66015
171373	94.3026788412
114520	94.1825792548
290850	93.01589
170908	91.34655
246174	91.091392267
309420	91.0310216006
294515	90.85459
171304	90.28884
293561	90.1130104128
313418	89.7774567152
360543	89.7208
289521	89.535
291103	88.5767814112
25576	88.557
296467	88.3705053
171129	88.2625
363169	87.9511
687147	87.3297
687147	87.3297
81816	87.2317752874
680308	87.2136
316415	87.0572862350646
366219	87.0057
295395	86.9889
25402	86.6831213589
287638	86.5768
298859	86.19
305424	85.4454
312030	85.1625022635
171122	84.7661
305230	84.4351
303132	84.1886
297392	84.011
24605	83.9688
304794	83.2624
246074	83.2492236534495
25537	83.1788
311311	83.0729
24188	83.0613
304914	82.9612
80899	82.8408
291609	82.7178
24239	82.6472
79242	82.519
362489	82.103
365548	81.4212
310538	81.2887883826554
89825	81.0816
81748	81.0626
361037	80.7969
310791	80.5752633346
84588	80.5716
65144	80.4593
313510	80.343282164
25155	80.1771753988
302705	80.095
24356	80.0798225104
289883	80.0134
287477	79.8538
295461	79.4817
192267	79.1934
360917	78.4928
362738	78.4856
361321	78.0112856398
84408	77.8781
25671	77.8749157812
293614	77.8604
24626	77.7908
683630	77.2059
314751	77.1065
689890	77.0653313117
24379	76.2424
24248	75.8343
690262	75.7823
289736	75.7603560444
64124	75.5699
304017	75.3559
287113	75.2070169325
25124	74.8566328243902
25135	74.7708
64443	74.716807153
288378	74.5318
29693	74.3126627704
294963	74.2582
24482	73.615
24482	73.615
24482	73.4828
24482	73.4828
362871	72.823095265
362687	72.816
296302	72.6191
303439	72.077
315741	72.009
58823	71.9636
362665	71.7780813664
315670	71.7555
170946	71.7463
303306	71.7284
681913	71.6737
81649	71.5364621011
64520	71.527
307100	71.507
691149	70.7354
78975	70.7067
114024	70.5814
84469	70.5227936635
58942	70.5051772828
306091	70.4044
300649	70.0098
641521	69.965
25404	69.896986525
25404	69.896986525
171485	68.6869569178981
683667	68.4534
311384	68.30168142
311607	68.1794437763875
29748	68.0581
85431	67.7611
305956	67.263746122064
303016	67.263399461
305586	67.1182
100125370	67.0825
64634	66.9758354365
25514	66.9409
313994	66.7503253751
683512	66.649
25697	66.6245
288111	66.4403
317268	66.3722
306571	66.2217
315689	66.0121
288498	65.9733
54311	65.8615
361096	65.8081
310392	65.7720513896647
64832	65.6339
81817	65.5719
316023	65.5056
56718	65.3855
29252	65.3335
294043	65.1652
25012	64.9415
25012	64.9415
25012	64.9415
25701	64.7721
246142	64.7349
373545	64.7117
29335	64.7091021522
29335	64.5680647
100362347	64.564477297
289881	64.543390372
29665	64.40763295
500972	64.1974012252
287076	64.1735
310352	64.1457
299907	64.0769441723
307893	64.0555
499020	63.9888
499020	63.9888
363292	63.9677615626
314543	63.5703494767
64013	63.5621
290279	63.5317
293688	63.5047
84488	63.1167
315716	63.0276
292027	62.8022
360920	62.7976627136
360491	62.6137
64469	62.46970454624
66014	62.3902
81809	62.100560916
100361733	61.9845550017938
310533	61.9498
313519	61.8218343875
316758	61.671235514
85250	61.5674946447
24588	61.4295
64313	61.335
308282	61.2517747456
171147	60.9684
25267	60.9309461152
299811	60.7296196741386
305310	60.584
308820	60.5724
113907	60.421417333
282836	60.2207
282836	60.2207
314587	59.9021
679890	59.6115566292
302492	59.518448996
100362554	59.504317392186
65047	59.391
297123	59.2347
360772	58.987177438482
25753	58.9853
684112	58.9762828936
171120	58.9228
24787	58.8844277168
287768	58.7848
287768	58.7848
306404	58.6372
689043	58.6041
363013	58.5015
309256	58.2591
311059	58.2523
361959	57.9991
81518	57.861
296787	57.7847
308000	57.5586882976
302502	57.5311
78956	57.4187256928
84404	57.3642
293017	57.2796
64508	57.1797
296167	57.1123
316810	56.9974
685472	56.9005
305851	56.8160042251474
29578	56.7584
315804	56.5922
252963	56.4417
25672	56.4142
171494	56.263016257
301555	56.177
296762	55.8355
308795	55.7049
24446	55.6342
29308	55.5608
360546	55.5178
294606	55.3301
58819	55.2569609305
291130	55.1396061208165
302396	54.722316034
25265	54.6751015032
246776	54.6128
116477	54.4929
116477	54.4929
116477	54.4929
303584	54.381
290317	54.2317
302424	54.1345223368
365652	53.9531
299809	53.6206
309407	53.4115760816
66013	53.3769
307745	53.3168
307169	52.9607
301374	52.8505
361103	52.7701
293098	52.7095
54248	52.6985
312915	52.6581
117556	52.5912
56010	52.5034
360868	52.4905939173367
313242	52.4782841473073
25549	52.4308
83722	52.4122
292878	52.3356450657
307721	52.2835
84360	52.2318384354
155918	51.994204664
84685	51.9604
64824	51.9482
298874	51.887541475
171160	51.8846128865
287361	51.8761
114561	51.8635
292155	51.8437728316
303234	51.8286
310358	51.777
25406	51.7694
497815	51.6916
312478	51.6786
368042	51.6347
245903	51.557871707
432358	51.531
314964	51.4407
361970	51.4307
315000	51.3616
304007	51.2895
366205	51.2795
308361	51.2552127365981
85243	51.1172
291019	51.058785664
360854	50.7122
286973	50.6745
683927	50.6743924521
307180	50.5587
84486	50.5380255618
315216	50.0
310638	50.0
116504	50.0
25700	50.0
24832	50.0
116504	50.0
292534	50.0
