681337	98.9250054180645
29602	97.6675253249595
64823	96.3638421122788
60357	95.9136341443
60357	95.9136341443
294400	95.6089626404313
317343	95.53611
362900	94.6647500692
288057	94.6490222195
294075	94.41602
192178	93.9557878834995
362356	93.50255
29381	93.2691980790419
315608	93.043266892191
315158	92.9220951044
315564	92.8728522763746
297025	92.82435
311187	92.59018
170837	92.52335
114519	92.4159
25596	92.21268
302489	91.81403
361554	91.7051539984046
498959	91.49737
432358	91.4288411072
292483	91.282436446
294429	90.607
360886	90.40144
300173	90.3989620496062
24923	90.1839818248097
303836	90.06091
315824	90.0316043115804
306805	89.8945
171146	89.762
81504	89.7112
302697	89.5746745987908
291709	89.4909146940607
29335	89.3137718491936
29335	89.1528684360351
170914	89.0864
246187	88.9721
26955	88.6837705888
494202	88.268619885597
498130	88.242550459
308218	88.1250455696
317247	88.1085
367252	88.0105888086517
367252	88.0105888086517
307745	87.9778906752
308134	87.9099
64552	87.7514474695
64552	87.7514474695
311911	87.6719359160253
288482	87.0636
366894	87.005663785773
117268	86.9673
29150	86.8039
313061	86.1503978488
64366	85.8946
291705	85.737890992
24954	85.6360661947786
291019	85.2935
29144	85.1487
309031	85.0765
282825	84.7858
315000	84.5329
85248	84.3713025623873
29227	84.2497
305544	84.2078
81744	84.1237259243
170843	84.033
289521	83.7301
305156	83.6003
309804	83.5704626266144
303277	83.2878
500054	83.2748
500137	83.2479
24765	83.068
246042	82.9918487165
289094	82.6518
171410	82.5171
24413	82.516295125
619436	82.4613
170917	82.4245144223069
307398	81.9598836329569
116493	81.9503016756685
310812	81.3570286024
312077	81.111
362251	80.6570525149
84016	80.5594
362246	80.3151587323956
361831	80.3125
313539	80.1723822750874
314374	79.8608991316
362788	79.8037421939066
310764	79.6985837350691
116554	79.6493735896
114764	79.51655
314523	79.3194
25459	79.2872
312440	79.2846
94202	79.226
94202	79.226
297804	79.1338011784
309227	78.9517
117097	78.9475
291464	78.6036
303188	78.576074954
65129	78.4713
83575	78.3678
313231	78.3066
300950	78.249875706943
312947	78.2094836954317
313409	78.0646
170641	78.0224
308959	77.9811058729
310638	77.3222734118571
301085	77.1108
117261	76.9258
29645	76.7362104510557
365895	76.7186418229
83825	76.6186735437159
84476	76.408
681112	76.1691
295674	75.8605
24699	75.7157831039718
24699	75.7157831039718
24699	75.7157831039718
24699	75.7157831039718
24699	75.7157831039718
316235	75.6355997008
304850	75.6347
314246	75.5665
291760	75.2757
291133	75.178
293024	75.0715821647162
85254	75.0607253312574
289181	74.8849449046
24922	74.8211
100359836	74.4665
24881	74.3083
54278	74.2398
309420	74.148
309532	74.0610710035107
24417	73.9958
81652	73.733
293897	73.2604
361921	73.092
116663	73.0325148858
309010	72.9512
29715	72.6942
29715	72.6942
29715	72.6942
29715	72.6942
29715	72.6942
29715	72.6942
29715	72.6942
29715	72.6942
29715	72.6942
291597	72.6312
259241	72.4546
302678	72.4088
25248	72.3158867214709
300891	71.9306
100362347	71.681410309
689364	71.5554917340049
140638	71.3639
140638	71.3639
64630	71.3134
89826	71.215812737
303346	71.2086
296130	71.1692720848
58961	70.8344349975431
58961	70.8344349975431
501563	70.7104382932843
170566	70.616798646
50645	70.3445
58954	70.254830623
65033	69.9026
312566	69.8732595108034
304218	69.5131073917498
304218	69.5131073917498
294930	69.5105456336
305164	69.3101355812036
501145	69.2912365238
314423	69.2672
314423	69.2672
309957	68.8130319517
24167	68.7974149678598
24167	68.7974149678598
24167	68.7974149678598
24167	68.7974149678598
24167	68.7974149678598
24167	68.7974149678598
498301	68.7572318563654
287585	68.6026
500000	68.5983239008
84394	68.5945115844
312952	68.5707772172691
114517	68.4503
64464	68.4201
295384	68.3539522198559
362283	68.3088556473
296710	68.3051
305310	68.0845122088
313453	67.8482
140914	67.6437494365684
60669	67.5020976631376
294010	67.4230414198796
24533	67.2591
24246	67.1007
114483	67.0860279
298757	67.0757407744
316737	66.8055835253
116465	66.5985
291699	66.5685003888
305066	66.3885433312
313978	66.31167106
60371	66.2503799679484
362317	66.2064
304923	65.8077
116478	65.8029
58857	65.7481
171113	65.1826763409945
245983	65.1704618134
305120	65.132
307178	65.1183
84391	64.6750047223
66013	64.4804
688555	64.3402712596
314539	63.797155856
170919	63.5914226872
313418	63.5080772491938
301007	63.3339801472
29480	63.2561143332
63885	63.2375
307820	63.2218135097095
301038	63.1669
64366	63.1536
60666	63.1421730212
85238	63.0745
306261	63.0316385404461
291527	62.9846
296956	62.964668086
297333	62.8798921018582
296913	62.86
307919	62.7896826339043
361384	62.4864250733282
100361138	62.4738082974844
50654	62.3660528728
310097	62.3268
170538	62.3194946698
360908	62.1412692568829
140734	62.1373436875212
310461	62.0794404097577
304741	61.9189397911545
361267	61.8897
296787	61.8676189152
306998	61.7457
306998	61.7457
171135	61.7117
315496	61.6814191785
306400	61.5621147088722
641452	61.5311
286988	61.353
306571	61.3203
294518	61.3185
25417	61.2467
29554	61.229
314622	61.0902
246153	61.0556
360775	61.0413
314157	60.8064439482
315949	60.8018524916841
304648	60.7178
291556	60.695
291556	60.695
367242	60.5357838526
24504	60.4983
364224	60.4982
60427	60.4952806735
60427	60.4952806735
316643	60.4111
50563	60.4036016658537
316539	60.3224145262
29138	60.2864184778025
309196	60.2527
24768	60.2047345988345
66030	60.18994733
500287	60.1315
83928	60.0918
29745	60.0142797792
364681	59.9915
64462	59.9712
64521	59.6448
293561	59.6342852118353
301352	59.6162
83928	59.5755
246047	59.4558
299356	59.3525017273841
313348	59.314
296973	59.2662631524
302369	59.0939811216
29187	59.0711
79237	58.997
309126	58.9510953060248
499335	58.7288
313139	58.4138
313067	58.3731
288308	58.2559
25416	58.2284
29516	58.1875978566
266807	58.1607257840796
311129	58.056
362170	57.9068
310483	57.8854
24803	57.8741111256381
296654	57.8356
310753	57.7577273042
84487	57.6145660010646
365652	57.5706
307343	57.4563510608952
292739	57.4161
289201	57.3996544
140928	57.1977
140928	57.1977
140928	57.1977
298533	56.9728
89809	56.9260070456
171497	56.8888
64047	56.8008
363135	56.6868103615787
245957	56.5165
295325	56.2292396715843
500638	56.2171472193
293627	56.1712
287433	56.0903312935
309095	55.9482
497867	55.9131
366169	55.8290995458608
288233	55.6098654307065
298504	55.5358
360855	55.4816391779
25512	55.3574
306439	55.2036
684148	54.8648
684148	54.8648
170704	54.7838407351
246215	54.7316
114482	54.7149260089245
297867	54.533223316
81648	54.4578
303382	54.3703
171070	54.2998
286983	54.1022
304809	53.9452341334
338477	53.8229895573
291691	53.8012703055
313668	53.799534279
171114	53.7587112814472
171114	53.7587112814472
171114	53.7587112814472
171114	53.7587112814472
305675	53.6799805912
305675	53.6799805912
309434	53.5881
313370	53.5738
65025	53.4342
308537	53.3881
297357	53.3820802221
619440	53.3146299184
315305	53.26722996
498492	53.1712159489193
308267	53.1201908932613
58823	53.0792
361567	52.8788894972624
117179	52.868421508
683514	52.7328
289777	52.7104
367714	52.6733
54241	52.6362366827133
306128	52.5517
683626	52.2809262502287
84550	52.2512441258924
313969	52.2054
83501	52.0593584272
299811	52.0427
64363	51.8158
81718	51.8151
116687	51.7822
288182	51.7786
360834	51.6987
29628	51.6247188115
29628	51.6247188115
291534	51.4872
497902	51.4642033137
361338	51.3214141586
288272	51.2665203508
170672	51.1931
25694	51.167564439
308810	51.0955
171092	50.9434763952703
362403	50.9268
362721	50.9213
295704	50.8724
312372	50.7504907485
305230	50.502
314323	50.3843135925575
306873	50.3755664504
29538	50.0
282834	50.0
301034	50.0
303233	50.0
310019	50.0
288257	50.0
293667	50.0
293888	50.0
