29216	96.83257
362171	94.88481
306451	94.852212333
301555	94.80248105856
313914	94.78268
116646	94.5787
83572	94.0495249621166
360229	93.89866
83765	93.47961
83629	92.45799
170908	92.2988
361842	92.22924
314405	92.0277644224
64670	91.3037
499288	90.71649
298992	89.1328
246174	88.0319
54319	87.6887
245959	87.432
192109	87.195
24459	86.5514
64677	86.39
116665	86.379986971
291470	86.2933
299356	85.7756295615614
361289	85.09
245959	82.6949
24942	82.6509193168
81687	82.4888
64536	82.207
311163	82.2012
25248	82.1176
25270	81.3756
170904	80.801
29495	80.247
293058	80.0866
288322	80.0354
25509	79.5798
308690	79.2860499629051
79245	79.1426
360230	78.96875
81808	78.5886
117041	78.1058
300791	77.4434
116699	76.779
291844	76.5449
363062	76.4433
296648	76.4195
83624	75.9161
29660	75.7241
291464	75.6536
363521	75.5608
29737	75.4314
317312	75.2648
304741	75.1890797285
282821	74.4887860242
307740	74.2484
315697	74.2226
66025	73.996
291394	73.8837
287099	73.5348927211
294091	73.0779
301020	72.9244
308592	72.5519
314906	72.4650854338
362828	71.7754685502
25675	71.5264
297387	69.9937760985266
290529	69.2776
297486	68.7138
81513	68.6005
299052	68.4981
498301	68.3787
362107	68.0596415226886
116506	67.7918
116506	67.7918
360511	67.6662799888
296706	66.8762
246294	66.1368
298874	65.9512
58940	65.6267
306459	65.5522
304410	65.3047429835
301033	64.9299133883
310250	64.9214030583
29722	64.8269
363662	64.7002897894
29344	64.622983573
25576	64.5184
171552	64.4571140998727
312703	64.2582
309312	64.256531218
25281	64.1863
25152	64.1179
286895	63.985
64634	63.8273853307
305972	63.7841777484655
24877	63.562
297699	63.2613
293112	62.8991
291388	62.8427938942
303008	62.7005
361272	62.4699
310909	61.7835
303399	61.5091789576
56718	61.3701
54241	60.582
140734	60.5645146255
311854	60.3245
311359	60.0128
192226	59.9798
303602	59.4541
65045	59.28142598
63840	58.9549
309434	58.6805
171447	58.4951
171447	58.4951
171447	58.4951
171447	58.4951
171447	58.4951
171447	58.4951
171447	58.4951
29750	58.3414
288593	58.1519
312947	58.0108365568
117051	57.4578
24338	57.3845
308023	57.2517
502988	57.2430673888
680014	57.1122
361843	57.0594
288821	56.8936
29508	56.761
295382	56.6485
312251	56.2122
360546	56.1740398448096
117104	56.1712575968535
361055	56.1593
307500	55.926015199
287109	55.90409633639
361295	55.8922
246142	55.831394157
64531	55.2932258468206
497948	54.8496
360272	54.8092
302938	54.6166
313018	54.5747
310677	54.5629366104
140639	54.4352
24669	54.435
290939	54.3585
65190	54.358
295428	54.2093
313375	54.1047882121475
89788	53.968
24600	53.7884
29146	53.7635
315094	53.115
311047	53.088
291660	53.00843137
362733	52.7337964136
362733	52.7337964136
170842	52.6854
287544	52.452
310641	52.1628080797
29194	51.9616
294520	51.8824
304786	51.7463526222
363545	51.7003
313905	51.3395
498112	51.297173764
89808	51.0517
500987	50.9781
362855	50.9237
171415	50.8005
290668	50.7723930937857
25736	50.7407
315949	50.5412
311783	50.020054687274
84577	50.0
296787	50.0
500695	50.0
361504	50.0
500244	50.0
