294674	97.9050112423
60586	96.78284
302808	96.7229502186761
360230	96.031804524821
307997	95.47436
192247	94.3048169974
25482	94.0312690384296
684980	93.9192376992321
365842	93.89744
245966	93.2391
24268	92.68265
59319	92.51723
171085	92.3845162935293
81739	91.6672185014
81739	91.6672185014
29575	91.23191
27080	90.98294
362245	90.89747
306152	90.4723418735
293721	90.0192
305679	89.3243
287647	89.3072
29521	88.3358
29433	88.0934850534
308632	88.0705
314647	87.9614440300237
29148	87.9002
362479	87.6438
306257	87.1122
305675	87.0674123458
305675	87.0674123458
296624	87.0412425942
501099	86.556170602529
29502	85.8543
170673	85.7793280618
293653	85.7787
619561	85.7007269026
360617	85.6968
116561	85.6953
296267	85.5976984783566
303630	85.4318836911
363412	85.244056335167
78957	85.2011202986
683626	84.7016633191
302946	84.5269
360678	83.8354588683
292721	83.517840338828
297872	83.2587
170848	83.1851
313020	83.047363135
24804	82.7512190968
361178	82.5493994775
25193	81.7286763214694
689890	81.6445
24649	81.6379
294250	80.6649
56029	80.624947484
116694	80.6059301176
286923	80.4901
286923	80.4901
286923	80.4901
24973	80.1678
83615	79.9926
292949	79.5113
171444	79.07047269821
293736	79.0482
113995	78.7209
78961	78.5992
361673	78.493892608
25393	78.4343
304522	78.3221435820251
679712	78.2495
681309	78.1134
64304	77.7994
313981	77.638
140942	77.5361
25398	77.4672
315345	77.3593128584
300018	77.0049027965
25510	76.8368
25510	76.8368
313772	76.7146006799
292724	76.504447424
170896	76.4225771172
266711	76.3660032183
316216	76.3596
302810	76.19031864975
29461	76.0583278124
303281	75.5744
313598	75.3671
59312	75.2942647694
365380	75.2822
24173	75.1758003448
293526	75.0156684747129
294312	74.9335389742
315760	74.5458
25342	74.1812581915486
310756	74.1455
54398	74.0294896748
114906	73.9745
257644	73.8944
24629	73.8786
363249	73.4359289643
245918	73.3384
360673	73.1219
307859	72.9365
308739	72.8865918787524
245965	72.8799
83788	72.495541237
83788	72.495541237
83788	72.495541237
302612	72.3216379572
498538	72.0167048420125
246142	71.8855644846
29278	71.8136680591
304410	71.6306153194954
308445	71.5168
287716	71.325678952
312952	70.9009
192126	70.876741599988
246771	70.5664
25139	70.427
287644	70.2057
363545	70.1487
79434	70.09337776
81817	70.0222792132
360820	69.7508937723556
503214	69.3893
311901	69.1933
368044	69.0263
315996	68.9173
501164	68.6191
685244	68.588
140694	68.0417
171123	68.0127680322253
293155	67.9756
24590	67.8592
678759	67.7963
301079	67.7921
25334	67.543057739648
302971	67.1466
25289	66.9202
25289	66.9202
282843	66.4536
690987	66.4191629256
299979	66.1712
24213	65.5294
316328	65.4066
56083	65.273
29393	65.1307611088
313130	64.7893092912147
366262	64.6383562616
54348	64.5282
360631	64.4019
295953	64.3135
500956	63.984702235
286939	63.6406
404781	63.4991398275
29388	63.4337
315327	63.4146
367073	63.182
54281	62.9068727078
309002	62.6471
308473	62.5467815231
363516	62.3946
310743	62.2846
246294	62.2673071360468
24609	62.2633
24609	62.2633
360662	62.0028
117269	61.7548024834195
361679	61.6715557816
360426	61.0777
360426	61.0777
361438	60.7784
25651	60.6552
685244	60.5611
93646	60.3878
301119	60.34395
360518	60.2808
24414	59.9279519024
171100	59.8403
296048	59.7822
295446	59.7771938697
299509	59.7441
25485	59.7378
367252	59.6805423743
367252	59.6805423743
25745	59.67255
25745	59.67255
306748	59.5344109587
316516	59.466419894
308310	59.183
25232	59.172
501664	59.0827
361060	59.0058
303584	58.9863
406164	58.8842
24908	58.4635
312538	58.4527307588
85430	58.3977
25238	58.2034
25735	57.8083
25735	57.8083
25735	57.8083
307251	57.6369
364241	57.527103529423
65096	57.5197
319113	57.1214
29431	56.8176115546
307649	56.5591
292008	56.5328882075
89788	56.4471736436
83825	56.3261222638263
313672	56.2601
306600	56.1868327475
288369	56.024
299156	55.95776488
25743	55.7928450173137
65144	55.3615618407
311621	55.3241
303586	54.98400766
361550	54.9109
361798	54.772020676
64226	54.5426
315598	54.5064
293410	54.371692438
85249	54.2966
64120	54.2489
64394	54.2472015748
407765	54.0426
100188944	54.0339
100188944	54.0339
60422	54.0089784004
64530	53.9737
294512	53.7965
83785	53.71540208
296758	53.5392
83785	53.4719789964
83785	53.4719789964
83785	53.4719789964
83785	53.4719789964
83785	53.4719789964
83785	53.4719789964
83785	53.4719789964
83785	53.4719789964
83785	53.4719789964
83785	53.4719789964
83785	53.4719789964
83785	53.4719789964
362329	53.271920944
25054	53.1736262717372
24170	53.1596411159
291394	53.1573
81005	53.114478544
50545	53.0335343245271
314641	52.9239382858
314641	52.9239382858
314384	52.8654
311848	52.8388009658497
64362	52.8337762904095
58853	52.8277
291713	52.7805
25277	52.7627328406
25277	52.7627328406
297570	52.7586415298
292019	52.7491332671142
287643	52.5656
25682	52.5314
311193	52.4569113292243
29219	52.4072
295922	52.0803
303505	51.906199483
295922	51.8531
307200	51.7974
25631	51.7020353205941
303478	51.6736404365886
362456	51.6404
309179	51.5957
306571	51.5578954765
65172	51.4133797672
303753	51.3801
313373	51.3199
24407	51.2639
85260	51.2190152933826
313743	51.099126922
365398	51.0385
296269	50.9945
81664	50.9204
313876	50.8819
170641	50.8785
300888	50.8715
296603	50.6878086411559
291130	50.6872
286895	50.667
79107	50.6339364180595
691335	50.6081
29385	50.5698
308458	50.5083
291969	50.5059
292686	50.1055377482
79433	50.0
308218	50.0
58812	50.0
314904	50.0
316557	50.0
314633	50.0
84686	50.0
114862	50.0
292878	50.0
24800	50.0
83586	50.0
