499529	88.1556
117551	86.830791192
289456	81.124580684
305171	75.2199
296510	74.3764
50622	73.3846
58868	70.7695130518
290744	68.289
25531	68.1363
361555	66.0714
313421	65.8548
303538	64.2113
360640	63.252
64312	62.8153
64312	62.8153
290631	62.1141
24650	59.3935
311505	59.2275054671
362826	58.2764
295251	58.1291875132
500133	57.9559
363014	57.7435
499420	56.9258
310848	56.8679
24212	56.7095
113931	56.6735
680945	56.2416
298936	56.2289
313834	53.9841
294303	53.9632
312754	53.5887
497198	53.4254
85267	53.1057
292155	51.6558
287644	51.4252
300266	51.2051
305851	51.1421
291813	50.0
311325	50.0
296380	50.0
313488	50.0
