116673	94.4367905452314
25364	93.2917159568
303518	92.1585
25364	91.81632
24768	91.78697
116554	89.1927
25334	88.9849153938933
84430	88.39753318
315648	86.8887
304376	86.7022062964
309361	84.8785
171028	84.3042
171028	84.3042
499073	84.1658
309338	83.5928716096
291061	83.2254
363040	81.5523
66015	81.0082
29722	80.2143
299256	79.836923913
29138	79.649596014
360681	78.8262745165724
305795	78.4251128854
79032	77.8345
171099	77.4027046094
298280	76.9969
58920	76.6739926612588
113975	76.2839
60341	75.9259578878
25248	74.0458
100362331	73.2616
309451	72.0577
287185	71.9999
304092	71.8035
394266	71.3718
501061	71.2395
362895	69.0801761923
302920	68.6011
246060	68.5583
246060	68.5583
246060	68.5583
170928	68.0621631796765
362956	67.796
361711	67.4761894148
294499	66.8365
361508	66.4014
366274	66.3839
64462	66.0712663017
294065	66.0547
300066	65.9390762575
29558	65.9006
501099	65.60505
363849	65.5123
291921	65.5067
301579	64.777876714
299979	64.5427684906922
287110	64.2004123984407
499669	64.0730342194
311901	64.0146
64507	63.8336574772
362567	63.3095
24387	63.2569
29633	63.2506
298653	63.236
25230	63.0402
25230	63.0402
360734	62.9098
24258	62.696
305685	62.4615613258
299206	62.376
29140	62.2976
499924	62.2116413087
170896	61.7139
289307	61.4406
114029	61.2249344965
690654	61.2025158557
315114	60.69190996
260323	60.2881380199314
114200	59.8858
260323	59.1789885654266
311405	59.1618543194073
307907	59.0673023544
25427	58.9462
296284	58.9266
79222	58.8203
296279	58.6184
360555	58.5633
365652	58.3573
100233176	58.1763
502372	58.1348
25735	58.0839
25735	58.0839
25735	58.0839
64134	58.00882945
170842	57.9046
296973	57.5942
306586	57.5406
315219	57.102444005
246116	56.9727849769
364675	56.674462144
50563	56.3229242144
81679	56.1969
311166	56.1771
293627	56.174957512
361002	55.731420656
24949	55.7261
24949	55.4886
29525	55.4028368625
363520	55.3495
304539	55.3293
245956	55.2855714401
113970	55.1595424998
316062	55.0961
309376	55.0920346822
303004	55.0763
303165	54.756
307820	54.5835
361303	54.5634021214
81859	54.0597
303567	54.0249
102554884	53.7580985056
309729	53.685391352
302937	53.5678
24318	53.0045
65134	52.9641
100361647	52.750075704
29492	52.6456
29311	52.3915
304528	52.0333
81747	51.7547
116636	51.5595
85267	51.52223424
305164	51.3906
307810	51.2830731568
681190	51.1681
360564	51.0448
65208	50.8624405634
25240	50.78867022
292100	50.7689169455
303179	50.7067
306400	50.683949205
289727	50.626537454
360720	50.5286
308511	50.4029613989
117272	50.1680702856
363674	50.0938183998
310352	50.0413162616
292008	50.0
310772	50.0
367316	50.0
311865	50.0
