313477	99.2753933557937
246116	98.9339391149776
171148	98.1926029164696
307016	98.18428329757
316256	97.685243452
314265	97.60449336073
84550	97.4406526060001
81655	97.2660970734285
316539	96.97294130404
25584	96.93015900242
363278	96.4289
500564	96.19639
257646	96.18279051725
313339	95.9991495160801
307169	95.97324
60447	95.7526345801483
305424	95.66963
301085	95.596099136
303547	95.5303878798465
295674	95.47294
313845	95.19292
316351	94.9797041532
64455	94.88428
170840	94.7425287884765
29410	94.72498
24695	94.67193
362501	94.6659
117514	94.4594109865
690366	94.35025
499653	94.23382
312656	94.2007324449869
500244	94.0820071487896
305812	93.95929
29157	93.95545
60447	93.9398621688642
315949	93.89777
296616	93.86855
27080	93.84896
113894	93.84287
116596	93.84192
304007	93.82997
64044	93.7700391616
300228	93.683371108
298875	93.68041
303394	93.63408
363084	93.58751
360640	93.567346696
291553	93.4416120106
366265	93.376764268
300944	93.36625
305816	93.15219
315740	93.09057
308537	92.9535
54230	92.86575
100158232	92.6580330678
407765	92.60866
29187	92.53716
246282	92.393657694
309129	92.19871
60562	92.10744
170904	91.98288
498328	91.90514
307075	91.8517
58967	91.43009
297393	91.05609
313994	90.98346
116717	90.94832
360632	90.7635939915
311405	90.68169
58820	90.58867
691589	90.4891
305302	90.27217
313427	90.15643
295692	89.9888
309390	89.9599
311721	89.8521885099772
314751	89.8263060834805
298410	89.4644
312927	89.3638
25694	89.3409
24848	89.1156529423
306203	88.8911
65172	88.8874275095
85245	88.84
287276	88.8044
117560	88.7644
171381	88.6681
311193	88.5868
83842	88.3693
288657	88.2433
288779	87.8813995912
293042	87.798
116548	87.7964
306695	87.739650885
314423	87.4306939303
25696	87.381463069
365793	87.32070844
171070	87.285
298848	87.2349
362697	87.2007
306400	87.165365575
315088	87.1586807404
117515	87.0113
288504	86.8095
287441	86.7847191217237
50998	86.447192926
297096	86.1395
364712	86.114
297952	85.9498993832
292925	85.8159
288545	85.7803
65168	85.7708197254979
81574	85.6203676682818
246232	85.6015
114906	85.5926
294449	85.4805
25044	85.3587
25687	85.3444
295342	85.2588
100912536	85.1837
303259	85.1405
171492	85.1312
362591	85.0550289876
29516	85.0497
304109	84.9343
360917	84.9208
299246	84.85
83513	84.5995
314993	84.4336
303342	84.4075
307302	84.3979
305450	84.322
81758	84.2800035476
64666	84.1532
306825	83.9733
83683	83.8698
307740	83.8645
25579	83.8447
307200	83.6699191393
29758	83.6596
300173	83.6559357875
207123	83.5381
306492	83.5025
314906	83.1104
302495	83.0737
24316	82.9793
25267	82.8114
65048	82.7644986104
114246	82.6081
308739	82.2965
315666	82.2215867844
295382	82.1108
140590	82.0627
24306	81.9178
311406	81.8862
25565	81.7384
361550	81.7231
50659	81.3064
288908	81.2734
287828	81.0579
170845	81.0578
304193	81.0118
689704	80.8984
292016	80.6796945184
316273	80.5493
298878	80.5443
304378	80.5133
117520	80.4307
117520	80.4307
117520	80.4307
191572	80.3286
362733	80.112
83465	80.0975
289874	80.0617
25050	79.6757
293024	79.6587
307820	79.6338
297768	79.3263
685465	78.9816
317576	78.9616444404
64559	78.884
303293	78.8739
29659	78.6096
25537	78.4663
310538	78.4336
289584	78.4202413632
58954	78.395
294289	78.2495
113976	78.1967
313554	78.185
25202	78.1605
83616	77.9864
58853	77.8829021285
84420	77.8509
296284	77.7893312725
310669	77.7556
306809	77.7284
65185	77.4777
289521	77.3538
29525	77.1581
54702	76.9614
362061	76.6754
685472	76.624
314850	76.5561721142924
305012	76.2271
65208	75.9889014171
308821	75.9825
362871	75.9746
299204	75.8678144371
361686	75.8111
50993	75.637
314621	75.6023
361700	75.5781
298423	75.5594
367714	75.4751
25549	75.3359
362665	75.1391
24908	75.0354
314423	74.9474132042
294568	74.8862
114485	74.7532936891
65146	74.635003185
85245	74.3755
291352	74.3718257776
360827	74.0732
64627	73.853
291967	73.6785
299618	73.4015
294732	73.3762
24212	73.2117
311876	73.2076
303016	72.8634661632593
683630	72.5737
57300	72.5461857214
79208	72.5046
305482	72.4667
287765	72.258
58919	72.1938
298762	72.1769
292139	72.0105
54281	71.9203746152
116509	71.9147
362733	71.8621
498650	71.838
311872	71.7394
192280	71.7327
293098	71.6110797031
366624	71.5949497912
311901	71.5722
29733	71.5682
361679	71.5526
292139	71.4092
314196	71.1355
64476	70.8166
289175	70.733024706
362979	70.685413894
305310	70.6049
24772	70.4797
309451	70.4589
171093	70.3491051492
171093	70.3491051492
81636	70.2879
293886	70.2393
361832	70.1522
29602	70.1066
501563	69.7262125502496
294074	69.6588
64547	69.6525
80881	69.522022756
302711	69.42356357377
314930	69.354
309304	69.3405
308523	69.2745
288079	68.9805
291906	68.9023
84008	68.6993
140914	68.3275
304817	68.1859
306375	68.0967
24650	68.018
303567	67.9738
308069	67.7913661752023
29748	67.6942334557
304786	67.1533928400676
307604	67.0544
305887	67.0108
50677	66.9139
498959	66.8528
81812	66.7018
25367	66.5109614718874
25367	66.5109614718874
25367	66.5109614718874
25367	66.5109614718874
50594	66.299
497974	66.1242
315880	65.9904
310749	65.986631248
311647	65.9249
294322	65.8633
83633	65.6843
312728	65.6594
363227	65.5859
117556	65.5703
289307	65.4956
304799	65.443625926
81645	65.4104
296182	65.2322562928
298859	65.0235186556
306809	64.9199
308598	64.8689
287115	64.8437
312495	64.8181
296762	64.7129
309338	64.5504607872
303132	64.5426085569567
293016	64.5096
303287	64.4775
404781	64.4249
309812	64.1749
81531	64.1620032306
296511	64.0683
315272	64.0022
685102	63.8406
362710	63.6016
171290	63.2931
300652	63.2063657178
361677	63.0751050139
116478	63.0561
363985	63.0047
365963	62.9704
310341	62.9641
362675	62.9088
399489	62.7843428356
25416	62.7617
114851	62.6372
25095	62.5934487576
117186	62.5616
114845	62.483
300719	62.093
292401	62.0212
305164	61.9525
363005	61.8209
317312	61.5795
296787	61.3583206921
308709	61.194170575
314949	61.054518304
312301	60.7692
361517	60.5251
246310	60.432
100360501	60.4272
100360501	60.4272
100360501	60.4272
361715	60.4095
360904	60.3665
296851	60.2247
83619	60.2183
85265	60.1939
29645	60.1335972235
29253	59.984
29454	59.9623
54268	59.9225
304271	59.8008
314480	59.6392
361388	59.5929
64558	59.4102370888453
362115	59.2834
83712	59.1253
294375	59.0891769475
64528	59.0720653568
81656	58.8812
303586	58.7732
311742	58.7212140406
24215	58.5622
246174	58.4559
298074	58.3431600052
304920	58.1246309254
294010	58.1018
25139	58.0705
308023	58.054
500986	57.3244
362923	57.213
498650	57.166
81771	56.8824
499947	56.8771
500690	56.7746
305675	56.7572
305675	56.7572
366734	56.7559
83533	56.7182
310207	56.4772625412
297960	56.3956
29627	56.3012927496
29627	56.3012927496
288532	55.9132
303292	55.8701178256
140607	55.8566554232
361221	55.8328
29480	55.6961
308890	55.6667
362720	55.4828
360549	55.4319
114090	55.3694
294027	55.3624
304758	55.3201405895
311450	54.9243
192152	54.8002
362246	54.7781215591
116741	54.7716587612005
60327	54.7467
310315	54.7061764141465
308126	54.68
289230	54.5819
313594	54.5725176049
309035	54.5616
289717	54.5486
299766	54.4876
286928	54.3169617544
116723	54.2867348608
313594	54.2450824342
79249	53.8191
315265	53.5847
117261	53.1911
298894	53.1459
303584	53.1446
308624	53.0879575136
500040	52.9793587432
294287	52.9283
293507	52.8389
362325	52.8218
25485	52.7219
303604	52.5785
361159	52.559
114764	52.5583
79247	52.4124
29560	52.3836
501052	52.3361
296372	51.8987592832
364855	51.7808
54297	51.7677
286973	51.7197518713
29619	51.6415
64545	51.4799
314417	51.3981
313236	51.3462
308939	51.2983
301674	51.2931
25743	51.257026021848
311334	51.2303
192228	51.1317696345
286996	51.106882852
301345	51.0696
116477	50.8889
116477	50.8889
116477	50.8889
289560	50.7056
305884	50.6939
361920	50.5345
100361138	50.40848374
83785	50.0
309144	50.0
362409	50.0
361057	50.0
171528	50.0
306129	50.0
287462	50.0
315423	50.0
