25300	93.41583326668
25300	93.41583326668
362037	92.98097
362972	91.76299
317343	90.27197
312077	89.6035
292148	89.4172
24680	88.4996
312516	87.0908337657
83726	86.224
310097	85.4913
25065	85.1696
25065	85.1696
84010	84.8564
296281	84.7541
114520	83.9886
29755	83.4409
84478	82.6582
29263	81.8331
303141	81.0841
288821	80.2417877608
306071	79.1100448469
85240	78.257
24943	77.8003272844
292999	77.6541
312052	77.1112
365699	76.673921848
304881	76.5744
288057	75.5811
25565	75.0313
113886	74.5824
83531	74.4902
289457	72.8891
25571	72.8792543779
171564	72.7024
297504	72.679637824
259241	71.9780637643
24383	71.5766
24167	71.222885217
24167	71.222885217
24167	71.222885217
24167	71.222885217
24167	71.222885217
24167	71.222885217
302396	69.6733782625
289230	69.6352
81813	68.4698083564
310780	68.2617
306655	67.1167
294210	66.5066
311494	65.8826702755
307343	65.8395448424
292548	64.943073142
315758	64.7498
301097	63.897015621299
297481	63.8257070338
309139	63.719
116658	63.2798
360602	63.0372
298757	62.9873
83507	61.9975
360858	61.8824520748
362463	58.9549052926
114104	58.8588
65195	57.3784997628322
65195	56.8194264831289
65195	56.8194264831289
24166	56.8182
114210	56.3947
292687	55.7968
304037	55.6703545802957
362519	55.1971
294679	55.1754
290028	54.8247
171079	53.6644
289196	53.6516
78956	53.4454
25672	52.9859
312790	51.7781
29636	51.2865
296161	50.9696
362479	50.7071
171521	50.6834
54248	50.3184511768
287821	50.0
365657	50.0
