293112	99.8693553681408
24261	99.5942401204373
171120	98.74563394632
64551	98.6821602693564
64551	98.6821602693564
114520	98.5592364577846
313348	98.3454647632
290705	97.4345
50552	96.9648476538
362325	96.9007899349575
362481	96.4490892683855
309638	96.21583
361831	96.0588
301068	95.9516887488
25238	95.95008
500832	95.3878816800337
291670	95.2743208243
24908	94.9286573894
364706	94.35778
308624	94.2480811302658
315037	94.12921
361944	93.87794
361944	93.87794
366872	93.73999
304758	93.6711032483177
362479	93.5940399472
304007	93.3936
29710	93.36066
310352	93.29171040352
290317	93.0194523216429
83506	92.9326166866
310533	92.51359
298874	92.3336928684
85243	91.9995458053
302396	91.7898242580078
314246	91.56514
362923	91.1815636876
24673	91.18138
81813	91.01342
292534	90.9844205439
316348	90.9633174723
362687	90.9231
315804	90.8421323469371
366889	90.70917
307585	90.6446
316369	90.4438123376
292016	90.3654429997988
24398	90.2678519854261
300954	89.9868
65047	89.9117
363084	89.9079
192272	89.828
310638	89.8132
685232	89.6442369839074
303059	89.5923842190006
315023	89.403116767
361815	89.3755
171356	89.0273
297910	88.9382
314870	88.7967
296762	88.6671046162
302697	88.6266535507291
290794	88.5989
315309	88.586
81754	88.4662
25608	88.1217914984
312030	88.0062246344897
683927	87.9396296667
298757	87.8317653064
29628	87.7401
29628	87.7401
301346	87.6834
689909	87.5912299876
83626	87.2470476608546
100362554	87.1809167902204
308523	86.920752952
117855	86.8764
361866	86.8465
314374	86.5838473858
360511	86.4107468424
292485	86.276
314941	86.218601054
300095	85.7613
360589	85.7002
117855	85.678
116647	85.6605
301337	85.4063
314423	85.2873
314423	85.2873
78961	85.1019
302363	84.9806635540508
24356	84.9551563722906
308794	84.7936
366474	84.78585
681359	84.676
295631	84.5958
305831	84.4047
81638	84.0928
116477	83.902256416
116477	83.902256416
116477	83.902256416
502603	83.8062
299194	83.7452882722
171072	83.6738985874
295327	83.654967529
114024	83.6544544716
64441	83.6052886372
25129	83.505
25026	83.4296
84394	83.3793
365395	83.0075801444
25027	82.5369
293960	82.0354
83842	81.8048
362533	81.7735
24459	81.341
293098	81.340354342
297805	81.3197802224
287464	81.294
302502	81.2540226862
29622	81.1707
85250	81.0916
498492	81.0473
25373	80.732
114243	80.6749
29308	80.6347
25537	80.3572
360917	80.3216301343482
304012	80.1941432432276
29458	80.054
24942	79.9484
500972	79.9396843417
311864	79.8853
305391	79.884430485
25477	79.8797
500087	79.8559710888
361585	79.8227260981463
317297	79.8091
79120	79.7197
682988	79.6918671754
311374	79.2788
298374	79.266976438
64015	78.9394
81783	78.8577
58961	78.5228135344
58961	78.5228135344
362844	78.3678491599346
308283	78.21314299
689972	78.1918
294074	77.9556
29705	77.9515637014
29219	77.8351
500132	77.6997747434641
312251	77.5021
54251	77.4905
64827	77.2154
299811	77.1947278059726
311334	77.088492667
363131	77.0292
315741	76.9745910865
304966	76.8245461764
308795	76.8172
306091	76.6808
282581	76.6593388936
57395	76.5535
302898	76.4671
25265	76.4363
313729	76.4343406704
84487	76.2446
309227	76.2064660232
311059	76.1553
304092	76.1149
114901	75.7333353458
310399	75.6998
246152	75.5432509168
305317	75.4599
100125361	75.4188
84488	75.4003
84594	75.3796
315949	75.3173
313018	75.1362
287768	75.1276659836
287768	75.1276659836
100360880	75.0666
171092	74.972889648199
60325	74.8863
360834	74.5723
301446	74.4796
24666	74.2728
25162	74.2578838016
29560	74.2118
295264	73.7243
361700	73.5359455326
301309	73.5016
362466	73.4998
295334	73.1592
305549	73.0834
688777	72.8063
306817	72.8006
83526	72.7703044736
266808	72.7517523019
81516	72.7114149257
313588	72.7020182004
360468	72.6426
303396	72.5791
64053	72.487
171121	72.3785378555
365895	72.342368177
29606	72.3292
313519	72.1785197465
100362347	72.1157667691096
315608	72.1026998055
501110	71.9855
362490	71.8490529976
84014	71.7058
303298	71.5688
313725	71.5222
64520	71.4718
679668	71.0376
114109	70.9763
315447	70.9538
50993	70.631
25326	70.5867
316810	70.3687
361388	70.1891
363412	70.1861
306110	70.0926
315870	69.9875138152
306081	69.9271
363836	69.8514
685607	69.7673
306147	69.6928
302864	69.6264898792
302552	69.6026
25353	69.5303522398
25705	69.5038464519
303016	69.2327
140639	69.0192
299138	68.87446726
58919	68.7936348690909
25622	68.6526
25622	68.6526
25501	68.5495642401
287451	68.3996
361013	68.1506
171458	68.13586704
192362	68.1312
64443	68.09254479
363061	67.9937
25459	67.9927197792
296372	67.806
81655	67.4124873748
299825	67.3029936232
307745	67.264947936
24208	67.2084
64370	67.1451
291736	66.9226066344775
310958	66.857929918
64373	66.8171343035
315833	66.621711738
362871	66.5934
317413	66.5830719562
24790	66.564686193
246334	66.3881
246334	66.3881
498130	66.3510159284
60586	66.3423
312947	66.3268
307271	66.193
295455	66.0636
303342	66.035456582
117268	66.0311
246334	65.9823
246334	65.9823
114514	65.9516348336158
60334	65.7727
25562	65.7265
266780	65.699
29707	65.6712
362182	65.6703513145
313994	65.663
64473	65.5834619595
25493	65.5726
292925	65.367
295661	65.221
306571	64.786919662
305423	64.6547
360726	64.5945066496
690043	64.5179
304791	64.48802227
300944	64.3731
361632	64.2367284868
315994	64.1304
297783	64.0968
245922	64.0924
192274	64.0739
25033	63.8049
501563	63.6281854308
60443	63.5297
60443	63.5297
60443	63.5297
303828	63.4755858676
84008	63.4675
288597	63.4217
315137	63.4144
288256	63.4109569783
315806	63.3948
140593	63.3567
500000	63.3353216045625
305367	63.3327742189292
64032	63.2913
246116	63.1856
114090	63.1403565664
314862	63.0824
89843	63.06
314850	62.7343201615442
313048	62.7003
308346	62.6295
363096	62.6288
361945	62.5638
310461	62.493312944
29688	62.2939
24311	62.227
24311	62.227
24311	62.227
307724	62.1574353708901
494445	62.0672
117515	61.740324734
498486	61.6819
498486	61.6819
260323	61.6510177232
304017	61.6436
688999	61.4584111105
84360	61.4315
310633	61.3326
302473	61.2785
360526	61.1984
311621	61.0786
65274	60.9862553884
64394	60.8062788909638
360476	60.6757
303394	60.6313614856
296603	60.2618427048
299256	60.1957
64529	59.7897
290775	59.7165
362817	59.7146
171010	59.5721
304670	59.5109
364420	59.4145
305501	59.3447
308000	59.2843594834
308864	59.2002
113976	59.146
361684	59.0053
24882	58.8371
313861	58.5623100375
304024	58.5539874263
688174	58.4788
361832	58.4571
306492	58.4103342945
499328	58.3685
192178	58.3586316908
315883	58.3243682194
292756	58.2
311494	58.0943987846618
501002	58.0686893006918
25248	57.9575
362202	57.9334
314543	57.8236
361668	57.4141887274
361838	57.3182
170911	57.2616432688
287276	57.2509
81744	57.216
499702	57.1844
690728	57.1186
313557	57.0954
113936	57.0892
362295	57.0855
314818	56.9827
84409	56.8764
315308	56.8504855984421
24482	56.8485
24482	56.8485
362185	56.8082
117255	56.8057
24482	56.6934
24482	56.6934
25433	56.6176
171155	56.5991
362741	56.5748
690139	56.5689
296219	56.3977
29676	56.2034
290230	56.1577
56064	56.0098
289382	55.8197
29374	55.754447616
317335	55.4880344303647
114490	55.299
679712	54.922
363067	54.8595
690374	54.7976
362750	54.6329
245959	54.6101
245959	54.6101
117096	54.5162
316539	54.4676
290905	54.1054
25049	54.0714
311911	54.0239
84586	54.0094103248
497198	54.00436474
114488	53.9937
314310	53.9606
493909	53.7642
54244	53.7587
140923	53.5963673306438
25624	53.5683975607
294043	53.4595
300514	53.3923
432358	53.3394308025
245958	53.2641
291023	53.1938
367252	53.1267045725
367252	53.1267045725
25094	52.9627182058
315904	52.9518
24484	52.9434254295
310909	52.9337
315427	52.8791
304286	52.8386
361994	52.6778
24419	52.6728
499020	52.6359
499020	52.6359
362176	52.6276
362176	52.6276
362176	52.6276
362176	52.6276
290669	52.601987557
29146	52.5898637172
64896	52.5808
24451	52.4448
25406	52.4196
683077	52.3324839645
306071	52.1542382864
81750	52.0594567326
298189	52.0466
317612	51.952
296394	51.9
302666	51.8384
292019	51.7894
362258	51.7591677598
360482	51.7182
307487	51.7023
309400	51.698
298944	51.6495
299982	51.6298
295319	51.5601
171485	51.5482783798436
367314	51.5025
313969	51.4721
288905	51.4105
26954	51.3416
317407	51.2946
315297	51.1226
307343	51.1020572505726
116741	50.9773771079549
25668	50.935652218
305270	50.887
362383	50.7884
25544	50.6991
291445	50.6445
24948	50.5644
155012	50.5321
309280	50.4566781148
304786	50.4202035914317
296134	50.151369245
315133	50.1501124317
58967	50.0
315648	50.0
289693	50.0
301235	50.0
245903	50.0
364712	50.0
361060	50.0
289400	50.0
