289276	93.80802
294279	87.4991
29719	84.8018
311508	84.67325
365755	82.3208100128
317376	81.9221558956
298648	81.7927
117538	81.4991
305468	81.4963
363251	81.3205
363672	80.5777
360906	79.9514
682930	79.4447665456
360613	78.2231
317425	75.5315
300802	75.1279
361613	74.7265
29618	73.8919
288583	73.7379
362418	72.9131
291084	71.8416
360634	70.8663
24575	70.4658
24575	70.4658
24575	70.4658
24575	70.4658
24575	70.4658
24575	70.4658
303298	70.4099
311562	69.1682
313053	67.8696
313782	66.5577
303245	66.2425217208
499088	66.0975
307483	65.6634166881514
308345	64.7057
25491	63.9169
25491	63.9169
58942	63.8216
170906	63.7261592282
83825	63.692202929
312108	63.6017
100911859	62.9655896906
362591	62.9433349792
25475	62.7829
303101	62.6556
310392	62.4441923312
297337	62.0754
25155	61.1881
294154	61.168204291
296956	60.82945
288321	60.6152
682507	60.3549
24667	60.1742
295607	60.1618
288743	60.1504
303135	59.4958
116598	59.3339
64076	58.2235374436596
286931	58.2133
292721	57.5839
301038	56.8241
314374	56.7743
303132	56.6853688061
298884	56.4142
64471	56.2246
24267	55.5254
310756	55.0488
304900	54.9081
362826	54.7148
315434	54.4883
29276	54.112660996
309377	53.9098
306549	53.0948
311558	52.8152
79433	52.7849092560984
170928	52.4486
679869	52.4276
689055	52.3810967824
300666	51.873
81758	51.7682
25642	51.0692
64549	50.0
29628	50.0
309628	50.0
81508	50.0
29628	50.0
