81708	95.52984
360772	95.51455
81815	93.32376
501925	91.40218
361628	91.2599281609
296911	90.90999
338477	90.01575
302864	89.9923426621107
83513	89.8234
691209	88.5154
85384	87.7211838184
360920	87.1676
64559	86.8835
171050	86.6626
308561	86.574
499669	86.54
58823	86.2951048274
367218	85.4317
367218	85.4317
25704	85.0655
303803	84.8929
83839	84.497
140666	83.7552
302313	81.8659
299201	81.5532
29366	80.9588
308939	79.182585591
315523	78.9952
292165	78.9503
50663	77.7412
84476	76.9982
361390	76.8803
60443	76.7218
60443	76.7218
60443	76.7218
310207	76.719379247
299707	74.8473
64664	74.6624
432358	73.2538
362013	73.2503
85267	73.1436
362741	73.0438
366697	72.4975
312303	72.2577
294088	71.6926
309804	71.5437139213
317382	70.8386771173
362759	70.3179252263552
316794	70.0007627908
289129	69.9546
85434	69.0724
498301	66.8477
29190	65.8814
24174	65.8218475352
100196907	65.48
295382	63.8967
309887	63.1979
361207	62.8374
296115	62.8323
298648	62.5303
25514	61.968
299199	61.9221
311730	61.8359
29650	61.6963
58942	61.6555943185
64025	61.1481
297601	61.0679
362844	60.8353350464
100361092	60.2177
305471	59.7583101018
307820	59.23775
288182	59.2117
294734	59.1077
64845	58.8652
305471	58.1373962786
171121	58.1317
314785	58.0736
302473	58.0481
688555	57.3819
299138	56.9845
363266	56.8207
114700	56.3975608852
24667	55.941406986
679713	55.2863
315272	55.205
303886	55.09197893
298992	54.965
81717	54.8668
362911	54.8299
297518	54.0397
298079	54.0123
360461	53.876
287447	53.6128
171433	53.5654
361626	53.4135
303332	52.9294
192361	52.8981
307070	52.2035
297570	51.84
362578	51.6659
362578	51.6659
311487	51.5923078396
25548	51.3204
81739	51.2239
81739	51.2239
298024	51.1813172784
298024	51.1813172784
29436	51.1183319952
305253	50.918
50677	50.9043
64394	50.033177782
85238	50.0
