362891	95.6599258259344
308468	92.1832958449751
116490	92.08798
25268	91.83543
83510	90.8506777373964
29482	90.02304
298609	89.7277
307482	89.7262689566
363516	87.7348
399684	87.6307
83466	85.3695962204
362979	84.246815684
117533	83.5917
312559	81.5368
313913	80.9599
288364	80.9131
307526	80.7835
293098	80.1311
313582	79.7339
317418	79.7147
308410	79.6807
24174	79.4710385662
302553	79.4602
313865	78.8709
54251	78.8084475004
298250	78.732
309565	78.0509
315705	77.9297
317260	77.8000094656
361368	77.5225000809
114211	76.9037
301119	75.9786912532
24294	75.9161
29311	75.7451
314655	74.6872
360534	73.4747
315136	73.4021086516
29688	73.2664
311796	72.5576
309170	72.422
140720	72.3195
85382	72.1382
300659	71.5725
252919	71.449547270086
290798	71.4071
301509	71.3792134697
296511	70.9773
297481	70.4823
294010	70.2671010398
287527	70.0158
65161	69.9944651387618
365895	69.9347272105
83628	69.4124
290842	69.0493
366568	68.63725
287419	68.6208
497936	68.2843
501099	68.0092769526
171297	67.4766346032
287564	67.2671544488016
59076	67.2554
311856	67.1549960992
685244	67.0636
59076	66.9775
24805	66.8948
140734	66.81
25111	65.6074
502749	65.358
307491	64.804338616
309656	64.7154551661782
689588	64.5397
362332	64.4291
373542	63.665
113886	63.5473
25206	63.275
25206	63.275
315039	63.079
114203	63.0502
361613	62.9804
690489	62.2207
25139	62.1458
362759	61.8577
360855	61.6613
171432	60.9326
171432	60.9326
54282	60.863511587459
50645	60.8032
309179	60.7601
300053	60.2938
311721	60.2156326009
309722	60.0664
312727	59.9201575004481
305505	59.7034
363519	59.654
24521	59.6442
24521	59.6442
24521	59.6442
24521	59.6442
24521	59.6442
29644	58.5732681717
309338	58.2875
311919	58.2056
679713	58.1436
308602	58.140394363
25741	57.9806
683788	57.8139
303669	57.7064
293526	57.3894
25096	57.0846
679221	57.0817636125
500244	57.0659
29362	57.0397555768
94338	56.9627548232
29745	56.4342
360673	56.3592
27080	56.0776
311331	55.9386
29588	55.8457
25049	55.2117366725
309478	55.166
287638	55.0847
65190	54.9708
291130	54.9377
361843	53.4665
361207	53.1506
361992	53.0277
64226	52.455555223
116557	52.0734527968
81922	51.5449498145
140591	50.9482
81008	50.5306
83633	50.0030543888
298765	50.0
