25565	99.52256661448
64313	98.9770844456223
59107	98.9474752382447
296467	98.65401283792
29546	98.521356023205
361308	97.23370270624
29358	96.96898147392
362519	96.2735172631
29173	95.84132
100362347	95.4245255246436
316013	94.98632
24252	94.93779
24252	94.93779
24252	94.93779
24252	94.93779
64536	94.91109918224
291750	94.7085588272
303399	94.6156512522
362485	94.50819
502749	93.7933
286988	93.4325558
309871	93.3259791732882
29650	93.11863
294299	93.10608
292044	92.90346
316482	92.5017670067105
24253	92.23621
24253	92.23621
24253	92.23621
50993	92.2189050436
294210	91.82819
60373	91.82699
308097	91.80142
360600	91.7590407494
306809	91.6062653376
116555	91.60444
309053	91.57494
29577	91.3545
117259	91.31608
289881	91.2330852389
500048	91.1493697765
302808	91.0616
24533	91.04907
499328	90.5141378142
114845	90.45798
286965	90.2747
361550	90.23497
94188	89.9845493509
294321	89.463
291877	89.4213
117544	89.2387
311401	88.6636
296956	88.6398203354
288280	88.5882
680445	88.5873818855983
295401	88.5038384472393
311919	88.4121176392
305479	88.4076
171447	88.3943
366214	88.3822165648
117255	88.1480151352
50555	87.9664662208
293967	87.7441387961508
361585	87.4914019784
171159	87.0661
192251	86.7198
303336	86.7019696332
303336	86.7019696332
114243	86.1824
25196	85.5528
192361	85.4750592004
313481	85.3798
308942	85.318
58948	85.2193217205
303403	85.2092
691149	84.8791
311446	84.5293
116744	84.1780479749202
315675	83.8851
297942	83.8580696388614
310250	83.674
367252	83.418993245
367252	83.418993245
83681	83.2133
300077	83.1811
313409	82.9788
100360100	82.9498094865289
365699	82.8983029759808
170843	82.8448
306571	82.7600088432527
311909	82.3424
301418	82.2544
171050	82.1673580242402
297554	82.071836386
192247	82.0535
100125361	81.3188792395
300455	81.185014433
303743	81.1434
298675	81.0451
81667	80.8294
25705	80.552031278
314212	80.3918
310207	80.352384986
366624	80.1072892608
315670	79.9637
306809	79.9553142088
361679	79.5459
310352	79.1438077912
29194	79.132
502525	78.8959814848
298841	78.0959
301709	78.0833
100360066	77.9761
292583	77.8711
303188	77.6698
499174	77.6342
312777	77.4311
296789	77.2474
171447	76.7292
171447	76.7292
171447	76.7292
171447	76.7292
171447	76.7292
171447	76.7292
361178	76.4453558448
59325	76.4264
493810	76.3875
308283	76.2005
291709	76.1294
315891	75.9911766155
309888	75.9027758065745
85253	75.8624
309774	75.7892
361674	75.4106794728
312952	75.3011364497959
313053	74.9576
300359	74.9004
114500	74.7448
308971	74.7347
296284	74.5425
362521	74.4530784256
81652	73.919809659527
79251	73.6226986342
287585	73.5703
291556	73.3817
291556	73.3817
289181	73.2528
317163	72.8487
25022	72.7221
25022	72.7221
25022	72.7221
25022	72.7221
25022	72.7221
25022	72.7221
259274	72.7093
288378	72.679
307540	72.5932838734
300674	72.3103
117551	72.2228
363519	72.0698872921
361970	71.9754
306817	71.9095632676
24882	71.831482987
311944	71.826
29647	71.8247
498910	71.7887
304488	71.7196
81737	71.5526
81737	71.5526
81737	71.5526
81737	71.5526
362317	71.3562
498560	71.3281
317575	71.2801
363016	71.2545430598
296753	71.0038
292138	70.8984
25254	70.3543
366894	70.2087700504
291000	70.1394
79212	70.0899558712
114593	70.0556856184
303373	69.9601
29476	69.7992
245925	69.6959
292999	69.6344800392
315037	69.3947
304431	69.3903
317576	69.3842
292172	69.2337
50938	68.8469
307579	68.8011
289521	68.7286
54284	68.7029
364785	68.6978
54284	68.6573
291314	68.541
296394	68.5228
299858	68.2113
310375	68.183463322
116741	67.9304167666
315804	67.769
29316	67.7026610908
65040	66.966211048
65040	66.966211048
290029	66.8141
24803	66.5714
81710	66.4911
64088	66.4344
294712	66.4259
24413	66.37441196
83467	66.3499
25136	66.15
116596	66.1149
25665	65.9617005152
25665	65.9617005152
64443	65.7975668106
291874	65.7542
360631	65.5233
65162	65.4919
298068	65.4384
314930	65.4054
171126	65.3173
114495	65.2742
257646	65.1246197175
293710	65.0408
311842	64.8909
363061	64.6616
290317	64.5114358765
24877	64.4860175790276
364712	64.4575
170538	64.4515
311968	64.4002
310533	64.2191
288154	64.1699
25509	63.75
303554	63.4494
116658	63.3893
313121	63.3672
365668	63.2304
498728	62.8653
309666	62.853479101
303016	62.4927669376
58923	62.3851
289777	62.3596
291736	62.2941
316842	61.9245
246755	61.8614
171070	61.8197
396551	61.7971
574523	61.7971
301595	61.7971
396552	61.7971
396527	61.7971
113992	61.7971
24861	61.7971
113992	61.7971
154516	61.7971
314205	61.580013168858
313510	61.48
170946	61.386
362316	61.1273
309684	61.12305
64530	61.0603
367786	60.6182
170920	60.6068
313706	60.4182
65180	59.962
84382	59.9138
313618	59.884
361035	59.8436
84586	59.758651102643
83501	58.9778
308789	58.9365
25639	58.7057
304546	58.4115
690262	58.2979
25495	58.0872
312616	58.0308
246215	57.7687
170904	57.7609
292130	57.583
192273	57.502698769
305171	57.4875
310806	57.4570641898
293526	57.312847021
291605	57.2385
315352	57.118
290280	56.9552898910064
63836	56.765
361783	56.7226
500921	56.4939
24251	56.3286
100912536	56.139952706
252916	56.0773
360869	56.0572
361191	56.0298679788
314717	55.9535
315634	55.8599
297388	55.6566
25601	55.4765
25601	55.4765
25601	55.4765
25601	55.4765
25601	55.4765
25601	55.4765
25601	55.4765
25601	55.4765
116459	55.0724333662
29365	54.8909
362912	54.6568
688777	53.9727
360457	53.9346
286928	53.6849
24370	53.3894
29331	53.0477
314824	53.0151
680229	52.6252
310659	52.4613
79433	52.4213
29480	52.1628
297486	52.0228
296302	51.7931
312495	51.6312
81574	51.3653
303518	50.8628
303439	50.825
29622	50.7806
497815	50.6755
117520	50.6418
117520	50.6418
117520	50.6418
289382	50.5973
114906	50.5143390816
299928	50.1370169764
312675	50.0
297602	50.0
25428	50.0
58853	50.0
288444	50.0
