314717	98.78970382946
360725	98.342035237
295105	97.47496
315798	97.10788458595
116633	96.4191829483
294380	96.2074914659
360709	95.89754
103693419	95.77226
83576	95.62440219284
361944	95.54066604268
361944	95.54066604268
311311	95.53801790158
312927	95.15831775679
25671	95.02666766065
302369	94.59193595878
500538	94.55091
404783	94.2384517075
688394	94.21167
64160	94.1566
680133	93.85322
246116	93.6118586166138
54243	93.60135
54243	93.60135
100360334	92.95949
305886	92.88312
654517	92.83695
84391	92.2539979755
307016	92.101994176
117043	91.8723674585
310250	91.5658858591
311236	91.03382
29707	90.75469
292816	90.57126
29711	90.29867
114629	90.12179
293060	89.9268
24766	88.9085759329192
29721	88.844
315806	88.5708
295325	88.5398734364
317260	88.3326
363481	88.3182
25248	88.2797361592
292139	87.9684684725
301261	87.8185653806923
83788	87.694
83788	87.694
83788	87.694
292139	87.5842139125
24763	87.4884
301555	87.45
24255	87.381
362788	87.2465
292849	87.1818
315824	87.0283
315405	86.993
497930	86.6574
314028	86.5427700288
83790	86.5224
360457	86.3243
296884	86.3203
309798	86.118
25177	85.7780055269334
25177	85.7780055269334
25177	85.7780055269334
25177	85.6165637266075
25177	85.6165637266075
363122	85.4896
252920	85.2468030978
606294	85.1674
362897	85.1338
117260	85.0866
24583	85.0667
366894	84.9434607174
361749	84.364378466
498934	84.23
192235	84.0104
192235	84.0104
65178	83.9430212464
362051	83.8369
501661	83.6002
65040	83.5494574712
289584	82.4328305896
306600	82.2403520654
65040	81.6213629956
291981	81.5408
81648	81.3695
294043	81.2203
100196907	81.0394
310749	80.9144
24948	80.676948266
117255	80.6403
303393	80.521
286973	80.2799843
292267	80.2358
100362554	80.2207030904
54281	79.6421
259241	79.531733721923
306562	78.9879108112
305464	78.5833
313047	78.567
117538	78.441244509
360917	78.42862936
311508	78.375
58820	78.2541
100125370	78.2075
171553	77.8721
500988	76.8445
84006	76.5644
192262	76.3203
24239	76.0385
361970	75.9851
298992	75.7948
362152	75.4637
314548	75.2262
298182	74.8702666132
289143	74.849
114122	74.4906
114122	74.4906
114122	74.4906
114122	74.4906
313594	74.3952
25283	74.2434912195
313594	74.0967
81506	74.0526
65193	74.0223
83580	74.0107499264
312952	73.9493032751965
308218	73.815418158
287927	73.7656
83824	73.741360316445
362533	73.5414
29561	73.4029
304758	73.1857
288025	73.171
361086	73.0536
497078	73.01094134875
290291	72.8971
290640	72.2172
499380	72.0635
306251	71.6607
302711	71.6467
316342	71.4212
80773	71.2195
59318	71.2157
300988	71.1711
171052	71.0829
500651	71.0617
303378	70.9782
84409	70.755303563
314245	70.4482836512
305367	70.3664
316005	70.3107
314743	70.1756
297607	70.0889
306672	70.0426
304592	70.0074
310019	69.5086
289664	69.4352
116670	69.3841
307766	69.3818
362733	69.34469518
362733	69.34469518
362152	69.2991
309025	69.1504
309025	69.1504
365793	68.5647576052
286976	68.4858
64519	68.4228
117553	68.3877
311349	68.3867
24771	68.3756
64530	68.3077
289264	68.3012
362665	68.2982
361030	68.2306
29642	67.5532162404
63866	67.2216
498798	67.0999
24957	66.9917
303300	66.9172
362269	66.9032
291015	66.5746
315691	66.5636
29600	66.4951361131
100233213	66.4155
66030	66.4047
100529260	66.3033
64552	66.1026641343382
64552	66.1026641343382
362301	66.056
362301	66.056
65190	66.0226
306009	65.8382
298317	65.3535311212
363266	65.3341
686999	65.1915771365
192178	65.06265
306091	64.809
313717	64.7826
314981	64.6798057595
689055	64.6506
59101	64.5759
54302	64.5682
304807	64.095
65272	63.8465
303754	63.5898
314721	63.5857593236
293570	63.0551
500137	62.9862
317575	62.4158
85424	62.2637
29295	62.2115
362065	62.2022
362170	62.1429
685258	62.1031
170699	62.0943
25403	61.7559
25403	61.7559
25403	61.7559
117533	61.6612
313861	61.3893
363735	61.3402
291787	61.2725
305581	61.2484
297990	61.0044
361921	60.9853
295649	60.9533
363131	60.8663
171547	60.7326
361096	60.6562875735
317335	60.2493
79123	59.9821
298762	59.8351066306
25247	59.8303
500036	59.7547
362356	59.7423
294674	59.7291
78961	59.3832
64525	59.1417
64525	59.1417
64525	59.1417
64525	59.1417
117033	59.1139
83629	59.0704136515
83615	58.9486
83785	58.8591
83785	58.6761
83785	58.6761
83785	58.6761
83785	58.6761
83785	58.6761
83785	58.6761
83785	58.6761
83785	58.6761
83785	58.6761
83785	58.6761
83785	58.6761
83785	58.6761
361907	58.5081
289217	58.4451
304157	58.3392827663794
114633	58.264
291608	58.2572012944
497815	58.22068564
363118	58.1423
315496	58.1088
500132	58.0280632888
58812	58.0134
302864	57.964019608
246115	57.9112573057
24521	57.859
24521	57.859
24521	57.859
24521	57.859
24521	57.859
316424	57.8568
114483	57.7951
170898	57.7176
25262	57.3255
25262	57.3255
25262	57.3255
84394	57.3147
394266	57.1514
25360	57.0425
100362555	56.9171595
100362555	56.9171595
25049	56.8811899369
366984	56.6973
654496	56.6465
310392	56.550095859
304743	56.3534
316539	56.2128199936
300954	56.1435
83803	56.1252
171010	56.0409
306439	56.0291
361178	55.952
24260	55.8583
80897	55.5587
294400	55.5228090378
24398	55.3323861344
360959	55.2467
303181	55.083
307401	54.9159
116557	54.8716
362015	54.8559
308361	54.83205107
300173	54.8116
360714	54.6067
302492	54.5543
79249	54.3653838334
310207	54.2522936026
302396	54.2176
291293	54.0971
83584	54.082
83584	54.082
361391	53.9407
361725	53.7499
301038	53.7266
85426	53.6908
306647	53.6333
294320	53.4118
500616	53.3736
304017	53.3595
84407	53.334
291534	53.0997
361267	53.0875
293050	53.0495
306868	53.0260675482
315478	52.803750799
64394	52.7732032576
311802	52.7002
687694	52.6964
497954	52.6834
314157	52.5313905375
317413	52.4718
24268	52.4
117041	51.75
296115	51.7291
312495	51.7277943557374
295446	51.416
309338	51.3953
307124	51.3597893845
25715	51.3306181837
301306	51.3259
25172	51.1796
56064	51.0975
29364	51.0669
309804	51.0663247529
311902	51.0173485235
114492	50.83
299827	50.807276275
25022	50.6998
25022	50.6998
25022	50.6998
25022	50.6998
25022	50.6998
25022	50.6998
65042	50.38612835
29376	50.0
313063	50.0
64553	50.0
64475	50.0
317396	50.0
295382	50.0
298943	50.0
288353	50.0
294421	50.0
