686999	98.4049745274
362733	98.1531861994107
297357	96.8280840955
306825	96.763248201
298943	96.4551024832
29707	96.13388322244
361267	95.99897
362733	95.6803100048212
314028	94.74998502965
298992	94.3251041116
307766	94.06481
117255	93.82606
305464	93.41008
246116	93.3302383761643
100125370	93.11029
83788	93.1026
83788	93.1026
83788	93.1026
360725	93.0559335472
117260	92.92081
78957	92.83521
295105	92.68193
83584	92.4222220654
83584	92.4222220654
361944	92.3342608728
312495	92.1858703205901
301038	92.10691
474154	91.8052611224
84391	91.6776638344
58812	91.65072
259241	91.4692014050632
312927	91.4420017344
114495	91.19492
299827	90.7841312464
81648	90.5261
85424	90.38882
170699	90.0945951984
309798	89.3067
117538	88.8041406682
306562	88.6645877524
306571	88.531633561
362876	88.2330286021
317425	87.5344531136
500132	87.282256312
24902	87.2329
304017	87.1611
315305	86.9157
314721	86.8355065216
289315	86.6994491314963
362170	86.5021283558
114629	86.3047
295445	85.9525
24518	85.8389
24518	85.8389
367455	85.4465
25671	85.3481690985
64552	85.2933664771523
64552	85.2933664771523
24766	85.1967943328308
24912	85.1595
25204	84.8573583430735
85426	84.239038432
305886	84.1632
363131	84.1086
404783	84.054119619
689055	83.9508
25177	83.7980682681942
300173	83.685016603
29588	83.6656048749511
84409	83.6507009092
315804	83.5992285055
311129	83.5723
286973	83.2818893949
297990	83.2129
360959	83.083462726
361944	82.935573684
360853	82.9301
362687	82.9163
361921	82.9163
84360	82.856750175
303342	82.8161
292139	82.7783685136
288353	82.63655208
58942	82.62
100529260	82.6155
100360334	82.6078
292139	82.3514891476
304758	82.2241
310090	82.1612
60660	82.0821
315806	82.0362
500538	81.8564
298533	81.6057
25177	81.5874475659656
25177	81.5874475659656
25177	81.5874475659656
25177	81.3685734101576
362665	81.0869
298370	81.0294
81682	80.9184
361096	80.3087110054108
29510	80.2448
83580	80.0892359827
89820	80.0812
306439	79.9127
81653	79.883
368042	79.8664
363674	79.6262
171304	79.6004
85428	79.4513
24772	79.360929244
114247	79.3561
289400	79.353
308015	79.0052
116631	78.9696
116631	78.9696
116631	78.9696
303439	78.7781
64475	78.7063
79121	78.5785
301289	78.3134
299316	78.2482
58853	77.951
25346	77.7587
64530	77.7183
680133	77.6368
117553	77.6248
316317	77.6248
310250	77.5835468038
362220	77.5669
171503	77.2946
29657	77.1127
100233213	76.98
309025	76.7667
309025	76.7667
246152	76.7174961628
363481	76.6148
171092	76.5773
303337	76.2823
654517	76.2449
313242	76.142548753
366975	76.0938
307382	75.9857
170551	75.901
317413	75.7208
361321	75.7151584008
309871	75.5364657224
25022	75.4808556384
25022	75.4808556384
25022	75.4808556384
25022	75.4808556384
25022	75.4808556384
25022	75.4808556384
314388	75.460164456
302373	75.455
296049	75.3975
394266	75.2454
29510	75.2366
316348	75.2254860020142
314157	75.1937927
292090	75.1345
140934	75.0329
192178	74.8244347932
192262	74.7045883112196
29357	74.697
29357	74.697
314548	74.6565
83824	74.397596694
291981	74.2695
29575	74.0472
310207	74.0471486129868
309638	73.9265
296394	73.9166
308795	73.8372
303518	73.7213
24255	73.597
291084	73.441633676
25247	73.4181
308959	73.3297
79249	73.3199
307133	73.1311
65165	73.036
54284	73.0276
54284	72.9781
360703	72.8803
64314	72.41184257
304218	72.2514575892
304218	72.2514575892
308218	72.2449048865668
361178	72.0077
362065	71.9162
312563	71.7437904016263
307016	71.608808087798
310958	71.6055
29637	70.8403
319110	70.6012
65040	70.5328784454
65040	70.5328784454
311311	70.3589
316742	70.2528
313216	70.2401
25263	69.7399
500616	69.708968459
313861	69.6337
310392	69.5901870063072
311236	69.5129
500137	69.3674
252855	69.3479
25715	69.2817013527
289143	68.8329
298426	68.6187566724
300679	68.5757
290829	68.3602
25216	68.2785560358757
29721	67.8494
362697	67.7511
245979	66.9357
25389	66.77
291736	66.5990885135035
294799	66.2958
289584	66.232877661247
362015	65.8779
64026	65.7977
305816	65.7449
362787	65.6914
314543	65.608952022
315212	65.5777
81510	65.571
366894	65.5422724087
311902	65.518214398
302913	65.3017015052323
497078	65.2876
497815	65.2778968504065
361749	65.1056
690745	65.042
690575	64.9835
29180	64.8716
116474	64.8554
298317	64.756394742
292228	64.6281298385
304431	64.537931764
29711	64.4819
291608	64.4722698964
308899	64.4379938688
308899	64.4379938688
24398	64.354521418
24239	64.2853
685258	64.2258
292267	63.8554
29521	63.8217
81526	63.7271
246046	63.7105
308537	63.6886
63852	63.6771
60628	63.641344992
300901	63.574
300901	63.574
553106	63.3707598611779
595134	63.3516
362251	63.3463
300849	63.157
498549	63.090172216
293287	63.0251
24414	62.9754620834346
117514	62.9412
360917	62.8800585711
689116	62.8451
171553	62.816
171500	62.7804
171500	62.7804
192251	62.6696
282712	62.6496
303206	62.589
306600	62.2612590877763
313593	62.0997
296762	61.9431183911297
288308	61.7644
60447	61.7607
60447	61.7607
83501	61.2753
364630	61.1467326168928
114483	61.1431
24323	60.917
290595	60.8931
313743	60.7746
313053	60.7369
288105	60.7359279536312
315798	60.3644482435
295692	60.2971
300988	60.1565
294394	60.0582
314245	59.8157002923
687031	59.6101
24896	59.6041
78956	59.5219338251
310461	59.3878757401
313391	59.2131
65190	59.1609041082
315478	59.045
298182	58.9474433401
360709	58.8802
311450	58.7475
192350	58.6288
78961	58.4104751264
312952	58.304058251
295327	58.2372
362703	58.175
24465	57.9747
24260	57.9245
294103	57.9047047967
365797	57.8431
306137	57.7582
363735	57.6265040449
117041	57.561
362356	57.5416
252916	57.526860457
310486	57.361
313554	57.2713
362527	57.2597
360272	57.1127
299002	57.025270099
29424	57.0195
170911	56.77
362720	56.7285
24750	56.5761
25385	56.4121
29376	55.8834606247416
24246	55.8247
246174	55.4695
363228	55.1407899676
65133	55.1143
309419	55.1039317353
297504	54.9907447422
362051	54.7882
502886	54.7356872341219
85241	54.4425
192181	54.3533426899469
64521	54.2666901934
288025	54.1726
191574	54.108
192235	54.0817
192235	54.0817
298024	53.9774376919
298024	53.9774376919
29561	53.8921
304053	53.8384
83502	53.8271983705
301384	53.8218
64519	53.7296
246115	53.4597357685
299811	53.4475421788433
171433	53.39221402
305083	53.3048
498538	53.300083222
365895	53.290545408
25743	53.1109030817605
317575	53.0942
296182	52.7909037272
287464	52.6742
680532	52.5347
65189	52.4498
295176	52.4078
367252	52.2805133224107
367252	52.2805133224107
54292	52.27
304081	52.2664
306672	52.2205
257646	52.204943269
266813	52.1636
308232	52.1111
25665	52.0382
25665	52.0382
314897	52.0073985088
288291	51.9278926244
364678	51.6957
307767	51.5359982886
686295	51.4487
29600	51.4355073604
29504	51.3737602192
84351	51.2759
317628	51.1374
25406	51.1287129032
64510	51.1219
498798	51.0613
314772	51.0447
25428	50.5511
312678	50.2186093345334
282581	50.0600566734343
64553	50.0
25423	50.0
315497	50.0
317335	50.0
289664	50.0
308668	50.0
306404	50.0
84026	50.0
299204	50.0
366061	50.0
287610	50.0
