295356	99.09188148268
116487	97.77529
266735	97.46105079968
266735	97.46105079968
266735	97.46105079968
688605	97.15136732671
305679	96.4032980513
306695	95.5738610296
305479	95.41101179746
81516	93.93581
140587	93.47746
114845	93.35738
303016	92.6329770291019
29434	91.77212
305156	91.55366
81737	91.11669
81737	91.11669
81737	91.11669
81737	91.11669
311726	91.11327
29538	89.444
296488	89.0099
60326	88.382969608
313488	88.3174
303251	88.123
309069	87.9932
316539	87.8844
305549	87.8003
192280	87.6865
29596	87.2741
246174	87.2459
297930	86.8093
361944	86.7618
361944	86.7618
29146	86.6693
29619	86.6389
24499	86.2878
361659	85.696
64553	85.3466
25358	84.5128
58808	84.3698
499100	84.2224
29758	84.1731976566087
314423	83.9786
25507	83.8207
291015	83.645
100362347	83.4992
140722	82.5469
308097	82.5269
310653	82.2949
306141	81.7498
296708	81.6229
54284	81.5815
54284	81.5657
25385	81.5651
81830	81.5642
29227	81.1476
65040	81.1289
65040	81.1289
65190	80.9302
500036	80.8295
25109	80.3365
24382	80.2987
291750	80.1002
361749	79.9583
85384	79.8126
29335	79.6525
303200	79.4234
312154	78.1539
291709	78.0686
293692	77.7982
25014	77.4063
304181	77.2141
366889	77.19
294790	76.6173
266771	76.144
29263	75.7652122492
311163	74.3084
307505	74.2816
362037	74.237
58954	74.1552
298878	73.9744
363005	73.9064
116504	73.6855
116504	73.6855
117551	73.4366
308000	73.2929
113975	73.0004
192178	72.1796326784
313304	72.0504
83526	71.8861870463
295053	71.7581
308692	71.3169
29150	71.3068
361679	70.1749
29335	69.8709
683927	69.4985908376
24768	68.6463
314423	68.3565
81710	67.9102
306260	67.8472
192256	67.7156
192256	67.7156
54251	67.6371
304109	67.0549
313216	66.8873
25248	66.5430241906
297804	66.302
114489	66.2148
117282	65.8022
361400	65.7403
313038	64.9866
360631	64.9293
64443	64.9095543256
29710	64.8358
595134	64.8081
294643	64.5668667406
307133	64.0694
24831	63.9572714113
24831	63.9572714113
286932	63.6789
293864	63.5568
502531	62.2175
305910	61.8963
171102	61.6603
311346	61.607
296884	61.4497
290317	61.2369
288661	60.4608
302562	59.9162
65154	59.6227
170908	59.6106
305837	59.288
117183	59.1491
84550	58.8049
362152	58.7378
367714	58.6465272208
63840	57.7614
360230	57.2589
498798	57.2423
245981	57.1932
292671	57.1806
306222	57.1605
309053	57.0031
310207	56.3393
316021	56.07145
313375	55.3941489508
29554	55.3603
294809	55.0922
303606	54.9238
309722	54.7322
114764	54.4293
361434	53.9643
361434	53.9643
361434	53.9643
294018	53.3402
294276	53.1303
360554	52.4486
493574	52.4194
310630	52.1156
29486	52.0138
29365	50.8136
79242	50.8115
84351	50.0
297911	50.0
