613226	98.164880795879
291671	97.90421
367252	97.6787118338525
295649	96.70563247494
367252	93.9332222384576
290802	93.055903269
25336	92.81654
303351	92.64099
24795	92.6225
170840	92.4823833912457
291084	92.22679
64525	91.97419
64525	91.97419
64525	91.97419
64525	91.97419
114559	91.508867607097
114559	91.508867607097
25634	91.43735
25613	91.38778
260323	91.2763216949
260323	90.9118584
291377	90.74795
306439	89.7745
252931	89.0208
81661	88.9427
306825	87.7489
289457	87.6874
192107	87.6218
313427	87.4455
287585	86.6952
94188	86.6382
303547	86.0926324882
289608	85.8239
295401	85.6937104784
25718	84.856
306492	83.8427
246042	83.7478
171126	83.6115
686611	83.4038
686611	83.4038
313323	83.0972
65195	83.0864837696
313539	82.9669
24258	82.8671
65195	82.7638382792
65195	82.7638382792
288308	82.7249
298648	82.5885622152
260324	82.5454
361580	82.4743673362
140928	82.1069481244
140928	82.1069481244
140928	82.1069481244
363445	82.0962947866429
302302	81.7794
308306	81.6573
293960	81.4985
365895	81.0075668848643
361315	80.9108
362665	80.5009
24766	80.3463
312562	80.1955
311346	80.0925
83807	79.5463
312299	79.4705
81818	79.4429
679028	79.407314325
245926	79.2853
303200	78.9965488704183
171525	78.8407
171329	78.8383
363445	78.5981327949052
294864	78.5283
290280	77.9873693609512
291948	77.5985692624
296182	77.5417662208
114032	77.1579
293152	77.1376
192181	77.0395203
308690	76.885
24787	76.8452456296
78963	76.7594
25102	76.3589422576
304271	76.3206
296466	76.1778
296981	75.7913430084
361504	75.2479533263
305888	75.1463
140914	75.1322606823741
94340	75.091
297498	74.8758648716
316628	74.8700331976
171152	74.8546160143
29642	74.1983680335
302495	73.8800416234
302562	73.7903
307343	73.5736114744278
289515	73.1311
60417	72.8964721867201
361567	72.8903
171015	72.4375
309051	72.3478906930869
317258	71.5338
81830	71.2613023571786
315447	70.9158
307820	70.8429916057868
304410	70.6842494955662
100911069	70.4868
299714	70.4712
298317	70.3769
300947	70.155
296278	69.476
64020	69.072
363122	68.9259
81523	68.6135
302915	68.3514
83792	67.5915610536
365601	67.4432696700232
292406	67.1764169380433
291640	66.9458
114029	66.9295
81744	66.9200654763
294010	66.738699746
361055	66.6766
303016	66.6659001871
303439	66.5044
502970	66.4641
298024	66.4509707199956
298024	66.4509707199956
308890	65.9884069469
685909	65.9786
116600	65.6265
499528	65.5400692272291
289424	65.2261
286973	65.115
79220	65.1092
361207	64.8285
60427	64.7311494276
60427	64.7311494276
500040	64.7083
287765	64.4228
313449	64.395
361517	64.2805
114521	63.8756
24780	63.8494
29335	63.8259
308912	63.8031
24208	63.7107
307724	63.7024
361688	63.6779
292999	63.5162
306141	63.3988
679155	62.86
309478	62.7339
305482	62.6439174396484
314543	62.5185
287876	62.4315
25640	62.4242
25640	62.4242
25640	62.4242
56064	62.24817082
362844	62.2452
246116	62.0506681005
288091	62.0313
691947	62.0143
295446	61.68826368
498898	61.5465
312728	61.2613218254658
293694	61.0602
303602	61.0036704199195
690244	60.9981
292728	60.8106
500988	60.7856
360627	60.6292
310806	60.606
361651	60.2371
59303	60.0984
311919	60.002858582
24706	59.896
81654	59.791
287357	59.7827106505
25321	59.1957
25022	59.0415
25022	59.0415
25022	59.0415
25022	59.0415
25022	59.0415
25022	59.0415
300367	58.9547
291653	58.8087
24547	58.4771
24547	58.4771
24547	58.4771
24547	58.4771
24547	58.4771
298655	58.4621
246332	58.2307214874475
59303	58.1744
84379	57.7978
78961	57.5352
29701	57.434
310803	57.3042709345
296956	57.2976810096
500715	57.1319
314824	57.0758372307593
315139	56.765097058
25007	56.7382216861158
307410	56.7358
64033	56.6262
308060	56.6103637306
361554	56.5668
24877	56.5415
314228	56.3519
361549	56.1443
498226	55.8176
499801	55.7936074676
295691	55.4662078570691
361285	55.0215246657
365567	55.011523628
362385	54.4832
25249	54.3668
305984	54.1725
303396	53.9373
299356	53.9354
192178	53.8990851127
305156	53.7792
25399	53.771
361472	53.6371
310760	53.5035324707067
308598	53.488
501923	53.4791155936
81813	53.2295389189
298452	52.7106
303403	52.6632
498416	52.6613062684
24245	52.6515
24245	52.6515
24245	52.6515
116744	52.3543
313598	52.2968
361634	52.235825283
291309	52.2075486736
64028	51.9683
362295	51.9191766528
316400	51.8364
353231	51.6178
293184	51.5981
501550	51.5365
687147	51.4683
687147	51.4683
314743	51.4567
170956	51.3287
303101	51.3261054748
64315	51.2296
315309	50.9654574166
84509	50.9549
65028	50.9454
294515	50.9295
364867	50.8507479073
140923	50.7625
688555	50.7304
25615	50.7264
310399	50.6824317832
292301	50.5129
317247	50.4189357517
306183	50.3415229505
83825	50.2736344304507
684112	50.0409515488
303875	50.0
25177	50.0
288289	50.0
300186	50.0
25177	50.0
25177	50.0
498335	50.0
313507	50.0
114517	50.0
25177	50.0
25177	50.0
