192270	96.11013
363465	93.96261
81754	92.92803
29517	92.69563
29517	92.69563
29517	92.69563
81002	90.75176
497878	89.9285
79240	89.8633
300206	89.6963
295446	88.7941
364240	88.6321
309887	88.4738
305586	88.2986
64566	88.276
288092	88.1926
305835	88.1706082455
319110	87.8261
288661	87.7293
29637	87.5342
84488	87.323980889
364814	87.3116
287961	86.899
79208	86.39243500472
304286	85.556
311968	85.1089
314993	84.3485
58954	82.5054
292622	82.2897
316232	80.8783
362052	80.7088
308282	80.1635
294320	79.4038
252916	78.7235
317268	77.8624
58868	77.7801
116554	77.5972833592107
84403	77.4867
308215	77.3937
282821	77.2773
297508	77.1836
362264	77.0159255536
80850	76.7485109741
80850	76.7485109741
289883	76.5752790752
266760	76.5012
685472	76.482
364706	76.3037
294948	75.9349
306357	75.9185
298744	75.411
298992	74.5407
287984	74.5199
25187	74.0556
83783	72.8347
307200	72.7847
171299	71.9405
688790	71.2497
499174	70.7814
499929	70.6677
300228	69.0730205756
312826	68.5013
314717	67.6873
316412	66.8282
116500	65.6906600790834
312135	65.0704
362844	65.0498423914
25037	65.0205
361838	64.9608
116477	64.9115
116477	64.9115
116477	64.9115
170842	64.6825
116699	64.6148015556
83588	64.024
305104	63.4562583326873
60586	63.2842
312675	63.0276
361688	62.670256227
171120	62.41365
64559	62.1504
362248	61.926
24906	61.792
170904	61.5287
291736	59.8903
79209	59.8538
140639	59.12645
25509	59.1142
314981	59.0017
80900	58.9825
361585	58.8257
84478	58.641
313304	58.3282567879
171563	58.1037
295347	57.7866676222
361086	57.7706
362303	57.6659022664
310288	56.8352
171355	56.0927
64020	56.0387824109
59087	56.0271
308939	55.7266015298
305999	55.1925
25669	55.0917
300862	54.7158
310207	54.3945
25429	53.7964
362733	53.5711
362733	53.5711
24616	53.5703
305675	53.1962
305675	53.1962
314587	53.1873470174
308906	52.8749
360589	52.7113933768
361970	52.2454
296394	51.7761
689210	50.7735
310659	50.6822
311615	50.0
296935	50.0
