60325	97.49793
294410	96.8967917835
25054	95.4163799156
79212	94.87925
27080	92.68259
361178	92.50407
102548228	91.43811
363849	91.06694
58978	90.2452182146309
58978	90.2452182146309
58978	90.2452182146309
64088	88.9215
24551	88.6452
24551	88.1232
310653	87.8641
83515	87.6021
24398	85.8614
171500	85.1169
171500	85.1169
116483	84.9374
24934	82.8926
79220	82.5563
60326	82.4638
364786	80.2842
310791	79.9592
314785	79.4436062332
316376	77.0521
297437	76.7806
297437	76.7806
306600	73.1017
307956	72.5467
305248	72.3493
89821	71.4714
291130	71.357
54287	71.3401
84014	71.0921
25729	70.4006
117099	70.289
29737	69.9543
361628	69.8256
360698	69.1123
287543	68.3771
287275	66.3735
432393	66.3163
361239	66.2987
302302	66.1436
308669	66.1051
654496	65.8878
314855	65.3859
24936	65.2502
309331	64.4472
685781	64.3911982571
114203	63.3808
29629	62.5274
29629	62.5274
296913	62.1735
114494	62.1303
362533	61.8716
83683	61.6872
361434	61.5053
361434	61.5053
361434	61.5053
78956	60.8871
84026	60.8614
296455	60.4961
313861	59.3181
25640	58.9436
25640	58.9436
25640	58.9436
24379	57.9324
499020	57.7953
287470	57.6035
302248	56.9777
301229	56.7308
307479	55.6995
306451	55.4252
363091	55.4063
362251	54.5023
315423	54.4489
313551	53.7909
116600	53.6069
309656	52.9976
114634	52.362
689560	52.2322
288256	51.6471930389
24908	51.4793
24552	51.3864282331
266761	51.0439
287437	50.8884
300317	50.7003
245903	50.0
314993	50.0
