24948	98.57499165098
294395	97.07708
298944	96.89530683815
293060	96.2441457313802
300228	95.80591
683788	95.7959962606
293056	95.6773
314743	94.39171633
361684	94.27275
25124	92.19244
360613	92.04674
305828	92.03825
360994	91.87916
313121	91.75145
252920	91.67931
25283	91.5187926388
25390	91.0379557596
293645	90.9647
64015	90.75483
360868	89.801159039009
65028	89.5986
305270	89.5577
114507	88.9659
308988	88.9142
302492	88.1246541396
113948	88.1153
362142	86.6174
679713	86.1568
362176	85.6654
362176	85.6654
362176	85.6654
362176	85.6654
308692	85.5456335665
298874	85.4546
289144	84.9784
689415	84.3639
313554	84.2303
288108	84.2243007068
500244	84.0945030514
171402	83.6551
362291	83.429
296084	83.0321
297334	82.819
313418	82.587789283
81801	82.439980288
317191	82.4201459537
306141	82.4162
24399	82.3908
308666	82.2198
312488	82.0551
302920	81.7479
362862	81.6052
293067	81.4707
64823	81.0742
116590	79.936380582852
300862	79.8843
24253	79.4231
81826	79.3445810198
25243	79.2175
116543	78.8999
259242	78.3775
362339	77.9091
500430	77.8637322650348
304913	77.8509
362160	77.653
170920	77.5186038984
288108	77.307312256
362547	77.2824
85309	76.8866
304074	76.8322
116554	76.7694813425
688673	76.647
361628	76.2609016946214
64670	75.9564
300266	75.8652
308939	75.6537502494
79220	75.3532
298426	75.1612
290280	74.7549649346893
29259	74.6825
362979	74.6241
85243	74.2032
499870	73.9754
116741	73.9119
24718	73.543057995
25650	73.1931
81507	72.8255
293960	72.4641
299002	72.0335
25584	71.673815712
83709	71.6105
303206	70.9986997745
315496	70.9124
29629	70.8225
29629	70.8225
50555	70.8163
308434	70.5589
317444	70.393
29376	70.1615
301574	69.7722673864
680445	69.4461
362918	69.4432
361986	69.3413
29637	69.3119
360839	69.0565
681062	68.7150409861
313108	68.5067
501157	68.2882
303514	68.1969
29562	68.1401
288661	67.8538
25048	67.0916
300235	66.8849
114520	66.7019
315789	66.4653
27080	66.3616
688540	66.0543
360518	66.0387
288583	65.8511
25399	65.3257
315131	65.309
313954	65.1843
360718	64.7159
310764	64.5610222522
24253	64.5559
24253	64.5559
296762	64.4082029614
362263	64.3812
361626	64.3769
84006	64.245
29627	64.1735258164
29627	64.1735258164
314941	63.8871
295327	63.869428874
84391	63.742
316599	63.4453842266
305549	63.2032
25385	63.1475
361882	62.9859
24260	62.7463748248
140914	62.4088
302368	62.2096
140581	62.1888179788
25033	62.1084
304157	62.0066
289881	61.61715095
25204	61.5845
289606	59.6914
292597	58.9032
291609	58.8792
679640	58.0808
266762	57.9339
362900	57.839693357
288353	57.7654
297486	57.6837870148
299131	57.3737
317219	57.357
315272	57.2715
89784	57.1043
170641	57.0056
50645	56.7939
56718	56.6968
287593	56.6607
311840	56.6492
308976	56.6259
25164	56.1740591135769
289521	55.9572
287477	55.7044
360511	55.5887457238
303470	55.4842
361618	55.373
315434	55.2541
690262	54.3324
58820	54.2429417393
25561	53.8887
314596	53.72
498234	53.7081
246282	53.5767
309858	53.4897
307075	53.3373824896
85383	53.1374
140924	52.4734
304555	52.4618
29642	52.2796784455
25054	52.198
315863	52.1885
300756	51.9969
313478	51.8932
192178	51.7285
293294	51.6932
361598	51.2513
24379	51.1647
287765	51.126
298317	51.0904
252889	51.035
24673	50.869
295284	50.8132
310461	50.7198
29739	50.297214043
85249	50.0
291653	50.0
306941	50.0
