304157	96.8875547708175
65196	96.63457823644
286973	95.531920305247
171159	94.8160942873
296119	94.28444
306451	94.267921116
24923	93.8372
113975	93.82328
306439	93.7843545849846
305922	93.371924339
29390	93.02682
294568	92.8901338
679869	92.86115
295686	92.46286
362479	91.33114
291609	90.9495
117064	90.76927
25585	90.63916
59324	90.5875836148909
298874	90.5346282472091
361920	90.251294181611
361096	90.052881783
363498	89.6344
290746	89.2461032744
29611	88.678
286758	88.3739
303298	88.2453408244
296374	87.5401
84402	87.3258
363232	87.268
81748	86.3232
81920	86.2591
26955	85.729
64553	85.714305625725
300173	85.2898
29456	84.2017327325
84010	84.1365
304092	84.091621933
29365	84.0784
83619	83.6209
315210	83.5967
293960	83.4579
307745	83.326
450224	82.913196777
64206	82.8764781850552
63845	82.8136
24765	82.7937
301285	82.4192
362938	82.3756
314423	82.1740719907
60326	81.8992132442
310801	81.4152
293454	81.2026825002
313974	81.1036
299625	80.489242650982
117087	80.0201
361921	79.9051651168
365865	79.7281
80850	79.618269822075
80850	79.618269822075
305066	79.1645
288108	79.1071
499801	79.0074
100361133	79.0015
680172	78.9197
64469	78.8714
65030	78.8421
298184	78.6762
500244	78.6642
282825	78.4292
306091	78.3202962832
266608	77.9926
681031	77.8233
304017	77.488
291709	77.1010984
29485	76.692
66025	76.5026
305471	76.1833452304
140910	76.1348
289392	75.9205519875
50658	75.7742
50658	75.7742
689890	75.5842087748938
679028	75.5579
287212	75.5301
295678	75.4332
50658	75.0792
315508	74.9675370922
29739	74.927
690163	74.7614
171092	74.6392
25157	74.5666905711
83824	74.3991687233151
306548	74.2636
304809	74.2596
308000	73.9491871962
299971	73.5565
305471	73.1835116131
299982	73.1707
25154	73.0809
494244	73.0439
24831	72.9835683848
24831	72.9835683848
29643	72.9802
308336	72.9187
294862	72.0713830261
313139	71.5221
306619	71.5065
296182	71.3831960337
360990	71.3539876764
297995	71.032615648
309513	71.0321
311508	70.783227478
24708	70.6188
317183	70.5985
288105	70.551357175
24669	70.327224264
25359	70.312651748778
501195	70.1186
84597	70.0579283662
25479	69.9752
363445	69.7204
311327	69.356
294336	69.0175
29433	68.9665
24944	68.7331
81805	68.5831
192213	68.5246
89814	68.428848052
684097	68.4103
363519	68.0331
363445	67.6749
25537	67.4388162064
29546	67.360093645
314423	67.338445816
295607	67.1986
360804	67.0221
305458	66.8778
305177	66.8264
361849	66.6413
64316	66.3372
192178	66.3254759713093
314388	66.2518
304244	66.1911295345
311910	65.8374
54248	65.7934
362519	65.6609
314388	65.6028
305078	65.3535
362844	65.3322
691429	64.981766827
303790	64.9499
299909	64.8557
361628	64.7712539151455
291597	64.631
140694	64.3315
305035	64.322
683927	63.7689
312566	63.6495
94268	63.5272
309957	63.3746836675
303076	63.2462
171120	63.2224
24398	63.0512
64677	63.0485
84391	62.7949
310399	62.7273050662
63879	62.0319
289400	62.005473164
287537	61.9497
84020	61.7571281328
116690	61.6173854166
116690	61.6173854166
116690	61.6173854166
116690	61.6173854166
25331	61.0546
314374	61.0217777965
310677	60.6519
291133	60.6231
84490	60.5803
363442	60.5599
360764	60.5392433017884
286931	60.3228
316205	60.2396
303394	60.0103
314442	59.9223
306941	59.671
361272	59.6007
114090	59.5821
307016	59.568
24667	59.5058
171495	59.4983188382961
25605	59.348
306945	59.2197284038
100361138	59.2122
25643	58.9635453441
295953	58.9001
363292	58.8966740056972
360511	58.8150705564101
305171	58.6834
361585	58.6619
292264	58.4556
315173	58.0727
307024	57.5079
100362121	57.1609
295319	56.8858
300018	56.8840256011573
315915	56.8535
25743	56.7188766159
64557	56.5506
310086	56.4965
360709	56.2785
303016	56.2606
171374	56.0611
309887	55.9766515232
79220	55.633
302890	55.5923
64192	55.2486
25661	55.2141
362912	54.8331
25428	54.7907856928705
300235	54.673
171458	54.6565
302470	54.6413684112
83469	54.6223
245957	54.5896
315423	54.088440869
311797	53.3275
294429	53.1594
498295	53.057
313304	53.0284
292597	52.8586
29237	52.6479
363735	52.6083
54299	52.5475
297867	52.4817
291736	51.8376
29525	51.7543
171576	51.7133
246302	51.7007
25012	51.3453
25012	51.3453
25012	51.3453
310207	51.050924425
81531	50.1956969672
291414	50.1045497254
24948	50.098254388
25033	50.0
301489	50.0
299117	50.0
