303378	95.3878427012948
192255	93.88036
367455	93.71845
287433	93.64914
360466	93.22625
309391	91.4247333826
305103	91.01239
171079	89.1509
60335	87.0156
308983	86.5701
25055	86.4387
64566	86.2395
25672	85.6569
246047	85.4892
56611	84.0739
313598	82.9850905018
363460	82.9478332018
293939	82.0303720636
501110	81.7488
83466	81.6034308907722
291967	81.2372
192183	81.2109331964797
315744	81.0520880688
314438	80.5573
290562	79.8897
25352	79.8453
293150	79.4769
29195	78.7284
314196	78.5368
50646	78.4986
502901	78.0919860144
114027	77.222
304486	76.9760381409072
360827	76.7089636314
368178	76.0778
654517	76.0365
54254	75.0333
246208	74.9621
312790	74.7261924217
79123	74.6938380892405
288484	74.6682
192126	74.5738905021374
64476	74.458641414
312656	74.3341051587238
315121	73.9825577932252
292658	73.9588
298682	73.2388
65165	72.0175
363412	71.9307086501297
307842	71.9119
302553	71.8910134339
304315	71.8108292323325
246323	71.3379
315548	71.2339
287478	70.9965
24224	70.9436
29145	70.633003288
293736	70.6121
287564	70.4313
24242	69.4973
292724	69.2910421321592
305795	69.0308
361388	68.8677
293024	67.7564744176
282838	67.3114364224
311799	66.5637
29398	66.3969694420458
290673	65.9198
25151	65.91
313488	65.8920636205
84357	65.5407
310207	65.1011254152
303882	64.8303522816
290659	64.7608
65045	64.4589639149
29627	64.4525
29627	64.4525
360639	64.1586638198102
310670	64.1188
688405	64.1168
404781	64.053823489
29635	63.9966
298024	63.4989431467
298024	63.4989431467
25445	63.3581
303565	63.2575
116673	63.0154811106398
361103	62.6304598010669
65248	62.2651
314949	61.8975
353303	61.844672014
302671	61.552
83581	61.1682502622
307855	61.141260729
24483	60.6131869806
24483	60.6131869806
24483	60.6131869806
307897	60.5751
297096	60.3288
686189	59.9856374692
310506	59.6788243066
94267	59.3252
313644	59.3048974487854
689890	59.0932
114598	59.0585
305827	58.8321
300664	58.2514
360518	58.2488
362332	58.1979
308572	58.1783013436
311146	58.1069
295161	58.1018
291841	58.0989
25031	58.0799
156767	57.9432
192349	57.7253
192349	57.7253
304966	57.4401
307893	56.6752
83788	56.6417452936
83788	56.6417452936
83788	56.6417452936
29517	56.4896
29517	56.4896
29517	56.4896
360739	56.4828
29428	56.2281
24260	56.0912
289201	55.9592862568
24680	55.9391
297453	55.8563970537
298575	55.8342
29645	55.464
24167	55.241
24167	55.241
24167	55.241
24167	55.241
24167	55.241
24167	55.241
85246	55.2278492312
500200	55.0966687405748
246254	54.9777442948106
246254	54.9777442948106
292597	54.8562
300446	54.4143815209729
361043	54.1292
25263	54.0273925364
117551	53.9636467888
306332	53.9611
360557	53.8789
311860	53.6994913267
497892	53.445
497892	53.445
293783	53.4404
297514	53.3504244652
287721	53.2496238688
116690	53.1098581924
116690	53.1098581924
116690	53.1098581924
116690	53.1098581924
306013	53.0715
313772	52.7005117696
293618	52.6794
297910	52.6146
305505	52.5917
289233	52.56936703
192211	52.5692
301119	52.3862061013
79426	52.3575
25746	52.2602
24565	52.1907858759
25743	52.1758342259361
363164	52.1188703764
287884	52.0117
60666	51.8427479
305941	51.7805
100362805	51.4185
24768	51.1555555029
290644	51.0793
291309	51.0183
498440	50.8681
171293	50.7848519025
363133	50.7661459386
24245	50.6559
24245	50.6559
24245	50.6559
306657	50.581
315962	50.176018048
287930	50.0
29555	50.0
286924	50.0
79559	50.0
83513	50.0
