310960	98.9948852891336
306571	98.4936611780337
314824	98.266772472908
361391	97.8123708434554
192361	97.0246201184945
81516	96.40569
310553	96.3566567558
114593	96.140970924903
117140	95.77194
432358	94.0189378168
83785	93.9072539497121
24379	93.7482441715
83785	93.7247178315322
83785	93.7247178315322
83785	93.7247178315322
83785	93.7247178315322
83785	93.7247178315322
83785	93.7247178315322
83785	93.7247178315322
83785	93.7247178315322
83785	93.7247178315322
83785	93.7247178315322
83785	93.7247178315322
83785	93.7247178315322
246152	93.315762328
291927	93.16289
317575	92.97851
58948	92.8396785184959
84407	92.4239
297554	92.0221866154
64473	91.9556
502603	91.7122625845
84492	91.4743
303016	91.4460555602316
306998	91.4017675934
306998	91.4017675934
500131	91.39579
24356	91.0422406761424
308939	91.0322830525
311909	90.763860792
290485	90.1873
290829	90.01639
360920	90.013422609
24882	89.8139562454
498266	89.7670200280823
50556	89.7533
290798	89.5615
286959	89.5234
116598	88.9911
619385	88.7858
619385	88.7858
367714	88.6180747691381
689414	88.1846342524
24413	86.8524380193
64646	86.8020342299498
688394	86.7381477819
171093	86.2589
171093	86.2589
314743	86.1359
312777	86.0516
81750	86.0277358991
311494	85.9956184802
303399	85.9621999892
79208	85.74863629
304037	85.3905092113
25026	84.967
292156	84.862
362791	84.8335
25336	84.756123692
304286	83.8662
303132	83.6929496113591
259274	83.2611
317235	83.0954
116665	82.4838
79218	82.4833
58954	82.34555
311842	82.011
83467	81.6067
24948	81.5590385072
81507	81.4932
65171	81.4143
361990	81.1700899276304
298288	81.1206224272
171070	80.7802
192129	79.9715
305502	79.8944865026
296956	79.7752
498331	79.7409
361866	79.7097
83619	79.5162
25447	79.3373
300078	79.0759
114211	78.7205437102
58839	78.5152
116668	78.1374
309126	77.8227491097691
317270	77.5115
362599	77.3888
299811	77.3742
60627	77.2792
292462	77.2593
25459	77.1945548168963
361679	77.1499
116548	76.7874
25584	76.605183289
306804	76.5183
297417	76.2506
300455	76.0186
25595	75.7598
287593	75.730970124
29515	75.4701
295347	75.452536969
287562	75.288
24465	75.2803
310261	74.888
363278	74.4864
29546	74.2479232683831
25639	74.2445
309957	73.9702184308
293476	73.9504
315305	73.949630572
291539	73.8374
308129	73.8333
299799	73.7982
361749	73.4419
306492	73.409
679068	73.3769
140584	73.2845509469837
117520	73.177
117520	73.177
117520	73.177
302396	73.1102852824
360886	73.0866597324
25433	73.0179
307296	73.007365632
363735	72.6810457024
64188	72.5991065888
171562	72.3705984282
24653	72.3038
303188	72.3008
365744	72.1223000816
64536	71.7238873292
25537	71.7149165334
54319	71.6665
29150	71.6338
60628	71.6118
170816	71.4624
310399	71.1057
679693	70.8494
304150	70.725342203
365797	70.6085430631
252916	70.4983
298144	70.355331388
307206	70.2469
83765	69.8702
291015	69.73
361442	69.6885
24790	69.6489570606
679869	69.5830478544
305828	69.574
290409	69.565575270827
89821	69.466811512
296076	69.4005
170538	69.0646
309532	69.0549731418
690195	68.7332901934
192256	68.7106467375332
192256	68.7106467375332
259237	68.6877
84403	68.4894473308
305472	68.42335
29146	68.1695
60382	67.8421
306081	67.7781
315548	67.758
26954	67.6851
362519	67.0073085364
29715	66.7791765251
29715	66.7791765251
29715	66.7791765251
29715	66.7791765251
29715	66.7791765251
29715	66.7791765251
29715	66.7791765251
29715	66.7791765251
29715	66.7791765251
304791	66.7541
315034	66.6766
313845	66.6338
300849	66.6311
25054	66.4606
305475	66.3811
171494	66.1508
363228	65.9708
360917	65.7723905088
65248	65.649421234
303245	65.6308
309804	65.5389919368112
367786	65.538
312478	65.5268
365382	65.5058
363254	65.3525
310775	65.0940950784
315447	65.0617930443758
362359	64.9395
25022	64.8644
25022	64.8644
25022	64.8644
25022	64.8644
25022	64.8644
25022	64.8644
24208	64.8024
192270	64.758092078
24803	64.2986
29705	64.1313515096
361389	64.0674
245959	63.7768
65162	63.7486
293060	63.6733
84008	63.25421044
25428	63.1969
25573	63.1889
308717	63.1422067912
301489	63.1354
304271	63.076003726
306672	63.0183
260323	62.5558285808
306941	62.4827
309242	62.4541
294321	62.3282517738
81737	62.3003
81737	62.3003
81737	62.3003
81737	62.3003
25614	62.1826
24253	62.1681
24253	62.1681
24253	62.1681
681062	62.096559325
81677	61.8231
296048	61.737
500972	61.7357
29647	61.7297
304798	61.6382
305448	61.5239
117048	61.4654
309338	61.4598
313729	61.4017270595
315158	61.1674766216
680445	61.1131
117553	60.9366
301446	60.7247
306748	60.7032
313131	60.6088
308864	60.6074
313588	60.6035
361920	60.398345512
310749	60.3583960233
116658	60.3433
314993	60.2508216453371
361700	60.165334213
310392	60.0714793053225
25125	59.9083359012
297514	59.7862
59299	59.629693528
304109	59.533707471
297508	59.5298
292127	59.3005
29184	59.2264
302248	59.1438
282582	59.0504
64531	59.0438400383763
314221	58.9922751624
297093	58.8795
50560	58.8539
314157	58.8239
25558	58.7683
312855	58.659
684097	58.6239
94196	58.6030520512
114520	58.5992
25533	58.4664
315212	58.4602
307199	58.398379204
282712	58.3764117028
308663	58.3367
309429	58.2642
79426	58.1315
287441	57.9138
309407	57.841096213
300862	57.7686
29650	57.7601
29670	57.595098912
307271	57.5373
24936	57.4273
116600	57.3899
117183	57.3544
192178	57.15056065907
114845	57.0772
83720	57.0417
305858	56.99785
286973	56.970415501
54245	56.97
24679	56.9152
316742	56.7078
299117	56.5607
293012	56.5464
361554	56.5294
54231	56.4189
24166	56.403
24459	56.3132
83576	56.2309633693474
315210	56.2018
362291	56.159
313391	55.8373
293112	55.764530499717
310352	55.5722
140923	55.1497528171
100360880	55.0487
291352	54.9138732284
362045	54.8324428671
260323	54.815064106
312135	54.7266
60447	54.7241306245576
60447	54.7241306245576
309031	54.6673454198
313978	54.5202
297486	54.4094320374
316415	54.4024
80849	54.3468
29627	54.2818822146
29627	54.2818822146
171552	54.2519
64367	54.1882
361662	54.0678
25567	54.02
302913	53.9281
302593	53.7591265078
314787	53.6899772074
117259	53.5496
24804	53.2947696499
83840	53.2161
360912	53.2107
309053	52.9931
498130	52.9777
65183	52.7307
299138	52.6834360795
296219	52.5788
116479	52.5378
315939	52.5311543544
310375	52.4832
24957	52.4684
117255	52.443
500037	52.387
116744	52.348
312132	52.2827197491
360903	52.2007
314850	52.1468796141735
84416	51.8579
310769	51.7919
245959	51.7215
29140	51.4607
289315	51.278476555
84550	51.2273326215
287367	51.2101
444984	50.8885
444984	50.8885
309514	50.8075232134
300173	50.6575859908
25685	50.62025548
78961	50.5993134068
171039	50.5561
685472	50.4738780625
58853	50.355852601
365895	50.3125810258
58976	50.0
117034	50.0
100362554	50.0
59293	50.0
79242	50.0
682076	50.0
