29480	99.68323426445
311494	97.794530974198
314438	95.59258
84482	94.93672
309651	94.45006
50682	93.786
360668	92.48628
298552	92.48268
289562	90.98421
299730	90.26479
311723	89.1575
289276	88.9079
314894	88.8468830665439
310506	88.5489547734655
360871	88.3306
114845	86.7296
314856	86.6352
65205	86.1335673564
25537	85.99345
289468	85.9735
29482	84.6421
362733	84.47599195
362733	84.47599195
289809	84.2272
313121	83.3691
315265	82.8996
315804	81.050195858398
291340	80.8585
83523	80.8099
84395	80.1664
310969	79.7762
288111	79.4125
81002	78.0361
315352	77.327
293113	77.2415726411
301285	76.5917
50552	75.5346
170699	75.451251112
691149	75.0982
259237	74.8332
315438	74.1596
100362678	72.5834
291000	72.3786
60568	72.3638
298890	72.0276
313030	71.6339
310261	71.5052
171138	70.0268
140583	69.9644
94189	69.8028
266670	69.5906
83476	69.3718
116506	68.916265816
116506	68.916265816
363448	68.4548
500485	68.1582
313067	68.0319
306548	67.22
310533	67.0178
363005	66.845
171069	66.6711
294091	66.6307
290823	66.3444
59299	66.197605875
313488	66.1026
293453	66.0959
117255	65.65
307178	65.3041
684148	65.1186
684148	65.1186
314721	65.0827
296884	63.7949
499353	62.8275
361167	62.4067
314785	62.1744
373544	62.1671
316235	61.8311
29721	61.2466
691947	60.8757
59325	60.8135
170895	60.7098
289584	60.6108321758
116659	60.485450436
29702	60.2793
302977	60.2181
309804	60.196162694
25336	59.7560722032
29436	59.1807751
192227	59.1641
266803	59.1318
252961	58.8419
252961	58.8419
297176	58.6139489622
307642	58.5505
680229	58.2149
29360	57.9762
25390	57.7718
298184	57.608914852
24558	57.1578109984
311854	57.0998
313128	56.993
27256	56.5802
83526	56.3976228994
305105	55.1587
84597	55.0093
29409	54.9161
25531	54.8459
246769	54.3291
301067	54.2637
291750	53.264201761
295446	53.002
293674	52.6776
310958	52.4604
360720	52.3151
80338	52.2893
286934	52.2225
60326	52.0716
298653	52.0644
287633	51.4449
79219	51.3525
29628	51.241
29628	51.241
307200	50.0
362037	50.0
24215	50.0
