502317	97.67194955046
83840	93.03487
292199	92.85613
366142	92.48276
295661	91.55052
78947	91.43838
310849	91.11227
293637	91.03527
293637	90.95196
305171	90.78802
100188937	87.9944
29331	87.7962
313575	87.2260431990088
25331	85.644039776
291352	84.6717255714652
307745	82.6921
116596	82.6187
313865	81.9081
246047	81.3673
362173	81.2153
25448	80.4258
361289	80.2124
294504	79.4371
360704	79.4192
246074	79.061186181
361321	77.9588743724
289233	77.67
689890	77.5421858873635
29515	77.3157841476
304543	76.3084
291324	76.1645
315686	75.6904
24922	75.2008
59075	75.1927
114022	75.0082
315074	74.6307
100912292	74.3209
116675	72.6846796852
310207	72.4651346476
363412	71.8460555828004
366468	71.3981
25479	70.8047
290206	70.273539049
295455	69.9355015317
291022	69.3736
312728	68.7866842758449
50993	68.6523
29645	68.6409513896133
304758	68.5582
316018	68.4455
314855	68.3162664731486
29582	68.1743136265
302938	68.0224
308571	68.0121
81801	67.7167
293660	67.7113
316561	67.1725
309144	67.1358
25505	67.0489
25505	67.0489
25505	67.0489
303836	67.0087
293049	66.9674
299811	66.6955533118
79123	66.1054592512
171563	65.9517
499308	65.8887
311861	65.8824211512
304547	65.487
312709	65.2249
84685	65.0622
361213	64.9364
304962	64.5158
361060	64.4364677236
313834	64.2884
24772	64.278697463083
690195	63.8181088912
81528	63.7116
362812	63.3277
444984	63.2927
444984	63.2927
288585	63.0892
362710	62.5116932056
83526	62.2799992684
362862	62.093
64565	61.5001
64565	61.5001
89783	61.4339
25566	61.189
313325	60.7685
293886	60.6455
299940	60.6211
309651	60.5884
25476	60.5756
296467	60.2484
114500	59.9906
691429	59.973438
300472	59.2688
140583	59.0855
304813	58.8067
81668	58.7820717535
50864	58.5289
81749	58.2934
81758	58.1215
303068	57.880483462
295645	57.781
291388	57.7793
293451	57.3817
312675	57.1692312485
302931	56.8478
24337	56.5343
25291	56.3176772082
312563	56.3141693423468
307820	56.2171
308215	55.856
311536	55.7675
313722	55.4944
266762	55.2026
84487	55.0251
683927	55.0109482414
171387	53.8327764148
64513	53.8266
291463	53.6724
362385	53.5307
360838	53.4424
362479	53.4246
171063	53.4177
64317	52.971222456
316221	52.7231
117596	52.52935663
303456	52.52068572
298518	52.4192
25480	52.4137
114901	51.5779
89825	51.3643
360445	51.246
289809	51.1012
303915	51.0042
362817	50.5454
652957	50.5044
85248	50.2173659471
24840	50.0
116642	50.0
