313772	95.99265136396
315423	91.77407
58942	91.49272
83466	90.9330231315
315615	89.9888
641452	89.7636
309639	87.2575
246249	86.4728
399679	86.3401
362094	85.6413
303604	85.2213103498674
302975	85.0478
310838	84.6498
314785	83.5217
116741	82.9925678948
296315	82.6641
294606	82.3131
289311	81.7872453184
308409	81.0500741116
296467	80.4498
294698	80.397
114711	79.4731657019
294241	78.7809
315594	78.7478647371
293526	78.7244
500086	78.3929550475
501088	78.2950018656
296488	77.5539
684871	77.3862
81752	77.032
116591	76.7733
83505	76.7393
287622	76.0492
287834	74.9684
288482	74.8725
363153	74.8396
313843	74.4295
361970	74.2344
688540	74.0679
312108	73.3589141482
246334	73.2798069587
246334	73.2798069587
304063	73.2217
362037	73.028
306261	72.7314
246334	72.3059152246
246334	72.3059152246
303068	71.4907756787054
171103	70.9115
303692	70.2126660382
690528	69.8437
116675	69.6776
289201	69.5931
691209	69.5544
85265	68.258
25648	68.0647537153
24962	68.0472
360617	67.9054
686295	66.9234
84024	66.7945
302671	66.3239
291394	66.1492
305835	65.7041
84399	65.6773
498910	64.8768
498299	64.8548
303903	64.2485
310806	63.8784
299714	63.2855
363632	63.2495
619374	63.2061
360775	62.9217
81739	62.251515645366
81739	62.251515645366
307288	62.0683
312863	62.0129
299274	61.9652
360161	61.6949
360161	61.6949
29715	61.1769020941
29715	61.1769020941
29715	61.1769020941
29715	61.1769020941
29715	61.1769020941
29715	61.1769020941
29715	61.1769020941
29715	61.1769020941
29715	61.1769020941
303378	60.9363
58920	60.9238
311569	60.8842
297566	60.863
260324	60.7151
81641	60.6973
306127	60.5483
64558	60.4564
499380	60.2677
361517	60.0358
288731	59.3377
300870	59.235
116590	59.0516
303754	58.7342
25526	58.4546
171373	58.4163
315158	58.3148547032
25743	58.311507207957
315114	58.0870443351775
314910	57.8244545834
302913	57.4630502953637
299356	57.4249528404
309196	57.4128
500826	56.9029
100363178	56.6908
313717	56.639033336
89833	56.1402
302396	56.0141456101
64204	55.8156469928
64204	55.8156469928
64204	55.8156469928
64204	55.8156469928
64204	55.8156469928
64204	55.8156469928
64204	55.8156469928
64204	55.8156469928
64204	55.8156469928
64204	55.8156469928
64204	55.8156469928
245903	55.802811159
89819	55.7726
303577	55.7605
298606	55.701772458
498587	55.52445
498587	55.52445
80850	55.4919
80850	55.4919
290562	55.2608
171390	55.1926
315058	55.1814
288905	55.1074
290567	54.5782051325
304539	54.5422
690728	54.4133
316242	54.3198
83526	54.2035713845522
29144	53.6925
304285	53.6369
291437	53.4064
290864	53.0712
290864	53.0712
689593	53.0408045545
266705	52.7396
364241	52.6774
303396	52.5278552564
314647	52.5038005605
362788	52.1582
116690	51.9778803999027
116690	51.9778803999027
116690	51.9778803999027
116690	51.9778803999027
307801	51.9699
58958	51.8621107827
291105	51.8433
365868	51.266
297805	51.2463
682988	51.2244
290669	51.179733872
292594	51.1697092115
24938	50.8898
682930	50.0
303599	50.0
