294948	97.750143739
171159	97.7006602105288
85243	96.2286669250373
24694	96.18959
316426	96.12964
29610	95.13025
315949	94.8843258445
363266	94.84541609404
306328	94.7476857766839
309126	94.6787237644
300146	93.96803
314862	93.5384477897082
116554	92.8774288548608
315798	92.75165
308215	92.7236411692
308669	92.29136
293455	90.9237926138
309901	90.71932
291000	90.4956578456
305310	90.4280216762
306804	90.19255
192183	90.1374728428
363448	89.9233
171015	89.8131
140595	89.8115
362316	89.5993
25399	89.5985135497
299762	89.5969
266764	89.3956
114483	89.0476
314930	88.7801
80338	88.443
297952	88.4382
100126191	87.846
296280	87.594
690139	87.4150939598
297942	87.2191
83764	87.1084107505
83764	87.1084107505
83764	87.1084107505
313658	86.9053
192178	86.5198671867872
25404	86.458
25404	86.458
291921	86.1152
494345	85.8506
313873	85.4562
315524	85.337
294804	84.6465
83589	84.245
246116	84.2341615284426
296219	84.1149
301255	83.9138
300756	83.8494769984
360658	83.7771842458
311129	83.7418
24592	82.7788405072
60341	81.9721855315
362828	81.9548335594
315740	81.9375
362778	81.8830732519
25352	81.8231
114505	81.551
252941	81.5443
299138	81.470057843
499528	81.435327867
500048	81.1837
291044	80.8241
361651	80.8202
171121	80.6991662578
298992	80.145
307740	79.9012
300253	79.8060364595766
361296	79.7355
50993	79.4850399169078
101241893	79.249
684097	79.1223
360980	78.725854381
298317	78.6223
170845	78.6057
499870	78.5219
170956	78.2004
308097	78.0786288552
310638	78.031784497
360834	77.8391
29134	77.6055
288702	77.507
170641	77.4664
29750	77.3524
24184	77.0776
65278	76.4762
261736	76.3047497372
681578	75.6985
295325	75.6972
65278	75.5205
29540	74.6911
361030	74.5923
64159	74.5897
306147	74.5552
691335	74.4392
24784	73.9574
302396	73.9437886696
83683	73.8205
361430	73.4025
313594	73.1929
308959	73.1822
303604	73.1147728
311187	72.9802
292994	72.8507
116665	72.322
315338	71.733
54193	71.6782
310399	71.2886735761316
85238	71.0376
287954	70.9447192546
81655	70.8549
314906	70.6093
117186	70.5863
25576	70.1696
312754	70.1012778831
81514	69.9954
362489	69.4172
314743	69.2225
311236	69.0828
306247	69.0162
84010	68.95
308265	68.7687919686
361842	68.746030378886
29525	68.5103
313865	68.4541
288482	68.4067
29433	68.3078
60447	68.2759052406374
60447	68.2759052406374
25247	68.101
24521	68.0766
24521	68.0766
24521	68.0766
24521	68.0766
24521	68.0766
64226	67.9779
287768	67.7275
287768	67.7275
308624	67.1879572972276
311575	67.1561
306687	66.8813
691337	66.7416
140866	66.6479
498234	66.6018
303926	66.044
54355	65.836048099661
304601	65.8187
313776	65.7546
315037	65.6246
497198	65.623
302495	65.5214
29516	65.4468300072
364419	65.2950586968423
309407	64.9594
84050	64.9134
25478	64.8918405124
59303	64.7917
317235	64.7478616502
25565	64.7455
298944	64.7017
360764	64.6466655
303754	64.5864
298533	64.4541
303132	64.4036132203535
116477	64.3231
116477	64.3231
116477	64.3231
315265	63.6370144539481
24716	63.59514535
140671	63.5356914819
54268	63.4731537925
313478	63.1414689964
362788	63.0992628673495
63840	63.073
303518	62.8408
257649	62.7814
29619	62.6447873344
316005	62.0084921425
298184	61.4886505947
65157	61.36
312616	61.3094
84360	60.891
83425	60.8551
361442	60.8006392972
24239	60.7115
303924	60.5848
114122	60.2438
114122	60.2438
114122	60.2438
114122	60.2438
286758	60.0084
399489	59.8799494206514
301574	59.8591
171147	59.7174845896
294018	59.325
298894	59.1737
315962	59.0742951948084
313308	59.0196
300852	58.8915
81678	58.5467
287876	58.5273
308134	58.3688
25685	58.0995
288532	58.0279
293939	57.9843959366
288077	57.7412
298084	57.559398324
361202	57.393
315173	57.2309883153138
60669	57.1714
362235	56.9507
303292	56.9491062739
362963	56.9142
24399	56.9114642328
24817	56.787682228765
360838	56.415547995
24674	56.2028
296350	56.1827306038
287552	56.1444
64561	55.8297
297416	55.6905
305679	55.537420036
312728	55.4865927113607
498486	55.452
498486	55.452
29458	55.2284
29424	55.2174348980268
25637	55.1850247792
362751	55.1635
688717	55.0707922600311
291377	54.9872
29512	54.9729
84596	54.6467
313594	54.5828
63938	54.5468
84008	54.5166
312690	54.4585
83513	53.867712384
84357	53.628397099
25624	53.5984089915
293886	53.3561
94272	53.2319
300849	53.2145
497948	53.1023
500156	52.8237
54251	52.7907053759
313121	52.7497
297514	52.5555
291180	52.539
114850	52.4944
369017	52.3475
24832	52.3355
287716	52.1709
25054	52.1123003195357
293098	52.0321663753
26295	51.9688
686611	51.8190467005
686611	51.8190467005
688502	51.8008
301067	51.7039615323528
310760	51.6922703523276
293144	51.6909
83825	51.582753235
25262	51.5554
25262	51.5554
25262	51.5554
308021	51.5159
287280	51.4791
25350	51.4587
287212	51.324
89820	51.306562618
364675	51.2804350867
64823	51.2336
246776	51.0963
24377	50.9346071936
171102	50.923
100361133	50.8754736694
294043	50.7208
29650	50.6557
315000	50.5145
361401	50.4348350722
296284	50.3596492147
302808	50.0
498411	50.0
363519	50.0
361833	50.0
288924	50.0
316021	50.0
307096	50.0
