81678	93.1046
100911235	91.60469
58823	90.938061295
363164	90.61905
60447	90.3668939374486
60447	90.3668939374486
362489	90.26578
498999	87.7086
363169	87.5685
288154	85.9656
687575	85.4306
360920	85.2701
25205	85.1875
171147	84.6868
59303	84.1185418672
140635	84.1
690528	83.7172
313481	82.7705
117045	81.7008
315911	81.5601
298184	81.350369936
288821	80.052450934
307414	79.7572
59303	79.4396
293570	79.3084
691149	78.0495509248
295382	76.3543
291019	76.1611
313994	76.0277402923463
306439	75.605988568
64630	75.3723
83839	75.231
309922	75.2201025633951
65193	74.9721
124461	74.9122
294862	74.318266979913
307415	73.4418
498241	72.9923
79249	71.6227
307500	70.8073
310681	69.2236
246187	68.5434
81673	67.9009
25050	67.795
25248	67.725
680445	66.9655
300458	66.9614
25262	66.9282
25262	66.9282
25262	66.9282
25643	66.8922
114520	66.8211
293864	66.3833553192292
305581	66.0933
29554	64.7467
299810	64.7297
291914	64.3075
313139	64.1128
304859	63.3732
192210	62.9099
312154	62.4606
140666	62.102
314743	62.0933
307526	60.9012211915
314320	60.6861
302328	60.6533932504
306630	60.1684
24679	59.7822
307545	59.7401
65248	59.420068542
311355	59.099
313098	58.7501
303206	57.9809790957
246138	57.61
100362555	57.0533
100362555	57.0533
116554	56.8393
554172	56.671
84598	56.5779757999
315789	55.9921
317235	55.8977
286961	55.5369
360654	55.4877
303396	55.267718074
313242	55.0371
297530	54.803
305348	54.6596
24962	54.4827850694
361739	54.2423
288752	53.7839
317241	53.4254
691138	53.3037
83572	53.153
25556	53.1401
84016	52.7968
117087	52.7038
315824	52.5403
113882	52.5253
303801	51.4491
257645	51.215
306128	51.1209
313997	50.3604067
289034	50.0
305012	50.0
498206	50.0
