260321	91.0693077856
595134	87.9091
305505	86.6
302552	86.1999
306571	85.9819
94272	85.8034080684475
292548	84.9076
291259	84.0208
291259	84.0208
291259	84.0208
291259	84.0208
311334	83.873632295
294930	83.5319
192361	83.107
294568	82.6367
362519	81.2127
288280	79.5859
310019	78.9219065216
310710	78.5960300128
300253	78.5130784457
299799	78.4732
293828	77.5573
140586	77.2674127936197
288152	76.8711
25563	76.1473
295649	75.8659
313557	75.0121
171528	74.6711
297804	74.2129
58976	73.2136
29578	73.1016
286979	72.2475
287931	71.6331
498089	70.927419251932
362110	70.7822
689931	70.3306
289990	70.115
312678	69.9302
24547	69.4348
24547	69.4348
24547	69.4348
24547	69.4348
24547	69.4348
313108	69.0409
500244	68.4692691382903
25480	67.8260106615
24577	67.1575
305227	66.9873
295327	66.9305
64568	66.6228
314619	66.2558
117107	66.0522
85260	65.6167
360635	65.2885
293058	65.1771
287299	64.5722
25247	62.4879
500538	61.9476
171134	61.735
192154	61.3175903345
315133	60.6895
362156	60.3775
293783	60.1519
246279	59.9385
246279	59.9385
287984	59.4679
315023	58.6795
25673	58.6475
25479	58.3575
295500	58.1771
293455	58.0826316956
363469	58.0805
305552	58.0113
84399	57.9974
310773	57.8019
308939	57.6797
304825	57.6711
290364	57.5245
302680	57.3427
308118	57.2468281456
312077	56.2321
29588	56.2262751865
294018	56.1425
306451	55.7945
681352	55.7027
363118	55.6857
308761	55.6758
303918	55.6754
300191	55.1322
286897	55.0314
286897	55.0314
306055	54.2549
25364	54.2127
498650	54.1057
498650	54.1057
84356	53.3081895508
81514	52.9331
58834	52.5436
54241	52.4288
680609	52.2546
316810	52.1271
313668	51.9443966290979
64549	51.8324
288652	51.7268
171152	51.5091
362567	51.437
315807	51.3935
25458	50.5438
60447	50.4869300772
60447	50.4869300772
29143	50.0
360480	50.0
29143	50.0
