311730	94.96891525801
298098	94.8937936911
303653	93.4658
361651	93.2481496876
79011	92.5425429818917
29177	90.845414148496
81531	90.08619
29195	88.9507
29583	88.7533578768
171092	88.4640122113232
24297	87.1953
57233	87.1493571784
192253	87.1296
25306	87.0773
287545	86.8982265632
307724	86.6274
314300	86.5532
24318	86.3087572751698
364388	86.1399482425
26760	85.8555
25243	85.8006907498733
29214	85.5539
361239	85.2012
266609	84.925180426
114028	84.8308
306764	84.6973390924
94172	84.5612683738443
307480	84.5185
679841	83.8755784975
307907	83.8662341356016
63847	83.6736364039
266609	83.6064508268
293736	83.3983409840227
311866	83.2887362497901
317260	82.984
303577	82.869795636
311405	82.5298007390051
116649	82.2876
65208	81.9026853550609
83510	81.421
171075	81.3997
171075	81.3997
102554884	81.1442321509
315879	80.3358
298579	80.3142
171078	80.2660336027
295251	80.138
83469	79.9408
304410	79.8961308038543
287822	79.4512497325
64188	79.4052
685679	79.3761
315136	79.189497702838
60417	79.0555073829422
116723	78.3018
305332	77.982
117269	77.3912897062646
171304	77.2590890348
314818	76.8007642288363
498003	76.716449617
303214	76.479
307503	76.3573
314265	76.334054704
287873	76.0021269008
360476	75.936737566
291921	75.7409587248167
292739	75.6073528312114
362479	75.5917
192178	75.3219718685733
303553	75.1667
292044	74.7057
361801	74.6193
363831	74.5110413973929
291553	74.4976
303701	74.4635
25257	74.0434354007748
295319	73.9652
685244	73.9619
24785	73.816
306941	73.7983
311862	73.7891
365380	73.7662161248
312710	73.5306
287564	73.0464
290277	73.0132
680409	73.0054
301388	72.5195
83569	72.5107035731
685244	72.0548
24268	71.6079
56084	71.3728
310358	71.3534
297504	71.3213418789
287606	71.3138296542832
689093	71.0312444128
287098	71.0197
140924	70.9995
306279	70.969
288038	70.906295467
361509	70.8254578142
84394	70.8207010292
302591	70.6599
25574	70.5470074116378
25574	70.5470074116378
404781	70.2336200365179
296129	70.0337
296278	69.9896
497987	69.8807
363278	69.6402955375
317435	68.1374
316333	68.1226605661777
81659	68.0304
310685	67.9333
290668	67.9202453157709
24807	67.7477694620278
305438	67.5994419928
116697	67.2786071790228
117097	67.2453
171553	67.2229
65205	66.8981
25152	66.7322627315
83500	66.6116
301518	66.4987631456
315996	66.416
314634	66.3893268875
84386	66.2754
24973	66.1100159705333
365567	66.074122234
316533	66.0543702862
297705	65.9761
24642	65.9671527392
83801	65.7814140235
65168	65.6072
310533	65.5063
365755	65.4002
291078	65.3445
171447	65.232689122
171447	65.232689122
171447	65.232689122
171447	65.232689122
171447	65.232689122
171447	65.232689122
171447	65.232689122
361845	65.20946818
363516	65.0411
360533	65.013
81504	64.495298922
679957	64.3376
292090	64.1789117536
316737	64.1421546222277
361419	64.1343698524
24420	64.0147
314633	63.6834
192211	63.6452
312710	63.6255
308346	63.6244
117096	63.5082
94203	63.4572004852
298681	63.4537
24547	63.3039921109
24547	63.3039921109
24547	63.3039921109
24547	63.3039921109
24547	63.3039921109
24398	63.1848872510709
308449	63.0363
24482	62.9308
24482	62.9308
24715	62.9248
25722	62.8555799893802
79049	62.7184
24482	62.6831
24482	62.6831
24974	62.6152654510415
25041	62.5297
301506	62.43
29473	62.091760373
361517	62.0614
363228	62.0411
24766	62.0001
291133	61.7655149504
50549	61.6759
114559	61.1349377464
114559	61.1349377464
315962	61.0660895731715
300756	60.9812288275279
83825	60.8858155572258
171084	60.8337
363494	60.7523
362834	60.614779747
311840	60.5489
500036	60.3875
312182	60.2553
246282	60.1806
308473	60.1663
362170	60.1022
310812	59.9646
25464	59.8805
362862	59.8643
300384	59.7741
114115	59.69553479
65169	59.5786
304278	59.5639103095
29482	59.5631
360823	59.47
294299	59.4536
362107	59.3892019498646
266760	59.0688
296558	58.8414
293852	58.7113
288416	58.6364
192152	58.5596148198
313020	58.5135753850898
290831	58.1738
289400	58.1172
50689	58.1142
296639	58.0823
689399	57.9736
307206	57.7943061927944
313155	57.6709
307526	57.6647
297481	57.5088
116595	57.4973372509
360161	57.4083
298370	57.3644
316539	57.3505192636
304063	57.1683
362515	57.035134238083
171358	56.8611043712
25567	56.677171296
360636	56.4821
362164	56.3477
313575	56.332606207
84357	56.284
679890	56.2127
50687	56.1717
100192313	55.8983805906003
361401	55.8559999337902
303702	55.8520223719
170924	55.8093
303281	55.7879840176
300191	55.7787569278
501164	55.4643
79113	55.4253
690366	55.4091
361730	55.3757
363254	55.2163
361615	55.1223
307124	55.0171039384
309126	55.015262347
304947	54.9054
308393	54.7734
309381	54.6289
245956	54.6108
293620	54.5208469696
366274	54.4662645060971
100125361	54.4298
362304	54.4273
296267	54.3561972539019
29144	54.2401
117108	54.0978249261
287884	54.0619
304330	53.970667833
64519	53.8713269692
293056	53.8155
140945	53.7290626244
140945	53.7290626244
360855	53.5102350279
363577	53.4276
287444	53.3533
25177	53.3478
25177	53.3478
25177	53.3478
83709	53.3334078624
25181	53.2890683866635
362456	53.2407
81741	53.1462
25177	53.0904
25177	53.0904
309607	52.9473361444
309607	52.9473361444
83788	52.7132
83788	52.7132
83788	52.7132
291440	52.6007
360761	52.54337449
84399	52.5433
288291	52.4383
29663	52.4297618506
64362	52.3709
117524	52.0774
360668	52.0423
313512	52.0324945075
360480	51.9404
313427	51.8649876112
83582	51.8455
116665	51.7645
292700	51.7501
305972	51.6755
81510	51.6736
300027	51.6604421194
171055	51.5372
24628	51.503166913
362093	51.445076918
60465	51.4292
686295	51.0775
445442	51.0641
282836	50.9213
282836	50.9213
500255	50.8769
140673	50.806824835
309060	50.7042689401
316330	50.6353073454
286990	50.5875488451651
360468	50.5140811728845
313047	50.5094
60341	50.361440946
302946	50.0585880752
288752	50.0
304053	50.0
303790	50.0
362283	50.0
116636	50.0
64305	50.0
619385	50.0
170908	50.0
619385	50.0
64348	50.0
306283	50.0
