29187	99.42098875081
100362347	99.1433308832
315686	98.98087592676
114505	98.60003667492
29619	98.3868984736
171373	98.0993981075459
289181	97.1868870016
24908	97.0605
361688	96.92887
315639	96.79161
300944	95.63434
290985	95.59055
60331	95.58517
25478	95.4164304876842
84588	95.37824024914
289827	95.05768
50677	94.68537
314423	94.65393
314423	94.65393
117140	94.62657
303212	94.2748314367093
85431	93.97278
24588	93.70713
294948	93.6229453419
303700	93.30015
300947	93.24853
84487	93.1998
297942	93.19005
499947	93.10332
311146	92.73079
310749	92.5347628918603
308398	92.38701
309446	92.2041
29362	92.16036
360518	92.02401
314641	91.93188
503214	91.87501
308118	91.4671
306672	91.00293
364183	90.88354
294643	90.7708568845
170842	90.60531
64310	90.54363
316742	90.479
292023	90.14685
25640	90.06934
25159	90.02754
85267	90.00141
297595	89.7892
29650	89.1514157038
298490	89.0621
171086	88.9044394275817
301337	88.8329
312299	88.8066
297504	88.6901
25674	88.6496
291978	88.4736
303059	88.145
314824	88.1285
304071	87.8446
313860	87.8023
314862	87.7145595432
25262	87.5593
25262	87.5593
25262	87.5593
29456	87.207
64194	87.1726
246215	86.8337
308669	86.6858
171571	86.6216
85238	86.6111
315346	86.5391
288772	86.5246
312030	85.8517
685384	85.8028
364786	85.6927
305922	85.4758
303478	85.1858
315023	85.04433504
314641	84.9819
266732	84.6015
317335	84.3955
289608	84.3487357952
116554	84.0885348616
252856	83.9139
25639	83.7218
363448	83.4239
304791	83.4021224323
29300	83.3696
307288	83.3214
308097	83.2881
361073	83.2634
306630	83.1223587892
304334	82.9916
79220	82.7177
314949	82.7046
298867	82.554957964
54348	82.383727866
310086	82.2050469044
315548	82.1472
363913	82.0786
84352	81.9803
259241	81.8942
64547	81.85093016
84029	81.5263
171101	81.4566
171109	81.2824
116500	81.1836
171525	80.7848
361930	80.6175
29642	80.443404128
24587	80.2704
361659	80.2246
360540	80.1452
83576	80.0191
114839	79.8589
309126	79.8063
81741	79.7994264016
282835	79.584917518
266780	79.0781
362827	79.0587
308322	79.0242
309025	78.9886
24311	78.9506217019157
24311	78.9506217019157
24311	78.9506217019157
305691	78.7939
287418	78.5422
63840	78.3147
302678	78.1678
362156	78.0292
682507	77.8893
300741	77.8165
360854	77.5314
362923	77.5111
501195	77.4617
311919	76.7001
24948	76.6168
306825	76.2438
79212	76.1329970865
500616	76.0305
64203	75.9678
79428	75.7698
309145	75.6941
25521	75.2699
296762	75.2143
300644	75.1355
266777	74.5624
312694	74.5215
171548	74.3329
300652	74.3173835406
313997	74.2125
303584	74.0247787581
29140	73.9927
296851	73.8611
291464	73.8181
363292	73.7765
367242	73.7274
304244	73.6543
24679	73.4918
310250	73.3228
305171	73.2047823796
297989	72.9337984288
690516	72.6994
85243	72.6625
64508	72.5936
304474	72.4305
304218	72.368
304218	72.368
29693	72.3544
25615	72.2664
300463	71.8695
286897	71.435
286897	71.435
246760	71.2614
84409	71.1979
24477	70.7558
315427	70.7459
64465	70.6634
140942	70.6551
298992	70.5416
259237	70.4766
305831	70.4644
63995	70.4625
365755	70.3669
64443	70.2993
361171	70.1832
308000	70.1648
306165	70.1079
117016	69.9256
315265	69.713490888
304591	69.5534
25337	69.4958716904
290744	69.4622
298686	69.3267709108
306091	69.3230649376
364419	68.8573
297514	68.5762
117536	68.5737
117536	68.5737
117536	68.5737
117536	68.5737
24642	67.7688
114090	66.9771
25428	66.9114
291352	66.848
309812	66.7836815416
361686	66.6497
25694	66.6036
50599	66.4947
500069	66.1874
315798	66.0652
29521	65.8269
293343	65.1593
65272	64.7271
311721	63.8934
314212	63.8505
81516	63.6949
58853	63.5945
362591	63.5554
308846	63.3785802536069
79210	63.1051
25640	62.5084
25640	62.5084
365895	62.4125
304477	62.3351
362235	62.2941
296751	62.1845
303068	62.0894
362950	61.7117
362013	61.6798
317235	61.6784
29454	61.6738
25026	61.5095
310506	61.4366
307579	61.1947
170551	61.1761
300802	60.8035
26956	60.5105
499425	60.1321
291936	59.8708
294513	59.8386
309025	59.8154
315615	59.4159
641521	59.4111
65205	59.2542
116658	59.0987
291914	58.5604
364039	58.3434
81817	58.2276
65180	58.0626
289175	57.9769
114862	57.8103346604
25247	57.7689
170911	57.3731
24967	57.1095
308458	57.0413
100233213	56.9725
116673	56.711
311984	56.5371
83612	56.4599
100912536	56.4071
170910	56.2772
113898	56.2711
306439	56.1287
497961	55.922
308265	55.895771251
64134	55.5676
304714	55.5568
361628	55.5567379786
29194	55.5495
100310874	55.3537
282587	55.3057
81924	55.1079
288921	54.9688
25575	54.6023
311968	54.5337
361833	54.4748
116663	54.4274
300173	54.3481
58949	54.2911
266805	54.2296
64206	54.2107
361814	54.1182
290364	53.9718
297173	53.6292
302705	53.6123670976
29376	53.4290641787
64832	53.2977
301555	53.2426
300129	52.981751638
59075	52.6844
302495	52.532
300359	52.481454484
315804	52.2663
314228	52.2412
290447	52.1549
364712	51.7904
192178	51.6778
300664	51.2802
299811	51.1984272686
314374	51.1185
29171	50.9509
295327	50.8103
362325	50.7823
29517	50.7168
29517	50.7168
29517	50.7168
362339	50.0
310698	50.0
296346	50.0
305105	50.0
