315478	99.0594156851375
302363	98.6515091537736
25154	96.24773
305549	94.9551018928
302492	94.83996
362495	92.66069
304860	92.12497
246262	92.0565426061335
500131	91.3127669684
289900	91.24237
60660	90.61465
317346	90.51396
364712	89.71403106
293721	89.282
289034	87.9826
315806	87.9132216609122
307008	87.1330219696
291388	86.9724
78951	86.6028
315707	86.5473
498934	86.4368
314436	86.3921
117255	86.3041
362567	86.0742
312451	85.9013
289218	85.8594
361882	85.7872
81758	85.4016
25735	85.3576
25735	85.3576
25735	85.3576
291060	85.2168
304301	85.208
299897	85.0704738544
313478	84.9451
89806	84.8263
500348	84.7331
312227	84.4615004728
306110	84.3843
81816	84.3075
685472	84.2631
314323	84.0346210612
24944	83.8703
302396	83.3557344336334
362557	83.3082
54190	83.3041756912
294408	83.0009351402
299928	82.8791582300743
259275	82.6189
317575	82.3965
60577	82.3595713084
25745	81.8602
25745	81.8602
304799	81.5127
59296	81.3353
171159	81.2709662732241
114104	81.0979
302810	81.07
305248	81.0492
304786	81.0409260337307
29592	80.7873
619558	80.4009
500116	80.3264
361321	79.9774
260323	79.9577067488
362810	79.5912
60427	79.0610660144
60427	79.0610660144
316482	79.0384
84030	79.0291
64845	78.7737
362393	78.6586
315564	78.6477
192147	78.5325
25340	78.4903
362918	78.4278
362814	78.4218182358
315664	78.3572468525
363045	78.3169
29222	78.2659855693
140946	78.0867
307474	77.9503639789416
29456	77.8428398953
24617	77.4796216102
25528	77.4535164482053
260323	77.183115325
315962	76.9759
24362	76.7592
362049	76.2331
298549	76.0193
25736	75.6265
246334	75.5691628684174
64189	75.5652
24827	75.4431
288057	75.3726
313865	74.8351
171147	74.6847971201573
313304	74.576
24790	74.4262854410922
313030	74.386719268
117271	74.2017
362776	74.1516562794
25454	74.1498825261225
24225	73.9686841279995
114482	73.8900991973
361920	73.8373766043
298850	73.4338
494021	73.4094
310749	73.3613548471
293059	73.3176
259218	73.0225
361700	72.846474172
297867	72.682
690728	72.4663
499508	72.3954
246297	72.3764526722103
298936	72.0955
24190	71.9552
296467	71.8691
316326	71.6276
293287	71.3663
296608	71.0473
362048	70.917
29647	70.8898
289623	70.787
312781	70.7031556499
297357	70.6254
24482	69.9938
24482	69.9938
58819	69.9782
288482	69.8864
24482	69.8837
24482	69.8837
94338	69.8205
316333	69.6857
294962	69.564
84394	69.5011543741677
25390	69.3539
303592	69.3253357575
308361	69.2538635127801
304208	69.2351629016588
299762	69.1719
312709	69.0494
24225	68.8090697005619
24225	68.8090697005619
24225	68.8090697005619
24225	68.8090697005619
24225	68.8090697005619
24225	68.8090697005619
24225	68.8090697005619
24225	68.8090697005619
24225	68.8090697005619
362246	68.6429179604
312504	68.6127
373545	67.6373
25705	66.9705
79208	66.9499
362788	66.78097403
291314	66.7054355551
314198	66.599
362591	66.4253
291955	65.9821
362678	65.7874
303469	65.7327
83731	65.68
64440	65.3625
310392	65.3147797082
312030	65.0015342385825
29627	64.8531073494765
29627	64.8531073494765
287633	64.4747
29599	64.4187188726
81649	64.4119078860078
54295	64.3201
364706	64.2585432628
299356	64.2432
361069	64.1836
362316	64.0698997781389
103693239	63.8848
286961	63.8205
25341	63.8088
290633	63.5163634554
245956	63.474
289196	63.3852
84600	63.3369
315134	63.2599
24968	63.2363
363735	63.1826
288821	63.0068957164
360726	62.8994102834
81744	62.859507751
309591	62.7586974064
289424	62.7519
29645	62.515887063
295631	62.4391
315341	62.4362
294065	62.269141642
25022	62.2667
25022	62.2667
25022	62.2667
25022	62.2667
25022	62.2667
25022	62.2667
364419	62.0715521872
298683	62.0109051712
294809	61.9295700490801
113965	61.7879
294698	61.6778
25259	61.558
306722	61.066
363684	60.998
312890	60.7713008056521
306261	60.6567
64442	60.61255
58961	60.5639040238
58961	60.5639040238
261738	60.5601
25159	60.445
314388	60.1424
366783	59.9392
315994	59.7403
29588	59.70628601
306307	59.5734
64824	59.3729497264714
259242	59.3628040916793
306840	59.3540197388
310506	59.30018719915
85384	59.1359
289486	59.0313
296229	58.9199034221
314388	58.5721
300901	58.51465995
300901	58.51465995
29332	58.4398
191571	58.3939687608
361171	58.2122
308709	58.1134999275
50566	57.9505
303394	57.9096139352
299194	57.5182
29181	57.4846
171447	57.3509504224
171447	57.3509504224
171447	57.3509504224
171447	57.3509504224
171447	57.3509504224
171447	57.3509504224
171447	57.3509504224
81869	57.1045
363256	57.0097
64195	57.0043
289125	56.5054
499882	56.210728672
300756	56.1345
680987	56.0421
360602	56.0249
289400	55.93325845
252855	55.9028
64313	55.8152
24459	55.7812
171402	55.7492
311405	55.7224
303132	55.6996143
25316	55.6517261978
361832	55.5541
301012	55.4883136508158
360905	55.3907
305853	55.3822
315550	55.3743
24908	55.1949
171046	55.1579
171046	55.1579
365748	54.9969
312086	54.9641
296623	54.6952
306868	54.5959
293864	54.5571360257
309804	54.5178
29463	54.4155
29717	54.2524254614
29717	54.2524254614
291981	54.1991
498538	54.1445
678769	54.1232997766683
292016	54.0749
65026	54.0714
246334	54.0544991182827
690745	53.9069
299256	53.7934387447552
295327	53.7396457691
140669	53.6965
365652	53.6789598506
309069	53.627
288617	53.6163734136
100192313	53.3201209286229
293743	53.1901
304285	53.0426
289315	52.9598
311622	52.8396098468148
24832	52.6471974384
25245	52.4064644565235
25245	52.4064644565235
289278	52.3777
291130	52.3774246221259
362520	52.3696
85489	52.1192
29182	52.0612567652507
689704	51.907909811
362110	51.7056
363013	51.6859
306994	51.6849
300888	51.6144
293677	51.5928
293677	51.5928
293677	51.5928
316021	51.571
360589	51.2064638303485
364838	50.9388647337
81527	50.7553
311558	50.6966
116741	50.683076932
25743	50.6051112328438
64001	50.4968180902
25645	50.20867436
64624	50.0
292811	50.0
497931	50.0
297998	50.0
361842	50.0
24175	50.0
313554	50.0
