294065	95.8513413654966
313370	95.6732641645
360605	95.0885667744
24699	94.60569
24699	94.60569
24699	94.60569
24699	94.60569
24699	94.60569
313053	94.41221485
315047	94.3945163844
29642	94.330807965
302363	94.25694
171458	94.05964116943
288821	93.980529447114
307820	93.2538917666006
364678	93.0546890755422
314964	92.5099463807115
288154	92.2027837567
84020	91.93327
312398	91.9142412050841
314894	91.70483
314028	91.6542220689366
171455	91.3145674609
64709	91.205210519
311462	91.20347
308361	91.1129794265384
493574	90.95954
116720	89.9656
619393	89.7862
29714	89.1497
293561	88.97997318745
500048	88.9772
58949	88.6667
81649	88.3755
140926	88.2495
303903	88.0578
288280	87.9961
499870	87.7221
368002	87.6461
65040	87.4295974166
65040	87.4295974166
373544	87.2823
310392	87.0953771371333
291553	86.8885
309420	86.7732480424
100361733	86.6013151636
315435	86.1602
315435	86.1602
303196	86.0026
303196	86.0026
290744	85.923264716
100910616	85.9025227
681284	85.8688186885
303801	85.6558
287441	84.9466592092
315435	84.8496
246326	84.3991
361632	84.194487205
25357	84.1797
287199	84.0179393529
313725	83.9783
83582	83.4956
315804	83.4504
314157	83.4465
301346	83.3136
302396	83.2616959611558
361659	83.2379
64104	83.178
286901	83.0204
288108	82.9116724586234
316369	82.7944
25340	82.6479654149
679937	82.2808
25613	82.2612
289307	82.0111
307070	81.7996
84509	81.7839
362831	81.7442
140908	81.3793
288108	81.3331814672
360589	81.1909847343737
289596	80.9948
310358	80.9933034047
314850	80.901880203009
298652	80.5931
315915	80.4618
304528	80.4547
304092	80.4005
192646	80.1726
114561	80.022
307997	79.8964
307075	79.7786042185
311245	79.7028
289046	79.1147
289046	79.1147
25162	79.0334897764
100359753	79.0094
94267	78.8397
310643	78.7096
25636	78.532
298065	78.4109
64627	78.0647184742
306404	78.0041732133994
316021	77.7454
288753	77.6681
64669	77.6398
25031	77.6344
315891	77.4627914734
315348	77.355684063
502901	77.338406680207
498407	77.2869
60326	77.238719128
252889	77.1718753715464
316376	77.1285
24667	76.9102
309453	76.566
362609	76.4629670304
24390	76.1420766246
25654	76.0082772388
308409	75.9276
310721	75.331
89825	75.0861
116690	74.7703
116690	74.7703
116690	74.7703
116690	74.7703
65146	74.7451
296312	73.962061192
246208	73.9234
654517	73.7131
311422	73.5135
80773	73.5046
363913	73.2451
60627	73.2376
100362347	73.1999537524
305571	73.1001
293061	72.7687
303132	72.3369543125375
306492	72.2974279262
25404	71.8243
25404	71.8243
171562	71.6137
100360066	71.5832535217153
363465	71.4154
25591	70.7677
83765	70.4223
360722	70.0565
25578	69.3577
94272	69.2616148246
29713	69.2237
309678	69.2185
84394	69.1080784791459
311984	68.9270798896
315648	68.6478
24459	68.3242
338401	68.3053
288079	68.1055
288669	68.0872
317247	68.0751
114511	68.0626
59303	68.053827916
50572	68.0310219655
100362331	67.0626
117279	67.0091
291005	66.984
29705	66.657699576
114858	66.6417
365042	66.6174
25743	66.613380436849
29610	66.2207
59303	66.087633304
116839	66.0016
116839	66.0016
310749	65.8642
360858	65.7237
311860	65.554980886
360853	65.5331739532
313125	65.4577
246116	65.3656967407209
171121	65.3444460881
140923	65.3348
310773	65.2844
24587	65.1825
307302	65.0061
679668	64.81375
361814	64.0277
309429	63.9815
302934	63.9522
360886	63.9067
117180	63.3781
60357	62.9807
60357	62.9807
444986	62.9561
498898	62.9155
361677	62.903152985
29416	62.3471283587942
290864	62.2214
295382	62.2161
171028	61.7036
171028	61.7036
83785	61.4994
83785	61.3241
83785	61.3241
83785	61.3241
83785	61.3241
83785	61.3241
83785	61.3241
83785	61.3241
83785	61.3241
83785	61.3241
83785	61.3241
83785	61.3241
83785	61.3241
295446	61.2367557481
29733	61.1595
362713	60.9931
315548	60.9666
25151	60.86425
289990	60.761961904
313308	60.7275
29580	60.7045
25565	60.6357
307180	60.5068
25409	60.47629975
309126	60.2705965461919
300126	60.1792
306672	60.0136
316561	59.952
690195	59.8589
315665	59.8568
291912	59.7764
306994	59.7386
117515	59.626
312563	59.617302692
297508	59.6139
363016	59.5959
360600	59.4422702368
83515	59.1954
311412	59.0611
501052	58.8549
260323	58.8219
140734	58.6847
314788	58.6057
29627	58.5031266634
29627	58.5031266634
361627	58.4429
364706	58.1888515237
307428	58.0396
292100	57.9645634408
361920	57.8864
501083	57.8177883676
317413	57.6359
362495	57.4263
366196	57.385
361191	57.2363
294732	57.1745696736
315666	56.9514
83825	56.946248092
64558	56.8710313484176
294504	56.8004
307212	56.787
83629	56.7077913347
305035	56.6555
303356	56.53
117520	56.3855
117520	56.3855
117520	56.3855
310461	56.326465625989
316539	56.1513
246760	56.133088341687
303016	56.11564081
310633	56.0136
314543	56.0112148798
361688	55.8271
116740	55.7243393297758
362733	55.6356370390935
362733	55.6356370390935
294091	55.1657
25187	55.1479
303764	55.0669
289810	54.7672238161
84600	54.7213840196
84608	54.5138
304850	54.3129
25293	53.9833403824
25293	53.8240848118
25293	53.8240848118
25293	53.8240848118
25293	53.8240848118
83824	53.6851
362697	53.527039752
25740	53.4894
309129	53.382
170845	53.0955
500972	53.0230153564
641525	52.6463
94170	52.557
316023	52.5107
289521	52.39473915
192362	52.1933
25183	52.1463
305367	52.0893
252855	52.0541
260323	52.051196772
291078	52.034586724
116469	51.8527
299256	51.8097
84476	51.474834517
304244	50.8249
309390	50.7513
317444	50.4359364996
361859	50.0358535867
360718	50.0
305828	50.0
29360	50.0
29360	50.0
309533	50.0
140924	50.0
298992	50.0
