293060	97.2652737727
361920	95.919975
312398	94.581853651
362170	92.4253658532
306128	92.38571
301434	92.32402
94196	91.39283
84551	90.60773
688705	87.7654
313308	87.752442953
25573	87.6403
679572	85.9633
29189	84.9813
316737	84.2407
303903	83.0382
297968	82.6004
302845	81.686
116600	80.700694012
317614	79.3184
689116	79.2414737202254
314612	78.8098
502531	78.5641
140940	78.3856344848379
29668	78.139
298792	78.1340553148
58976	77.9133
64678	76.4269766167644
29158	76.0339
294400	75.5613685674
100302447	75.4693
29253	75.0532
94267	74.0484
361838	74.0459
361319	74.0428954932
171064	73.942841376
362501	73.0861
291585	72.7596
500832	71.5093
25404	71.3433058341
25404	71.3433058341
24851	71.3422
24851	71.3422
24851	71.3422
24851	71.3422
24851	71.3422
313370	70.8985
310086	69.1162163347
362199	68.5236081997
54296	68.4119
287954	68.3597373568
303396	68.269395239073
25102	67.409215491
363662	66.582
303163	65.9473
305544	65.6511
64124	65.6431
498411	65.4038886861
64152	65.402578399
300947	63.9574
306439	63.7605
306630	63.735164925
313387	63.3764
689917	63.3739
308899	63.2467
308899	63.2467
24416	62.791
316742	62.6918
303478	62.2614
312947	62.2021
296271	62.1577
303554	61.7283
309126	61.1589856179
363412	60.9523
360554	60.7779
60666	60.707
289395	60.3138
312965	59.8921
687147	59.8631427898
687147	59.8631427898
24370	59.1501
54300	58.8823
64387	58.2645
500526	57.9945
303342	57.8296
246334	57.1733082146
246334	57.1733082146
316211	57.04
315037	56.8175
287420	56.6466
58857	56.5
308537	56.4608
315611	56.3209096903
310508	56.252
303132	55.62725
286901	54.7499
303292	54.5579278347
289312	54.4919
312603	54.3118
85385	54.2619908632
85385	54.2619908632
171126	54.2
170808	54.053640112
315567	53.6514
25673	53.5967
170851	53.4389737819598
296281	53.423411597412
287076	53.26651705
360639	52.8696
300474	52.5954508752
25571	52.4912
307343	51.9173421270449
114514	51.908580025
83507	51.4679
362356	51.1575
362490	51.046
303602	50.9649944896
54245	50.9505
360480	50.7888449664
29175	50.5553
309357	50.5208
311591	50.1595849124066
298426	50.0
207122	50.0
308761	50.0
