304988	88.7315
287615	87.7043
25359	86.2015
29345	84.3069
54323	84.2111
83712	84.1314
362051	83.3009
294718	82.7382
78956	82.6175738752
25541	82.6142
362978	82.0252
304763	81.4262
362196	81.0974
307296	80.8352
84407	80.2381
79208	79.1641
84026	78.9992
301442	78.3623
298423	78.2183
315033	77.9663
363225	77.5447
29516	76.8615
170842	76.3843
25311	76.3819
365900	76.0269
361815	75.7107056948
502886	73.8392
83824	72.3997
24924	72.021
309798	71.8788
361677	71.6099
140666	71.5957397696
292138	71.4074
296161	70.64434208
64041	70.5384
310086	70.5327
64551	70.2723
64551	70.2723
81746	70.1033
298579	70.0598
307927	69.3364077927
83514	69.2672
60373	69.2663
288701	69.2208
300129	69.0985
50599	68.4234
297514	68.1877
260327	68.1094
294410	66.8225
303185	66.7519
361391	66.3163
311355	66.0625
360775	65.8516413392
363062	65.7501
362107	65.743246422
140544	65.601
170808	65.4919
308326	65.0661
298521	64.9205
171062	64.8715
296478	64.2070839131
288700	64.0859
298521	63.7033
64124	63.2355
79239	63.0945
79239	63.0945
299195	63.0644
306814	62.718
302671	61.9136
25699	61.729
295230	61.4625
309256	61.2698088425695
305577	61.2320059846
25159	60.4716
25416	59.6245
691429	59.5865700987
293060	59.5666
302424	59.1967
295490	59.1045
363145	58.0963614841
24560	57.9417
313668	57.9324
314265	57.8648162044
360658	57.5836
309179	57.4709
29380	57.4533
24600	56.9325
303567	56.8659
444984	56.7397
444984	56.7397
365024	56.6387
303101	56.1571
290666	55.6242
365744	55.3359
54230	55.2016
306459	54.7361
29671	54.5891
363243	54.5525
363412	53.9748
314336	53.8038
360764	53.6768
307526	53.4236
102554884	52.878133668
246263	52.578
296281	52.2422
313742	51.9114
363118	51.35779189
287436	51.0418
361181	50.867
170904	50.8558
498128	50.6859
155812	50.0
56718	50.0
171563	50.0
116554	50.0
60395	50.0
