362918	93.93337932148
366473	91.41981
298555	91.25368
266680	90.81065
24763	87.1587
288111	85.2608
24590	84.7974
690528	84.2491
286981	83.646512776
309288	83.5634
64443	81.8074
364706	81.3801
289990	80.2205
29500	79.692769216
25316	78.553343697
595134	78.307074136
311098	76.7511
493574	75.4065420876284
116658	75.3036
116543	74.0492
65183	73.7914
309888	73.6645
54283	69.9508
25328	69.2845
25049	68.8696
363062	67.881715992
290818	67.8398162912
305373	67.7823
29397	67.6669
680532	66.8846
307893	66.5383
361295	65.3067453109
291960	64.8944
29606	64.6973
501621	64.1818
298544	63.6332
298652	63.457
299811	63.3119
305035	62.9306
84488	62.8346
25705	62.6202
363445	62.1119
29150	61.5545
689852	61.1971
303926	60.1446
25620	60.0234462032
25620	60.0234462032
25620	60.0234462032
25620	60.0234462032
64545	59.5678
309653	59.1942
304813	59.1041209612306
307200	58.8153
295663	58.7905
289632	57.9324
315174	57.4129
81668	56.537259226
498301	56.055
246174	55.9726
140945	55.3808
140945	55.3808
303403	55.3423
498650	55.2937
498650	55.2937
83840	54.9086
312927	54.521952005923
24840	53.7378
290228	53.6627
306091	53.506
306994	53.343622583
81682	52.5854
311462	52.053
64124	51.9587
689399	51.8469
170917	51.3791
500418	50.7271
60666	50.0
