83683	97.74635917488
113970	93.5390125133
316370	92.64676
686117	90.22934
84351	89.7194
116725	89.4323
363088	88.5315
364039	88.3421
29500	87.9780035668
58840	87.4171
360904	86.8118
113902	85.8924
25162	85.2569
117513	85.1896483873
290818	83.8269
291709	83.1431
25270	82.8287379746
102554884	82.5607460134
25599	82.2956
24773	82.0493
24773	82.0493
24773	82.0493
117056	81.2946
25287	80.8827
50690	80.2364899456
502372	80.1284
117186	79.9877356162
299131	79.2876
314480	78.854
314388	78.7484
314388	78.2263
25245	78.0897689389237
25245	78.0897689389237
84394	77.5842739597
641555	77.4349
309858	76.6981
291078	76.5040032303
313609	76.107684451
64563	75.7264
170698	75.5712
260324	75.2852
289264	74.6785
171072	74.5419
362759	73.3459
303132	72.6682993746195
116548	72.5868203434
308266	72.4488
291685	72.4323
83571	72.2794
299811	71.7267
308028	71.6108
24318	71.1494
266775	71.0556
301118	71.0541146263439
691429	70.887330232308
29681	70.2549
29345	69.9954
83633	69.9051
291948	69.6791
293960	68.4924
362303	68.4207
83532	68.3397
64630	68.3189
317576	67.4944915002
681211	67.2115
296349	67.1549936262561
307905	66.333
24883	66.2008
29650	65.1192
311456	65.0148276484
29144	64.885092074
315953	64.1889
303755	63.7098
117556	63.4243
307008	63.3337
302424	63.0711393337
310659	61.8872
297727	61.7138109485
286905	61.6953
689161	61.6278
306009	61.4269
362275	60.513
85385	60.469
85385	60.469
25364	60.378
298944	60.0982
245903	59.8286
306540	59.7241351644
114590	59.4256
79208	59.4133
309888	59.3722482543
296380	59.2945
315949	58.9804
266715	58.7317
312777	58.4256
29715	58.2564754128
29715	58.2564754128
29715	58.2564754128
29715	58.2564754128
29715	58.2564754128
29715	58.2564754128
29715	58.2564754128
29715	58.2564754128
29715	58.2564754128
60327	58.2207673906
362283	57.9195
83533	57.5672
25743	57.481429656
24539	56.1405
24766	55.8873228294
315973	55.6420699336
308864	54.7982
83785	54.6822
171500	54.6266742232
171500	54.6266742232
83785	54.4942
83785	54.4942
83785	54.4942
83785	54.4942
83785	54.4942
83785	54.4942
83785	54.4942
83785	54.4942
83785	54.4942
83785	54.4942
83785	54.4942
83785	54.4942
29483	54.4082864746161
29483	54.4082864746161
29483	54.4082864746161
29483	54.4082864746161
305310	54.0921
116743	53.9954
680445	53.9806
302935	53.8302
313228	53.7846
65195	53.66779039
293692	53.6465
65195	53.281999111
65195	53.281999111
310315	53.0211
498226	53.006
294012	52.9219
679937	52.7563
83513	52.1922
116724	52.0302
366468	52.0224
103691034	51.9709
689404	51.8989724314
296884	51.6828211732
295620	51.597
25106	51.5596
84407	51.3019678555
309275	51.2428
24413	50.8991
302920	50.7317020903318
24874	50.0
81805	50.0
312398	50.0
84360	50.0
