315891	97.4585024173569
114862	96.3034
360886	92.241398664
290648	91.29323
363002	90.5180029892515
314847	89.7418
294747	89.62526112
688790	89.1633754072
498650	87.1655141400488
498650	87.1655141400488
297486	86.8034
296102	86.7313
360557	85.3198814261
290623	84.9235858664107
89821	84.7033
312915	84.4469
304832	83.9501
293453	81.295
363735	80.4235802514
83498	79.1107
363445	78.4661
313725	77.28733343
373542	75.7379
117255	75.5007
316219	75.3539
296510	74.6547
315804	74.3055576496
316218	74.0616414628
308028	73.9926
685607	72.7826
303902	72.6765
303343	72.369502096
156275	72.0426893341
29144	71.3597
170848	71.2913
29464	70.9631
306274	70.4737870159
287881	70.4566
25049	70.1647
25239	70.0278
24708	69.6137529304962
311530	68.9233
308709	68.7799
294810	68.2734
363005	67.8558
317407	67.7158
84588	67.0691
361843	66.9474645056
362258	66.5739
679028	65.7998271855
298138	65.5106
304799	65.3704297846
290485	65.3565
257647	64.6336
84046	64.4165
300664	64.3376
361814	63.2305
497930	63.1953
362665	63.1436
501563	63.0137
305310	62.078971964
314417	61.9559
305000	61.8921793729
171086	61.004751796
314855	60.2930062259811
306009	60.1777
171093	60.1444
171093	60.1444
360583	58.7774101159
316611	58.3829340004
298933	58.3022
298933	58.3022
312491	58.001
307724	57.6371
65248	57.35555
80881	57.3377
362246	57.2696632712
24954	57.1079
302363	56.9153
299116	56.6595
297508	56.6413
363675	56.608
315286	56.2969
296349	56.2339110361
140448	56.072530177
295325	55.9828
362170	55.7765
360956	55.6411
360956	55.6411
360956	55.6411
310760	55.1991
259241	55.0041
303493	54.9836
303493	54.9836
306492	54.9442
361613	54.8964
499302	54.7443
305477	54.7375
25429	54.6385
367242	54.6345
59299	54.3341
29242	53.8387
690516	53.6422522189
314438	53.5131926072
361244	53.4241335649
25232	53.318
307715	53.0921
362226	53.0413359607
287716	52.7704
29588	52.496682477
297968	52.479
289318	52.0673
315259	52.0409
314647	51.5484882948
24414	50.8779215682
64394	50.1515127404855
282581	50.0
80843	50.0
64701	50.0
