29533	97.16585
79107	92.53825
293060	92.0837511730888
64040	92.02256
246186	91.44832
309357	91.3958001388
297566	87.137
316794	86.9019
360584	86.8604
290947	86.6499
363544	86.3542
310250	85.3117
54323	85.212311065
361388	85.0603
315915	84.926
450224	84.7852
79128	84.7000496608
361627	84.661
310683	84.1295
361195	84.116
316108	83.7744
689377	83.7294
25177	82.3346
25177	82.3346
25177	82.3346
117037	82.3203
304669	82.226
25177	82.1902
25177	82.1902
497078	81.8823
83513	81.528
289419	81.4601463019
362107	81.4593
296968	81.1987
64440	81.152
312135	81.0394
304286	80.8267
297942	80.6705
286895	80.156
288239	79.9688
58919	79.4867166424
289521	79.3754
83785	79.1177
83785	78.9842
83785	78.9842
83785	78.9842
83785	78.9842
83785	78.9842
83785	78.9842
83785	78.9842
83785	78.9842
83785	78.9842
83785	78.9842
83785	78.9842
83785	78.9842
24167	78.0500746746
24167	78.0500746746
24167	78.0500746746
24167	78.0500746746
24167	78.0500746746
24167	78.0500746746
493865	77.4346
313098	77.287
280671	77.2747
64032	77.186
84380	76.9737
25050	76.9555
24963	76.5109
307806	75.2236
313131	74.9607
500430	74.4747
361103	74.4525
291309	74.3934
310097	74.1113
84357	74.0549
292067	73.7897
291597	72.8771940226
294320	71.5995570652293
117045	71.5875
311849	71.0302
361055	70.4734
554172	70.2983189632
246324	70.1165866402
64558	69.7886
24948	69.29155
83515	68.9012
24241	68.8551
24241	68.8551
286989	68.7611
29564	68.2302
313375	67.880124565
298890	67.1624
298095	66.7594
64824	66.4585
286906	66.429
685384	66.3509
303606	66.199
83834	65.7878
29645	65.732650795
361594	65.2417
299757	65.2363
287199	65.1489
64536	65.0492
116741	64.6275
64516	64.5933
65195	64.4237044143931
498272	63.9457
65195	63.930297357653
65195	63.930297357653
58819	63.8217
365410	63.7762
24183	63.6108
83840	63.4769
691644	63.3821
25094	62.9553
315579	62.9324
81808	62.6929
362011	62.3348
286990	62.1088
113959	62.004
287474	61.2544
89808	61.14765
65208	60.9853316928
311374	60.8118
81813	60.5103
25478	60.1713
29591	59.9080796251
361244	59.9068
304758	59.673
310760	59.4102897274
29163	59.3159
80846	59.2506
80846	59.2506
314721	59.168
291130	58.9108
298576	58.799
363091	58.6358789857
360589	58.2506
171571	58.1679
308959	58.1028
64559	57.8261170675
296372	57.6191
301348	57.2745
25497	57.1978
296349	57.1023
287479	56.9351
306404	56.5591
84496	56.4836
84496	56.4836
83712	56.3688
306600	56.1759
25139	55.8913
307200	55.8592
287276	55.6611
100360066	55.5143
361624	55.4296
288444	55.2995
266681	55.197
25455	55.1681
289324	54.8588
29230	54.3598
293939	54.3273
306261	54.146135605
26295	54.0755
361632	53.9487624348
25124	53.6109
58961	53.6005
58961	53.6005
313433	53.4186
64513	53.3412
302946	53.022
299864	52.8746
54231	52.8591
312451	52.8027
84020	52.7383
29538	52.6844
302313	52.587
303614	52.4308
25571	51.8557
302965	50.0
117514	50.0
