58942	97.74082331284
306825	97.44605
60332	96.38916
252898	95.95674
60447	95.84964
60447	95.84964
246215	94.7164989324
25293	94.35280712857
25293	94.3226987544
25293	94.3226987544
25293	94.3226987544
25293	94.3226987544
314273	91.12217678
690419	89.705
311494	88.7397198592
315210	88.4672
298426	88.286
25571	88.1455
294269	87.8721
293426	87.224
292994	84.2067
311224	84.1926
360833	83.9801796402
293722	83.8232
25167	83.7708
300857	83.1626
290995	82.9596
56766	82.9173
311783	82.3953
29216	82.3761
363445	81.6088108646
308523	80.9639
291075	80.9505
313825	80.3187
114122	80.1529
360839	80.0011
65165	78.841
297387	78.8097602326
305177	78.2617838464
83571	77.5148
259237	77.3204369525
309458	77.1186
300813	76.9169
303132	76.8968069433968
363228	76.7551
680445	75.8494978693
81655	75.7179
171070	75.182353984
80846	74.6754
80846	74.6754
361057	74.0393
360602	73.9747420426
25589	73.477
305586	73.4084
25230	73.3809
25230	73.3809
65276	73.3546
293960	72.849
297814	72.6819
114214	72.6560984299373
498301	72.5471648331
305977	72.5432
84595	72.5125
25501	72.0754
303274	71.7238
365755	70.7554
299900	70.689
60391	70.1564
170820	69.0544
315219	68.5785992725
298787	67.2414
308939	66.8757766558
499020	66.8109
24914	66.6124
100910940	66.4443
310773	66.0745
297942	65.6978
309126	65.614207556
25672	65.5446
288022	65.0396
171387	64.6836
25704	64.40695
114122	63.6694
114122	63.6694
114122	63.6694
303141	63.6525
289657	62.907
497961	62.6349
313689	62.3078
84589	62.2674
60384	62.2602
362048	62.2446
293451	62.0059
301086	61.96918735
314930	61.8117
306998	61.7085
306998	61.7085
303584	61.6641
311039	61.5583
362778	61.448
362812	60.293
304721	60.2483
316369	59.9675
313421	59.3669
289264	58.805013288
25073	58.4005
305853	57.5079
307724	57.2583
24208	56.2937
24401	55.6212
192256	55.4203
192256	55.4203
305164	54.7402
293614	54.6946
307039	54.5965
361907	54.2857954909
294948	54.269
310392	53.8979085357496
305268	53.6547
308667	53.5898
287962	53.55
300075	53.3596
116741	52.8499
296153	52.8101
192178	52.65714334
170908	52.3759
83471	52.0295
24494	51.951
24267	51.7541
25113	51.3968
309156	51.2857815114
83839	51.1742
102554884	51.0808
300034	50.6895345784
363084	50.0
