64194	96.40522
29150	96.04291
65134	95.7945580263859
307483	95.3820415222409
66019	94.7337841875691
306324	94.6662900716
58958	94.2606739928967
85260	93.9467919012206
289717	93.6439981789503
308309	93.63697
683512	93.621787969
360970	93.3293472578412
24377	93.31149
25640	92.89455
307251	92.67022
306630	91.93929
301062	91.558479547979
292461	91.3640293326
360406	90.87692
25033	90.7193
290633	90.7182519545602
303470	90.569868388
24379	90.49272
680537	90.37522
362860	90.27644
306030	90.2485457875
84475	90.0124
64547	89.86065
29633	89.7754381084
304850	89.736
287470	89.6327
499974	89.5890908434524
289595	89.4599
94196	89.2678
362892	89.1728800827
65157	89.0163875192036
691589	88.7713
24588	88.6439
81741	88.5734
362645	88.4339
298675	88.4142119881402
25640	87.9824
25640	87.9824
619440	87.9488814545867
83589	87.8752
54225	87.7561
315094	87.3151
314862	87.2393535256
83626	87.0433
290668	86.707994326778
362384	86.7013689531851
366697	86.677
308309	86.5445
311441	86.5196
29524	86.3253
25342	86.1752
81741	86.0551
116740	85.942
362700	85.5443
63886	85.5403
171563	85.1336534392
59296	85.012
306012	84.8686
363136	84.806
499302	84.5203024912
366468	84.4717
287388	84.465683441
499174	84.3305826142
361221	84.3067
308473	83.85
309391	82.8323
25267	82.7918972073233
81917	82.4830509410576
81917	82.4830509410576
313860	82.0012819528
315170	81.994451796
60670	81.9089
309207	81.8944808632
304315	81.7007029157897
311849	81.50202136
295347	81.3532
27100	81.2658
365748	81.068
65178	80.9488494808
25385	80.6829364307525
288774	80.6621371284
361767	80.6525
500987	80.54959656
291075	80.5124
316211	80.3730379637927
303212	80.0883437712051
306549	80.0722031432
170899	79.927
309280	79.1597
24795	78.9804
295230	78.8486
252900	78.787320862
297416	78.3974073058
114595	78.3483
360243	78.1765
24239	78.1035
246216	77.9980206043
64533	77.9226
117271	77.8917068041811
313155	77.8883
308409	77.7602
29436	77.7103
360698	77.6073753568
287464	77.6051
289623	77.5183870288684
497961	77.4675
311224	76.9665
116506	76.21884831
116506	76.21884831
363831	76.1472
25249	76.1108
298399	76.094
292537	76.0426665436493
293692	75.9068
338477	75.8805
688717	75.8584
361060	75.7944235126
287452	75.7195
303903	75.3752519422
360959	75.3462572872
313954	75.3456
301010	75.3354
260326	75.2418
309611	75.2240655336
310538	75.2213
117243	75.091
293667	75.0376
266711	74.9966386512388
84360	74.8437
310348	74.8356
308267	74.7212
300066	74.7128
63840	74.5391
294245	74.3155
293967	74.22168443071
290794	74.1783
303185	73.9523
305972	73.8646573034
494222	73.7964
81676	73.7517
361191	73.748317331
290875	73.7174
310630	73.6405
171525	73.3186
24804	73.1474
291132	73.0397
288065	73.012
685425	72.7576
81649	72.6786
25335	72.6023
300901	72.5594
24716	72.526
302680	72.4982324063753
296603	72.3465
117287	72.1214
117287	72.1214
117287	72.1214
117287	72.1214
117287	72.1214
361137	72.0570214304
295457	72.028378828
303333	71.7875
117025	71.6615
310461	71.4528416876
292041	71.4079
29154	70.9836
683788	70.948
304285	70.7837268693
81657	70.697
304286	70.5928
290212	70.5272
287766	70.4861
289046	70.42435999
289046	70.42435999
296293	70.3734
304410	70.3059564065861
314600	70.0038
361727	69.878
25620	69.7388173504
316214	69.7321
25620	69.7269565864
25620	69.7269565864
25620	69.7269565864
287656	69.4296764057
246279	69.3720552534
246279	69.3720552534
286930	69.3248
499617	69.1457
684112	69.0991725986363
29733	69.0614
291921	69.0121241345
25735	68.977310848
25735	68.977310848
25735	68.977310848
59268	68.902
300036	68.8112
300036	68.8112
300036	68.8112
363516	68.7269
498840	68.5271
287940	68.5208190381867
84489	68.2651
295401	68.03135
316205	68.0095
315722	67.706480512
311721	67.6528797484
301085	67.5651993622428
24214	67.2831912395
50658	67.1894963047802
50658	67.1894963047802
291211	67.1491609576
316327	67.0998
25389	66.9817
50565	66.902696451
50658	66.8515070250258
306571	66.8448
290843	66.7967484063
170917	66.7302
360814	66.6732
84356	66.53
294513	66.4823
290529	66.4434771301
50671	66.3143546854
301119	66.2838679768
289014	66.2694159922
29665	66.2279397549642
305428	66.2225002450308
298186	66.1943
259229	66.1781
140638	65.8759609279
140638	65.8759609279
299194	65.6730545065451
84010	65.6178
292756	65.5109
140860	65.2934
25095	65.2802
317260	65.202
25398	65.1979564969
26295	65.1218
287249	65.0677
114509	64.8444
315114	64.6828
25567	64.322042932
79222	64.1742
25701	64.1568
56266	64.0527
307838	63.9408
293135	63.8130200193823
291914	63.67
286928	63.652423823
29757	63.62285
309070	63.5825
57302	63.5453514034
57302	63.5453514034
363452	63.459114965
306655	63.2666
171152	63.2466
294518	62.7704
29140	62.6271
58936	62.6127
292023	62.4593
305956	62.3699831259301
24329	62.3324
497954	62.2267
282832	62.1494
619374	62.134
288057	61.987733704
25620	61.9009602748
25620	61.9009602748
25620	61.9009602748
25620	61.9009602748
54271	61.711847794
301173	61.5519362342
300206	61.5462
315191	61.5461
304741	61.4524612781819
293061	61.2837
312947	61.26
498030	61.2282330341817
311861	61.1318419927
360619	61.032079275
83583	60.9934
287472	60.9207
304885	60.873584152
117036	60.8467
266611	60.8084
25360	60.4705955476
366274	60.4405020341
314648	60.3921
308345	60.3112
291691	60.2905303932
246235	60.153
311910	59.9351
84020	59.4271
364052	59.375346233537
171403	59.3125
287637	59.0968693645
314743	59.0957419622
307820	58.772085972598
294228	58.7321
298521	58.6406
311919	58.6391
310677	58.490564824
314442	58.3487
298521	58.3386
293059	58.2136902194
192152	58.1954
296284	57.9411163024
309871	57.9356
83569	57.895587148
306055	57.8827
102548228	57.8396
362264	57.6011
294018	56.9759
497976	56.9679
25073	56.6980494845
140925	56.6439
302495	56.5436
296500	56.4651
360480	56.379
116690	56.3536931769496
116690	56.3536931769496
116690	56.3536931769496
116690	56.3536931769496
192154	56.3230163584
25026	56.297
25480	56.181971081
24460	56.0477
315564	56.0156
293620	55.8281
360636	55.8187
83513	55.8111
85248	55.7527
307956	55.6303
362029	55.6242131789
300236	55.5893
300901	55.4293
688996	55.4146
304522	55.3543709082565
303630	55.2525
24539	55.2327
368042	55.1767
313594	55.1751
303403	55.1217
25659	55.0872
313594	55.0708
287638	54.6520752806
312182	54.5832
360650	54.5423
24790	54.4544203924
362013	54.3982632117
24335	54.3801
81825	54.3521
29513	54.2823344086
313668	54.24049324
314824	54.1711975844
246280	54.1308
361700	54.125670044
54400	54.1086200194
29417	53.9209
54281	53.6869
293666	53.6553
681178	53.612
503269	53.5135400944
83689	53.4659
294279	53.3038
361055	53.2497
287610	53.1877
293722	52.9518
306994	52.9152
501002	52.8965
313169	52.69740832
24261	52.6619
60576	52.6102
65197	52.1365
498171	52.1023
25524	51.990856272
25524	51.990856272
25524	51.990856272
25524	51.990856272
317219	51.8653
298370	51.7779
303180	51.7729
294643	51.603
192211	51.4053
294283	51.3542
500430	51.289374755
361663	51.2634
287134	51.2374
29670	51.143
313507	51.088154237119
29387	51.0282
64204	50.96098222
64204	50.96098222
64204	50.96098222
64204	50.96098222
64204	50.96098222
64204	50.96098222
64204	50.96098222
64204	50.96098222
64204	50.96098222
64204	50.96098222
64204	50.96098222
307474	50.7878
81520	50.6698
60434	50.5849475764
362112	50.5751
293494	50.4797118825
81743	50.0946160124
81743	50.0946160124
81743	50.0380435312
302032	50.0
307081	50.0
365699	50.0
64358	50.0
364419	50.0
116665	50.0
