319113	99.5652545189305
29633	98.8197904207132
298848	97.59719416825
313594	97.2137043600865
85243	95.77450005714
313594	95.4981993576682
83803	94.9563206504384
298544	94.65436406908
307643	94.3927386166193
171494	93.90409
362303	93.79927
290284	93.61396
304884	93.38002
303312	92.7623036444297
315134	92.1636124078
117514	91.0889426596
290669	90.9692767288
362393	89.410188521
295928	89.3058113370217
294065	88.5815
312806	88.5317200734533
300659	88.3224
309626	88.2826521656
298301	87.0573596464
64862	87.0192
689414	86.7655918412682
117556	86.523
100360518	85.7976
310764	85.6915
84396	85.6161
29645	85.5887811985
24797	85.5748
301085	85.29
366960	83.9547591058
499337	83.5145791012
64677	83.4473986768136
290744	82.8486
306260	82.8332
58971	82.7684
116690	82.5370276790027
116690	82.5370276790027
116690	82.5370276790027
116690	82.5370276790027
315218	82.3864
116491	82.3671
361037	81.8815
310288	81.5971
302711	81.4318
362713	81.3912
289809	81.2127
304301	81.1549
287478	80.6073972685499
114514	80.2011583548
362860	80.1733
304763	79.7322
25237	79.7096821363
296372	79.6876966832
297486	79.6409
363014	79.3507
303343	79.0070619691
60666	78.9867227512
25636	78.8489
50677	78.5562
288563	78.3191147272
303259	77.5383
303730	77.3148404148824
300092	77.1958
25528	76.8917613973922
689954	76.6856
314374	76.2508351552
304741	76.0369567649828
29140	75.4805774378
25303	74.7383
85493	74.5859
361807	73.7411
25620	73.4901391556881
25620	73.4553162069421
25620	73.4553162069421
25620	73.4553162069421
304282	73.337
313027	73.2123719128797
25620	72.7722174802499
25620	72.7722174802499
25620	72.7722174802499
25620	72.7722174802499
26295	72.7474
79239	72.69575
79239	72.69575
293939	72.6692643517
24498	72.6529
58853	71.9448
54236	71.883
65157	71.5927956933081
363516	71.4445
116723	71.3764
171434	71.1431
100125370	71.1348
29511	71.1234
687147	70.8531066772
687147	70.8531066772
315689	70.7519233885118
313385	70.7241
83526	70.5799752236335
289560	70.2952
60447	70.2893756016
60447	70.2893756016
313033	70.1406
89815	70.078
83576	70.0399107395728
307178	69.9103
288779	69.8287
25648	69.7677961840357
299145	69.6473
171099	69.2053493575748
100362678	69.1609978687
307919	69.1522
303298	68.9776311279248
407765	68.9507
246274	68.8553276902
25423	68.6762
298400	68.5701
25675	68.5366
362394	67.9884619363774
362170	67.9186
300018	67.4522472586553
24415	67.2590183100043
296973	67.2351
289392	67.1904
114501	67.1589146653648
292724	67.1322316434801
309376	67.1175612938845
288621	66.8976190642
365793	66.8899791264
64514	66.8569955431269
24251	66.816
299197	66.694
192245	66.6048
306548	66.4311
307494	66.2942
360903	66.2042
171525	66.1254
304315	66.0899755322242
304714	66.0646963771779
303824	66.0622
303824	66.0622
116996	65.9506
304900	65.7671754752243
65161	65.7181
259241	65.5293
310261	65.473
295461	65.437
308717	65.3511
25054	65.111
315880	65.0621675486
83685	64.909083803
117232	64.8728
316516	64.8464
114027	64.8362
24180	64.7956
29564	64.7599
192247	64.6088
252880	64.5633862445
310855	64.1698428014203
313981	64.1399
290794	63.9244
366783	63.8247
316005	63.6975477392
24946	63.048
290356	62.8589462848
296200	62.7865
58920	62.7535843538552
290614	62.6085338400535
112400	62.3417
295446	62.2486308103
362678	62.1733
288161	61.9964457139
298300	61.9299842654
25054	61.8452902806987
365410	61.7818293288
295143	61.7016
288447	61.6943325688
192126	61.6626658925608
360820	61.4449500021671
311872	61.4174642509416
290668	61.3532051814552
58970	61.2354
308708	61.2334
24499	61.1991
25745	61.0747
362404	60.748020658
302967	60.6788661112
305458	60.3379
315311	60.2997020367
315311	60.2997020367
315311	60.2997020367
25743	60.118327319088
293135	60.0912702786429
64076	59.4037
24908	59.3619
313131	59.1727
685059	58.9406
362591	58.9045
289276	58.8789
100322884	58.8548340447445
361596	58.7605
679921	58.7432123024
207122	58.7289448165
316599	58.5610212757534
290623	58.4438
25203	58.4229
298069	58.397
303690	58.3237033418471
303690	58.3237033418471
312705	58.3185
685258	58.082
289168	58.0120634263
29611	57.8204
292759	57.7761
303991	57.7589736220712
103693239	57.7138664307832
310653	57.6348
303602	57.6003425947
304091	57.0951
690516	56.788290964802
295230	56.7181
297453	56.6816195881
310395	56.6755
687090	56.6074723034
117254	56.592
26760	56.5175
360505	56.4968
266711	56.444186592
315789	56.4282
295347	56.3697
64551	56.3566
64551	56.3566
81529	56.1765
311866	56.1124589558
81637	55.934
683626	55.8196132768871
24832	55.7951410961227
364052	55.4711
113938	55.3109
315170	54.9741
686295	54.941
64558	54.9392331388829
298034	54.922297276
246254	54.752920811
246254	54.752920811
94189	54.7008026644
306792	54.5786088323256
362246	54.574286725
84391	54.3683
687090	54.2033294001
60357	54.1174
60357	54.1174
308739	54.0830942897465
312678	54.055996681
302915	54.0056
363062	54.0037
113938	53.9644
308965	53.9012
289740	53.8769
79434	53.8376
294515	53.7795
292401	53.7325125884
25592	53.6922415816
298944	53.5231
361879	53.4721839568555
304960	53.4645
287441	53.4535
287469	53.4256184363864
59317	53.4231918284098
117287	53.181662473
117255	53.0472
315333	53.0428
287371	52.9517
363672	52.8273
311114	52.5937
293710	52.5543
308445	52.5111710416
365751	52.4183
305391	52.00150933
287564	51.7985851712
288038	51.6974978351601
293454	51.6262
50545	51.5595301331708
64832	51.557108425
65196	51.5377
293860	51.4641
298657	51.3903
140934	51.1631140866
304539	50.8413
296358	50.838797033
364419	50.7654
65130	50.699
311911	50.6703
192178	50.6640069287373
302562	50.6583
681359	50.5447
286939	50.5353
25736	50.5145
313668	50.5084
24772	50.4918659099
300443	50.3274179862
299628	50.0
291608	50.0
29456	50.0
140593	50.0
310019	50.0
317259	50.0
362778	50.0
308126	50.0
362418	50.0
