304277	98.0630159910234
310399	97.87536056412
311165	97.7455943430201
303353	97.3119496218054
313981	97.14391497795
362665	96.6347956039
79428	96.5519487148012
29158	96.46019
312372	96.3086766049
287452	95.90643350914
307526	95.6397802550153
29715	95.00514
306790	94.41222894236
29715	94.05607
29715	94.05607
29715	94.05607
29715	94.05607
29715	94.05607
29715	94.05607
29715	94.05607
29715	94.05607
308939	93.89403
312727	93.852183455
288108	93.71346
685144	93.65278
316640	93.0350199110861
29502	92.67218
309157	91.7908755237034
308718	91.60881
292328	91.5767
296624	91.5026798784104
25391	91.4667405846
499194	91.23616
288105	91.0974784094928
363412	91.0666694027416
288108	90.63747
363002	90.4315699218
309126	89.9058197768535
685425	89.5129
85243	89.303
314630	89.1559880149
29750	89.0232
361503	88.7704737936
81613	88.5557685728
81613	88.2793865476
81613	88.1419123468
81613	88.1419123468
289733	88.0669865824
308870	87.9350543515
306549	87.7168
365755	87.7027431339528
304601	87.6898978057
116501	87.5450390458
116554	87.3275730871541
25041	87.1884024285696
362557	87.1664
311658	86.8311780592906
29336	86.7355809464
60563	86.6475
54300	86.6163975720383
360605	86.3979
288516	86.3587
311856	86.3136837144756
89827	86.1199
297109	85.5749
296312	85.5561
83683	85.2117857728
24832	85.1967008246869
688283	85.1813089189846
303259	84.802081912
25514	84.7534917106
307907	84.305689084
29645	84.2359661875
360872	84.226
246771	83.8868237
25128	83.637424707
84010	83.6083540677089
311901	83.5003
25027	83.4181520727
94203	83.1734191424
54292	83.129
307482	82.8699996251
360570	82.8164446083902
26760	82.7882
171129	82.7334
25369	82.33996022981
500709	82.2331
362813	81.6077
362813	81.6077
303547	81.5934020419223
116721	81.2595
306081	81.1752
63852	80.9373
300027	80.9108641758
83721	80.9098
361674	80.8021388992319
362403	80.5767
252919	80.0804317671398
304488	80.0649384808
192260	80.052929305
113990	79.9591
294993	79.8476
360480	79.8416715202401
304410	79.724646306982
171097	79.6537839928
252939	79.649926123
311123	79.4863
300711	79.186
65142	78.4950367194
25300	77.9741431184003
25300	77.9741431184003
25544	77.7427
83514	77.6437
361285	77.5206
315689	77.4502049961958
64020	77.3011
293024	77.2831987065504
84424	77.1204805971
293344	76.9323
24207	76.8856
24207	76.8856
50594	76.8706712073772
64474	76.532
116590	76.5308280596818
288264	76.496
288264	76.496
361802	76.4425
365793	76.1811929124
64028	76.179
85246	76.0242072850829
360833	75.9175014568771
29637	75.9162
287446	75.9157
302913	75.8686
64547	75.6318040516035
619440	75.4003570816
366169	75.2286824186081
113960	75.2286473906277
313729	74.9088
59301	74.8873
25624	74.8299131726544
363249	74.7558333545968
315758	74.648856941293
303057	74.5877
364785	74.4645103094
304522	74.3319821529435
308106	74.2954
83510	74.2752004777419
316067	74.270525362
307745	74.244739734
365699	74.1464
117087	73.9897
360636	73.8816
171438	73.7552575984
287608	73.5667
290668	73.2673907881242
297357	72.9541646659
315804	72.9502
56227	72.9233542978456
266606	72.7944
311202	72.5669
289175	72.5449
54133	72.401452066
78965	71.983964055
56064	71.9168
100361138	71.7384
313020	71.7116342804129
303730	71.2959457207593
292139	71.1448267492
29693	71.1154
290823	70.495769843
140720	70.47
54355	70.4372192882034
81005	70.4133119441365
50676	70.2992441954438
360459	70.2897
29475	70.2150789808506
313969	70.1319967124
246215	70.0892785039
295706	69.9571779915487
100158233	69.8678
114499	69.6949695542
29606	69.5182647392
315600	69.366
84491	69.3291
304280	68.6925
307820	68.683360439
54282	68.6821509628
79431	68.6149
64846	68.6117
291670	68.5700448768
25491	68.3106553156
25491	68.3106553156
314634	68.164564168
296390	68.0961
25274	68.0654
170917	67.962104383
307483	67.9619769522
287984	67.6566
293042	67.4795954788262
312728	67.3959040687
315073	67.178
303673	67.1165
170848	67.084890892
246756	66.7243
293489	66.5794
307643	66.551189473
294027	66.2308
303604	66.2143479502
65025	66.2065275804
313575	65.9399545396
113990	65.9379
113990	65.8365
113990	65.8365
84491	65.7271
362599	65.7187
24796	65.5804
690585	65.5435
293181	65.4613
310806	65.394048543
94172	65.2364702116
299188	65.226442608
170899	65.011058481
679921	64.8133352
114764	64.7824913032
309681	64.6425916555025
308415	64.5782834520034
310614	64.5434
24434	64.3406
24439	64.2385
304053	64.2045942799
308739	64.089
305482	63.8641639992
306253	63.4737
302711	63.3642
363269	63.3635
302993	63.0992
361245	63.0096
65153	62.9455
361578	62.8552
316328	62.8062617777
367090	62.8045
300317	62.7786
315994	62.722230499
171494	62.709
60666	62.4666543456
307343	62.3920694585108
116693	62.3662100043
24882	62.089
293408	61.9652
311903	61.8202535308212
501096	61.7048
313038	61.4379547598
311919	61.381178808
679890	61.3358
309164	61.1720887585
25152	61.1124816280199
25627	61.0389
499929	60.9134029505
364786	60.5306
66019	60.5229
117275	60.3407
313339	60.3088662113777
360703	60.269
65033	60.2542
315760	60.1685784262
297437	60.1515
297437	60.1515
299138	60.1229896468
307900	60.0562625700527
81509	60.0483
294289	59.6877215572
498440	59.6569
81748	59.4915624128
25097	59.4571932958
259237	59.429148174298
84380	59.3892
29603	59.2781
80878	59.1931
289318	59.1564
25578	59.147
54283	58.9977795068675
295649	58.8832
306589	58.877
81504	58.8729406598
171160	58.7738
287633	58.6275972844
116483	58.5571
309798	58.4543
289727	58.4391
311355	58.2995
289584	58.2628
25742	58.1932944624
681989	58.0229109119134
192152	57.964763674
287942	57.9498160522
296587	57.8685
29755	57.8397
499288	57.8310949335
300066	57.8264
360613	57.75723244
313668	57.68025
85494	57.6033
304669	57.5588426707
315696	57.5489
315311	57.5099
315311	57.5099
315311	57.5099
315705	57.485
287156	57.454564112
291952	57.3462794752
287974	56.972
309533	56.8992
246153	56.8687
290875	56.8196
291906	56.7713986946044
369017	56.7079
288475	56.7064
688993	56.6271099269
29337	56.6259
60374	56.6022267527315
313323	56.5653
24511	56.4974805958163
296603	56.4422196675
81727	56.2694295808
58954	56.210940729
288702	56.1903
307644	56.1893
296129	56.1065
296583	56.045552076
301337	56.0221709377215
313725	55.9591315015
302415	55.9212
116717	55.918
315218	55.9156
689399	55.8721
24159	55.6674
24159	55.6674
311840	55.6318
291437	55.5078
305972	55.4728652226
300320	55.4386898774
289138	55.3746
306860	55.3168
310685	55.209291765
304714	55.1992
117524	55.1724
300675	55.0398
85384	55.035
313594	55.0317146338351
60417	55.0311494656
25485	54.9046769300213
29622	54.8853
287545	54.7809868748
25524	54.7064886018
25524	54.7064886018
25524	54.7064886018
25524	54.7064886018
114767	54.6487
306792	54.6401
315524	54.5585768638
29582	54.5361
314751	54.4869712648401
64315	54.4813711501116
300519	54.4775104027
79117	54.4630366431
303702	54.4508018871
307236	54.2154
363278	54.1951245161
25031	54.0839
679155	54.0458202571
306526	54.0296
25243	53.982128638
81869	53.9761
64559	53.9192
294862	53.8824
29381	53.8312
287521	53.7821530788143
361668	53.7780670085
294010	53.6739580576
25665	53.6053476526
25665	53.6053476526
310207	53.3816466059878
289276	53.3293
289353	53.2825
361677	53.1962987685
684112	53.1835411876
365352	53.1821
57302	53.014417885
57302	53.014417885
361613	52.9857
500048	52.6646
308602	52.5772
286970	52.533
29211	52.529
313325	52.4985
64043	52.4618
363084	52.4613
289724	52.4282
360661	52.3832
29157	52.3039
436582	52.2636189553
25037	52.1641
60399	52.1627
297952	52.0259
362384	52.0094724497192
116695	51.9286
307585	51.7619
678759	51.743665774
25700	51.7098
287606	51.7004
303493	51.653311449
303493	51.653311449
25558	51.617413276
58921	51.5951406721363
171015	51.477
312566	51.4112
83581	51.3874
306817	51.2861
361921	51.2825
311862	51.2391253705248
311849	51.228
291352	51.2272747036385
360632	51.1861556844
155918	51.1856
293566	51.1097
313427	51.0859448928
316533	51.0844
58966	51.0836
497954	51.065193089
303113	50.9017
314648	50.8717
56824	50.749
24408	50.5489700268
24408	50.5489700268
24408	50.5489700268
24408	50.5489700268
25399	50.5243
308796	50.5021092496
315716	50.3675842748
306562	50.3131246268604
299730	50.2604871517
64534	50.2491818431
360323	50.2383374676
296278	50.0
289736	50.0
83838	50.0
302488	50.0
296565	50.0
297514	50.0
302864	50.0
84008	50.0
29546	50.0
300051	50.0
