64670	96.69328
305256	92.74926
305792	91.79593
294800	90.2599
29577	88.9389
114561	88.4213
289521	87.5819
297783	87.5236
500616	86.884
303206	85.76852328
300679	85.3848
116744	85.1008
54230	84.5838
689388	84.2437
363442	84.221053264
83476	83.7383
362495	83.2447
24225	83.03256945
24225	83.03256945
24225	83.03256945
24225	83.03256945
24225	83.03256945
24225	83.03256945
24225	83.03256945
24225	83.03256945
24225	83.03256945
24225	83.03256945
362248	82.7986
303353	82.7221
89803	82.6418
295347	81.7943
29146	81.7762
306548	81.1915
314543	80.784041782
79426	78.7762
29588	78.6005619416
685679	77.5488
83580	77.3974614119725
303606	77.2016923322
25376	77.0774
313981	76.5965
29602	76.5463698436
311532	76.0972
293637	75.8655272726
293637	75.597999742
311182	75.2128
300675	75.1725
246760	74.1498
308761	74.1433
313323	72.6345
25697	72.1666
307067	71.8619
309338	71.8545
59327	71.16
289399	70.9902
252853	70.7193
313876	70.4325
312603	70.0843
25162	69.6952
362288	69.4051
64457	69.2699
64457	69.2699
64457	69.2699
64457	69.2699
64457	69.2699
64457	69.2699
24377	69.1255
297554	69.0447
313128	68.7327
298942	68.6343
192280	68.0324
296182	67.997683126
81754	67.962014398
314743	67.9394
303824	66.8918
303824	66.8918
361086	66.2171
308523	65.3886
361020	64.0951
361020	64.0951
690139	63.3712
309255	62.9385
687031	62.6075
310749	62.2957529724
687090	62.2418
687090	61.5768
310659	61.5305
156767	61.1632
171335	60.9839
292949	60.9792
303403	60.7711
25404	60.6811
25404	60.6811
297699	60.4076
245956	60.3761
315308	60.3412
313053	59.5062
302290	59.2506
50682	59.1568
361631	58.9489
54268	58.9349
313156	58.814
315114	58.5588
252962	58.5511
307947	58.2656
305956	58.1337
298385	57.1326
290447	57.0296
301033	56.4559
25556	56.1974399785
361814	56.0325563568
304124	55.8863
294380	55.5768105166
310533	55.487
94201	55.3759
311165	54.8198
289392	54.686
363064	54.4737
307820	54.2991
85426	54.0954879559
315891	53.9037
24667	53.7584
360600	53.65187972
494345	53.6307
266813	53.4389
266735	52.7365
266735	52.7365
266735	52.7365
308201	52.7142
60628	52.5139
499749	52.4738
317346	52.286
312828	52.057903487
313672	51.9056
301388	51.4301
303991	51.3142
117045	51.2136
300458	51.1340539359
307271	50.5465
295378	50.0
312952	50.0
301264	50.0
309262	50.0
