303991	96.853309877865
140694	96.26776586645
305923	96.104592512
29510	94.64108917
29510	94.6022408875
291078	93.71027
689388	92.86463
293415	92.43909
297525	91.78604
171501	91.75861
361984	91.70783
311726	91.4044568176
50554	91.2766341661
113976	91.1201140387
287185	90.79169
24591	89.8686581249
316328	89.7939612887
316216	89.675710106626
25267	89.3844264382
364032	89.3303
25280	89.2355
117280	89.2298
303763	88.9207
493865	88.6828
306657	88.4861
306439	88.2137
361632	87.8567693777361
24603	87.7999
117056	87.6145
310250	87.580400698
362110	87.4365
29627	87.2886344275
29627	87.2886344275
170946	87.0918
310303	86.756
117186	86.1634
306571	86.1416759012961
292739	85.9473
291793	85.1863
315740	85.143
116508	84.7423
364476	84.4229
192270	84.321
373066	84.0924560608988
317396	83.8519
25524	83.8487346698
25524	83.8487346698
25524	83.8487346698
25524	83.8487346698
501563	83.529186608
680445	83.479
288118	83.3845
25479	83.3307
25151	82.8535
116563	82.7859
362741	82.3604
24183	81.895868527
313139	81.79
303743	81.4667
65198	81.3748396506
116725	80.8448
57027	80.5184
317322	80.4933
360650	80.4013
171402	80.1558541664
25439	79.9681241419666
303132	79.9618596056131
304323	78.8156
79240	78.7501
298186	78.3611
313270	78.1463
312440	78.101281231
58962	77.8948
94188	77.415
294674	77.2381882454
290046	76.6625
290046	76.6625
290046	76.6625
293112	76.3212
595134	76.169261803
25390	75.922
500921	75.293851125
59265	75.2338
100362764	74.9694472842
316064	74.8319768913927
24783	74.4464537246
24783	74.4464537246
314824	74.2399
24218	74.1189
81511	74.0353
246097	73.853834718
303016	73.392831632
84394	73.2793981338717
306157	72.6469276819857
497902	72.6395
292172	72.024849622
171151	71.8428
58961	71.6372721093902
58961	71.6372721093902
29544	71.5687192552473
303798	70.9587
315347	70.6172
25468	70.6006
306575	70.5587
27100	70.5241
308939	70.5171184075
64043	70.36342986375
301388	70.2298565677739
116554	70.2209351686
360584	70.2114
25706	70.2064111416
24184	70.1388
690911	70.0508
308937	70.0458
302495	69.9182
288364	69.747
305884	69.6124
286975	69.4256645956
314224	69.1696
305922	69.0920840977
313049	68.9792
289990	68.697
64528	68.4927
362280	68.2959
312102	68.2164
24560	68.2052
84348	68.1661
84409	68.035721919
317252	67.8421
303586	67.32195
64023	66.7764091315108
117257	66.4681
50993	66.426
64521	66.2202
155812	66.0516
292810	65.9984
306587	65.8117952484404
171112	65.5357
361769	65.5059
291130	65.487851088822
64373	65.4318
291352	64.990428544
499020	64.9192
499020	64.9192
287543	64.9125
25652	64.7804463657
296318	64.77105432
25319	64.6203
363707	64.5788
29588	64.467232132
314405	64.2546681022
29139	64.2248
65160	64.1507
365751	64.0887
29253	64.0299675112
116491	63.6393
312952	63.4292678352597
303614	63.2813227061156
84383	63.2659130254
691589	63.1085
290519	62.7636
171563	62.7146
314523	62.2367
29434	62.1615
360903	61.6675
690419	61.6378
25106	61.6352
361831	61.55105
311187	61.5022
316620	61.3185
498678	61.2808
84357	61.2438
63834	61.1317
60430	61.0864646259314
291699	60.9961786746636
306630	60.8937
114101	60.8289
66016	60.6458
361765	60.2003
291737	59.88882144
315034	59.7211
292016	58.6575
64824	57.963530617
289809	57.71
25604	57.0597
50687	56.9301915296
298012	56.8550085823
313242	56.6904
114090	56.3876
361921	56.3136
304581	56.2831
317435	56.163
293551	56.0943091732352
24582	55.6934
298032	55.5926
298874	55.5625829725
291605	55.384
81816	55.3621
65169	55.3546
290744	55.334
299909	55.0378
24477	54.9300148635
361700	54.866
316256	54.840190179
366492	54.7906
308667	54.6562
303336	54.647
303336	54.647
362962	54.5125456825
316395	54.4981
295461	54.3259
304816	54.0444168544
314683	54.0418977628
60582	53.9693
302396	53.8207414256009
140592	53.6
64635	53.4745
25533	53.4497
360658	53.4492
302492	53.3392
362607	53.2595
362485	52.8359
300444	52.6521
292994	52.5864
24397	52.5072
309804	52.4397572094
54231	52.3692436645
304794	52.3529
59327	52.3474990683
140866	52.3272
25403	52.294030369
25403	52.294030369
25403	52.294030369
252889	51.9887
297601	51.859911815
687561	51.7407
298757	51.7002
171122	51.4547542784
291571	51.2758760452
24718	51.274
25203	51.1186
315033	51.0507
54251	50.7735222829502
500036	50.7572
688540	50.691383527
306619	50.0143486135
116464	50.0
29467	50.0
29467	50.0
79121	50.0
300799	50.0
