304763	96.39702406575
302495	94.93676610098
276720	94.59311095112
311876	93.2318
116478	93.04585
305880	91.98588
309548	89.1927
312516	88.7208
685579	88.3326
294400	86.3475
84006	84.1779
29482	84.0008
365755	83.544844488
291259	83.4851
291259	83.4851
291259	83.4851
291259	83.4851
291653	83.3369
297720	82.32065
317335	81.3825
27080	81.345
64551	80.9062
64551	80.9062
266715	80.5064
360896	80.0207
304860	79.532455664259
78956	78.8958092161
25346	78.4095
361959	78.4034
361866	78.1221
296121	77.1993
311783	76.6194776956
298081	76.1527
29316	75.8321
311468	75.3326
299138	75.2546960593
287638	74.9821
364855	74.8607
282821	74.4891
306274	73.8598
84359	73.7999
295264	71.9383
308821	71.572578064
361739	71.3442
84586	70.9961876695
308472	70.9603
314743	70.4199
25501	70.1833
299201	69.9347
29571	69.8326
305420	69.1486
338477	68.5647
316088	68.5152
170910	67.9238
25337	67.7213
307070	67.3108860586
25744	66.9658
304813	66.9547
293886	66.9519
362049	66.9435547336261
25654	66.4852
308028	66.4379
315639	66.2886
170851	66.2300916551
29602	65.921847248
116718	65.536
304721	64.4561331706
308896	64.3936
300886	64.0817
24251	63.6844
309243	63.5802
298765	63.1062
24790	62.2097753131
297337	61.8469
246331	61.7381
246248	61.1218
25427	60.7427
316758	60.7135
29295	60.4648
296229	60.2454927919059
302935	60.0675
84405	59.9923
308392	59.8608
308392	59.8608
25311	59.8577
25037	59.8155
171402	59.1223
300813	58.8188
363096	58.351
114504	58.2043
287444	57.934
117108	57.8592
307199	57.3636
294698	57.1564
25577	56.9138
361945	56.7604181728
306764	56.4938623558
500988	56.0758
296084	56.0130594787
81778	55.5424
25031	55.5204
81819	55.5005
171099	55.44845
299347	55.084
313575	55.0796
84394	54.8052979253611
299872	54.7862
306977	54.6386
65180	54.5326
312727	54.362
362630	53.9233
299194	53.8205
314205	53.7397
65164	53.7299220643
362715	53.1572
295382	52.8813183724
81801	52.7854
246097	52.4685
25447	51.9108723753
24250	51.7443
308939	51.5523
363545	51.491
360855	51.4562
24399	51.3736075491
300455	50.6217
362923	50.4088932544
303914	50.0
