140581	98.8533581905
500282	96.23799
299694	92.40874
500651	91.56178
311530	91.0244
289950	90.10812
295686	89.7418
497009	89.5582
302495	88.8565
360593	88.4042
100360100	88.2633
114114	87.9853
29491	87.3683
313834	86.5869
310760	86.456512558259
310352	86.3399321578
287703	86.1745
171010	85.1593
362049	84.3014640922368
288280	84.0126
24551	83.9443
266601	83.5453
24551	83.4299
315000	82.7077
498587	82.141
498587	82.141
25565	80.9530675419
24284	80.8829
292295	80.0161337657
29591	79.561073128
361736	79.4989
308896	78.0556
293112	77.875909388
155192	76.62058905
361309	76.0859901955
24675	75.4967
287388	75.3041
311902	75.226161442
313609	74.629080321
171552	74.0933381029
63845	73.4341
305131	73.3099
305269	73.1734
293551	73.0998
85273	72.9832
25467	72.6109
313242	72.1470856631395
306630	72.1054
313539	70.867
362246	70.2031
65051	68.9169138046
65051	68.9169138046
64470	68.1051
291952	68.0695
298792	66.5893
246074	66.5630276758671
296925	66.4068
100310874	65.9883129276
29458	65.9121
293017	65.9106
24224	65.6454
305171	65.4522784984
25205	65.2465
246266	64.8714
296789	64.7585
303396	64.6952930882
58815	64.1311
309678	63.6793870084
313121	61.8327
313241	61.2116
299138	60.9164
298894	60.8448
310392	60.805305795
25744	60.7189
313588	60.0064772176
499933	59.9504
310909	59.8804
140592	59.8788
310261	59.7810697084
292325	59.2665
64631	58.9733
362263	57.8172
192270	57.0762
25368	56.8049
64033	56.2305
84550	56.0318
315891	56.0132
309888	55.6639832826544
295953	55.6053
24831	55.556175235547
24831	55.556175235547
305035	54.984696454
361990	54.7759
29149	53.8327
685465	53.783
298184	53.6978
289469	53.6898
365245	53.6808
114217	53.2181
25674	53.0717
314941	52.9153
100362554	52.8226
293561	52.8102142278
500988	52.4906
298874	52.469
361271	52.3939
310538	51.884320206
290409	51.88
499505	51.3202
309586	51.2236
310667	51.2168
680537	50.8397
293890	50.5318
100360501	50.0
100360501	50.0
100360501	50.0
