113976	98.63340906208
297176	96.1241
312372	95.92199829432
299691	95.7350709283
89786	94.56645822574
306081	94.5553041666
367714	93.9085718207457
302697	93.577821732964
94189	93.1572319678313
291874	93.14072
295678	92.8318
312132	92.81428
117538	91.7153842950914
300120	91.3050916768
363091	91.21139
294018	90.57213
291019	90.3839
309514	89.2389150770945
307428	89.050283118
299799	88.8568
361103	88.5362606764
308390	88.242711512
362675	87.582
317396	87.0658013446
116655	86.2621
54238	86.2261
89814	85.8163
29628	85.6946
29628	85.6946
685284	85.5053
257648	85.4364804403728
500651	85.4232
89843	85.416026368
291352	84.8942238064
64547	84.7864
289883	84.6025
288353	84.5231
25427	84.4956
306582	84.4844
308796	84.398
292464	84.3467
502603	83.9577367012
310838	83.9408
117049	83.9106664466688
361668	83.8077
25694	83.7727172956444
81656	83.7651263559681
59107	83.7248
317494	83.4454
310614	83.2822098328
299957	83.059
309400	82.8681189304533
294734	82.6004
306672	82.5744
289997	82.024
58823	81.9262
310677	81.8107923955
298410	81.7852
361554	80.5490074075
60447	80.5232261595926
60447	80.5232261595926
116655	80.1891
498301	80.1849892187
362317	80.0476
293067	79.9920375423
314964	79.8659
360869	79.6487
360820	79.6094
301345	79.5787
81506	79.5041
365601	78.2377
366432	78.2277
361677	77.9592
24930	77.9245
81808	77.8147
311909	77.5009
306487	77.4226065325173
299905	77.3002
294019	77.1498
300860	76.978390654
170751	76.6029
307724	76.5254
304017	76.2638
60373	76.2451
683667	76.2338
298894	76.0894
315953	76.0318
302495	75.2483
305310	75.0725
360775	75.06
313876	75.0171619891
289950	74.99
58853	74.7855
316231	74.6033
293112	74.2974643349625
306091	74.0929104041
309639	73.9792
299818	73.8153950938
24653	73.7295
313061	73.5339
291259	73.5033273668
291259	73.5033273668
291259	73.5033273668
291259	73.5033273668
303439	73.4746315654
310363	73.1907
54300	73.0942
29146	73.0741717935
360920	72.997
303518	72.783
259241	72.5773
25578	72.563
313494	72.4853
297093	72.3705218866
291787	72.2189
81712	72.164
114590	71.8532
65248	71.7878938432579
301518	71.5808
310207	71.5664168393152
309126	71.2726006312
307540	71.2673479219
299236	71.1177
305826	71.0334
310352	71.01691972
89804	70.9893
310753	70.8848
307526	70.8802
24782	70.87221408
500116	70.8402
362037	70.6805
306809	70.489888768
306252	70.3135
25550	70.1551
298867	70.1305406848
29216	69.9341
25665	69.8494
25665	69.8494
311118	69.809
494343	69.6941
298874	69.2243392244
306695	69.0204263479
84486	68.955556834
292999	68.9438
309922	68.5670788936
311423	68.2741
399489	68.2699
288665	68.179
25634	68.108
29431	68.0987877361
688502	68.0973
25439	67.9010542057
81531	67.8133
365755	67.3607832155596
25491	67.1461
25491	67.1461
29631	67.1084
79120	66.7709933420813
292739	66.6792
245922	66.5375
306630	66.5140965370662
361319	66.5055
295588	66.3584
64666	66.0642
304539	66.0524
25701	65.8746872995
363118	65.732692139
307178	65.6113
311450	65.567027629
84586	65.0059491681117
303090	64.9983
313776	64.9574
313067	64.8624
314221	64.5539502922
94168	64.5202
266803	64.3518
304881	64.3063926891
307474	64.2342
307745	63.9106
286970	63.8642
25402	63.8235
293186	63.4597
59318	63.2956
360726	63.1842819588
314800	63.1721
29591	63.1342341220473
297902	63.0264
64440	62.7319018285
83824	62.6996728944
305685	62.524425268
305391	62.4976
304832	62.473
364208	62.4098
25654	62.3334907412
690528	62.3244
304055	62.2796
59102	62.0794
64624	61.8711
293897	61.7653866932
363985	61.5973
689954	61.4813308964
257646	61.3771
302507	61.118
117020	61.031358629
294410	60.488
303350	60.4308
29739	60.4233
288118	60.1636
301563	60.142
301563	60.142
301563	60.142
312705	60.0985
83497	59.9812919943394
80850	59.8479
80850	59.8479
317218	59.7139
314436	59.7000198841
316482	59.6083
308632	59.566943161
171115	59.5615
689931	59.2852431915
297814	59.1925581616
312903	59.1731880658
25445	59.0169500076
296762	58.788
83629	58.7141
207122	58.5396
192350	58.528294368
303953	58.4898
362911	58.3626669572
313242	58.3202626411
363169	58.0351
308322	57.8737
297514	57.6953
81830	57.508
362521	57.5013473830322
295401	57.4418
64015	57.4407
299811	57.4278946727558
685579	57.2754
291699	57.2567
361400	57.1821454264
25478	57.0701
25351	57.0406
360564	56.9892
294456	56.9373606096
291293	56.8706
432358	56.861259404
246116	56.726
100362555	56.6192
100362555	56.6192
296787	56.0342
313128	55.9979
362978	55.8787
295645	55.7816
84427	55.6282
83624	55.602309434
363854	55.4818
293049	55.4319
171131	55.4027
689779	55.381
78963	55.3794515368
306809	55.208389546
414065	55.1871
315272	54.99557688
83806	54.8147
316005	54.7804
289508	54.5336
300129	54.078180661
302369	54.0702951121674
309009	53.9524
289727	53.7605
613226	53.6412629956
65189	53.4555087886
310250	53.409066952
499380	53.3058
58942	53.2752
171146	52.7594
312678	52.6843694943274
94188	52.6446
312030	52.5919
307271	52.5151
114859	52.5006
308134	52.4323772872
365895	52.2821
295446	52.1125404336
295607	52.0998
679890	52.0075166064
303132	51.9292642668626
298705	51.8501
50622	51.8307513790656
291670	51.6942
291388	51.6684
124461	51.5642
287009	51.486
361866	51.3253
310806	51.2443581751
312952	51.2325830198
315870	51.2325
314480	51.2176
288774	51.1986347255
116723	51.0868101375
294862	51.0456
29573	51.0037
65180	50.962
360650	50.8974
361171	50.8676
360946	50.7702067178
246776	50.7623
316136	50.5392
368070	50.1538830486
311349	50.0
84350	50.0
64358	50.0
287212	50.0
306862	50.0
171058	50.0
