302248	97.73597
298441	95.57501
288665	94.25296
311726	93.66351
311224	92.41206
308212	91.8089242386
606294	91.43156
360917	91.2102915329
303824	90.35184
303824	90.35184
365371	90.22964
305035	87.9
191572	87.8681
287382	87.023
83765	86.4658
302290	86.1891
361627	84.702240865
315434	84.5384
304799	84.3176871081315
300173	84.161
360886	84.0945
295293	83.3747
294281	83.0216
294281	83.0216
54248	82.6093
309871	82.3093684895
304791	81.8291
266805	81.4194921296
301442	80.5456
312863	80.1623
266685	80.1417
316580	79.7776
313774	79.4477
296467	79.4253
24245	78.973
24245	78.973
24245	78.973
311332	78.7665
297554	78.4496461655
293489	78.3984237744
54287	77.5047218669
362733	77.284
362733	77.284
293701	76.4848
81778	76.479
24398	76.3181
80850	76.0675
80850	76.0675
29610	75.7216596676
25482	75.633776196
361070	75.445700338
117514	75.2539515280396
290668	74.816724935
303604	73.737
304361	73.2396
288783	72.9416
497974	72.8623948552
363544	72.852
293526	72.5504
282634	71.7605717116
308509	71.6377
58949	71.618
57027	71.616
25248	71.107835735
81718	70.9936
299928	70.8128191
304900	70.2861830045
304091	70.0289
81504	69.6783
24672	69.6597
85260	69.398140998
117087	69.3906
140914	69.1444
362342	69.0435040386281
64047	68.9721
310097	67.6831
64032	66.9853
360834	66.8627
24323	66.8117
304127	65.8283
306110	65.6689
304809	65.5474
64509	65.3352
245983	64.7373
25736	64.7064
116506	63.8068
116506	63.8068
303493	63.6167
303493	63.6167
29650	63.1454
50549	62.8857
295490	62.7046
291078	62.2992
310392	62.1862868094828
315033	62.1671
311336	62.0605
64458	61.9812
316632	61.6352
691278	61.48299692
295690	61.2938
497770	60.8582241204
299940	60.7483
25743	60.5456034495456
689890	60.41565
685384	60.2707
25567	60.0689087564
85267	59.9851767908
313845	59.3165
362483	59.254
83614	58.9717
296137	58.3987
497954	58.1459203301005
316794	57.9195
678759	57.8921
29335	57.642728316
360551	57.4087
29335	57.3649028506
314855	56.8112822964905
498910	56.3658
64846	56.2386
298514	56.1809
317470	55.6493
303306	55.2533
293645	55.1584
304071	55.1067
499964	55.1058
25315	54.9079
25315	54.9079
294559	54.7972
54355	54.6601533843
79237	54.5537
114634	54.4695
679713	54.3425
117271	53.6972
682902	53.5999
81918	53.2433
171112	53.1834
287276	52.7342
301348	52.5262
363243	52.496095657
313409	52.4525
24521	52.2795
24521	52.2795
24521	52.2795
24521	52.2795
24521	52.2795
29138	52.009898599
304592	51.9315
362787	51.9021
309457	51.8809
315689	51.6265371648
25589	51.4086
307124	51.0564983585478
363143	50.694
315218	50.5705
498012	50.0377565224
316395	50.0
362463	50.0
304581	50.0
362827	50.0
