24239	98.6353362853
171304	98.253608237428
314930	98.0295494229765
140939	96.615611912
360993	96.4033834039196
65033	96.3888920413512
25654	95.4409951232
314721	94.901020064277
300756	94.5196838681857
302935	94.37846374575
313481	94.2912541225
84597	94.25033
499947	94.2300413460775
25493	94.0486676803
317343	93.9368093944
361712	93.853533779
64527	93.82971
501550	93.54065
360468	92.8652
78963	92.62779488115
302396	92.62283079048
306197	92.49046
364081	91.7681329891195
56064	91.55306
306492	91.46383
171329	91.0613
170843	91.00861
680149	90.80265
25533	90.80043
155268	90.72932
307579	90.6989515444
641521	90.53203
291314	90.4348082442
353256	89.9308
361070	89.846
313128	89.7821492884
25094	88.9041312365205
308937	88.6088
306404	88.4847
314157	88.3834
290549	88.3827
290783	88.2858
25031	88.2721
295692	87.7439008538
303251	87.5664
266705	87.2332
288092	87.1543
27080	87.1519
114845	87.11609008
116600	86.865
298555	86.8188
80338	86.7378
365395	86.6356
289521	86.5169
302975	86.1124
683630	85.9332345198
291540	85.4612745446
266808	84.5584051929
29642	84.4848138220747
292843	84.4081
298874	84.2369494598053
313729	84.179
306814	84.0862
291328	83.6837
287615	83.6162321623
83526	83.6156401288
64528	83.6088
59317	83.5632
309419	83.4216
286988	83.3652527231
362665	83.2584674148644
54237	83.1026
307721	83.008
306817	82.5873896954
304495	82.5513053605387
25584	82.51338057
307667	82.2352288352
24414	81.8965564265
25336	81.8047425838907
310999	81.7213
315034	81.7029
360917	81.4828205625076
60391	81.3722
288289	81.3027
94196	81.1075211975
309478	80.977249953441
192183	80.847032455
297784	80.8381
679906	80.7404
360726	80.6960607193537
292199	80.6266849936
307820	80.5981675657752
29463	80.341
114517	80.2399983522
689890	80.0622914119326
687008	79.8997
305468	79.6938
79249	79.3379
360990	79.1788
311336	79.0947
499431	78.9709782808
81679	78.7707
310659	78.7213
245926	78.6396
288654	78.6229
24413	78.4171
50690	78.4021
298859	77.974937314
301374	77.967519901
314228	77.7693
308944	77.6904
291352	77.6073891088
306687	77.2847
302495	77.104831557
365468	76.9146
25454	76.7705
312372	76.6674
117049	76.6097
309532	76.4603
24482	76.2689
24482	76.2689
309129	76.2236485402
499508	76.1605
24482	76.1183
24482	76.1183
361041	76.0589
100362347	76.0578334626
58850	75.928
299714	75.9219
360681	75.6662177939
307724	75.0274422429
252920	74.8982449375187
29562	74.7376
307271	74.4597
294708	74.4387
84410	74.2815
64566	74.2582710208508
363153	74.248325448
24255	74.0855
297508	74.0661
25544	73.9769398047794
83425	73.962
308113	73.9325826684
297486	73.9074623402715
360869	73.8838
362279	73.5755
171121	73.5629
29157	73.3935
304063	73.3734444828
292148	73.314
85384	72.7197
314850	72.7128338401315
304960	72.7012
24414	72.3260381878
29358	72.309
313061	72.2287
25614	72.1496
293184	72.1444
499966	71.9741518509401
313323	71.9512
500116	71.7561635824
310552	71.749
117268	71.7288
309053	71.7269
309812	71.52638824
303831	71.3109
298184	70.9768
117036	70.9718
361585	70.9213261415686
192154	70.89500282
688777	70.8302384383
25149	70.828
291044	70.8154
303016	70.784798348
293046	70.5032
140586	70.4202
293060	70.369065688
25690	69.9765
25690	69.9765
360833	69.8877
299002	69.8470425189011
309081	69.8209852075
25690	69.7421
364786	69.7288
313242	69.6949732414554
313554	69.6092490798
84010	69.6035
307855	69.551
84482	69.5174
170933	69.5017
289144	69.3186
311171	69.2724439678206
24225	69.0589
24225	69.0589
24225	69.0589
24225	69.0589
24225	69.0589
24225	69.0589
24225	69.0589
24225	69.0589
24225	69.0589
24225	69.0589
304850	68.8647
315259	68.77405
299691	68.6944
309135	68.6437
60430	68.6284
140941	68.5693
304758	68.4985922232842
25248	68.2657
493810	68.2435414438
24904	68.2267
310791	68.1665
311456	68.07
309630	67.2064
304763	67.1009
289350	66.9199
25565	66.853
317444	66.76
500715	66.61
304109	66.5728
362918	66.4697
58923	66.4589
303602	66.3739435640804
24356	66.3718375975
299811	66.3121691265866
307740	66.2169
308845	66.1835
25270	66.0844
140666	65.9486719415
171086	65.90289084
297942	65.897164219
170842	65.5644
313125	65.2549
29657	65.2028
364712	65.1995
687105	65.0434
361944	64.9977
361944	64.9977
300772	64.9505
311968	64.7873
64033	64.7604
297797	64.7387
316482	64.6432329194
308669	64.5653
290905	64.501
365865	64.3401
316415	64.2872
362697	64.2571
294250	64.1924
286759	63.7153
368042	63.7092265266562
100362678	63.4137
315608	63.4093
307016	63.3753097115794
81732	63.3564
311332	63.3189
305367	63.3043621765
114494	63.2331
24392	63.1946
83788	63.1808
83788	63.1808
83788	63.1808
25716	63.1315
362356	63.074
94267	63.0645593344
313954	63.0608
304218	63.0383
304218	63.0383
303281	62.8389
83515	62.7544
296467	62.7373
363131	62.7091
362152	62.6316621041
680712	62.6245
117284	62.5991
307766	62.5846393076124
361825	62.5427
308663	62.5311809736
500219	62.4522
307500	62.253441631
29573	62.2375
304799	62.1727844176
316023	62.0989
306941	62.0979
361057	62.0328471998
301575	62.0046
304832	61.9746
311098	61.7680232062
361745	61.7498
117544	61.7088408688
298441	61.5873
361920	61.575471504
313438	61.4921
25261	61.4869
314859	61.4286
313838	61.4103
362533	61.4055
25675	61.3816416752
681178	61.2321
29335	61.1654
29335	61.0534
306548	60.9755
303206	60.8978
292721	60.8747
25569	60.8582
83572	60.8581867372
303132	60.7722653503042
304074	60.6726
116682	60.6223
361442	60.6188
311384	60.3433
58857	60.1503
282825	60.1336
114637	60.1164
79434	60.0708
303803	59.9724936434
294019	59.8097424029
24398	59.7188179
299180	59.6588
310753	59.6275
100361133	59.627
50552	59.4382
25480	59.4028
170567	59.146
116644	59.0063
291100	58.8934750775
114024	58.8213
303554	58.8013
315804	58.7642
305935	58.7359
289990	58.715923408
84411	58.6375
311591	58.58
310506	58.5174467001722
298757	58.5029
29721	58.0422
316611	57.9712
294962	57.8802
300266	57.7947
679693	57.6916
24922	57.5953
314713	57.5903
308215	57.5155
362978	57.4794
305428	57.4284
116740	57.4268
24416	57.3342
309008	57.223
100360100	56.9733
303403	56.9527
365755	56.9287
117140	56.883
298894	56.8823200852
64469	56.7893859508
288308	56.7548
24379	56.7427
116490	56.7189
117255	56.6914
114906	56.6362
307395	56.6001
79242	56.5372
499020	56.266
499020	56.266
296501	56.1172
313620	55.9302
64016	55.8956
29146	55.8223290087
363016	55.7967
317580	55.5174
498256	55.4603196755547
361285	55.3895
287598	55.3555846688
293112	55.247760321
60447	55.1513042376
60447	55.1513042376
85267	55.0498472866
64521	55.0074582944014
170845	54.9925
406164	54.9092
171093	54.8537
83425	54.6673
365963	54.6354
290467	54.4205
304547	54.3964
360980	54.3851
305571	54.3605803392
312159	54.3604705484
302864	54.327
308097	54.1800413446
266735	54.1271
266735	54.1271
266735	54.1271
303396	53.943358958444
499330	53.8455166435
295620	53.7543
301285	53.5911850106
501157	53.4831744034
316064	53.3843165584
29279	53.2910155079
361783	53.2492811026
83709	53.2346
85424	53.2344
299810	52.6993
117016	52.4195
306571	52.3109
291403	52.1939
252889	52.0677547899757
291259	52.0056665898
291259	52.0056665898
291259	52.0056665898
291259	52.0056665898
313874	51.9059
192248	51.787379696
311311	51.7804
171046	51.6816
171046	51.6816
287585	51.5326
297783	51.4711
170927	51.4593
680445	51.4375799564
498959	51.4058
303336	51.3498
303336	51.3498
680014	51.2731
100362805	51.2708
83824	51.2570971082
313418	51.2350435345
497961	51.1492
309035	51.0696
498328	51.0165
360230	50.9437969584
303351	50.8861
24718	50.8418
24667	50.7906
83497	50.6700782424
296925	50.6478
79256	50.6063
79256	50.6063
79256	50.6063
79256	50.6063
299608	50.5878
50622	50.561
361601	50.5453
613226	50.2241469922
300813	50.06479812
314205	50.0
315497	50.0
287703	50.0
307070	50.0
24831	50.0
314401	50.0
24831	50.0
259275	50.0
