294993	99.0389650698168
312927	98.4309599567144
287129	96.69883
306404	96.65356542064
58976	96.3658
116658	96.2186806552256
310463	94.89572
690516	94.87514
313115	94.63138
63995	94.5164
300679	94.3407941241191
116647	93.90855
301634	92.40219
310946	92.29026
306809	91.66762
303188	91.43215
64088	90.71465
314157	90.6989917693
619558	89.9755778832
295645	89.966
316412	88.8098
299799	88.2575584234
311901	87.8815
367252	87.8140061186
367252	87.8140061186
171120	87.5946
498704	87.4344
305586	87.4244
312828	87.19057288
286973	87.0826358202114
307820	86.6034801552726
294380	86.5567793721573
301345	85.839
29331	85.4013842152
287927	85.3930658176
140946	83.748154978
291023	83.7242
361585	82.9816
302473	82.7310296446
295217	82.702
295217	82.702
360962	82.4063
24268	82.2159675832
313834	82.1868315480357
58815	81.9231
306817	81.6371
64032	81.2105555465
306809	79.7402
289668	79.4605
298943	79.3757
58853	79.1421
294395	78.4508
25026	77.9861
362519	77.5101930526
315957	77.0006
81531	76.9673
361920	76.8597847155
678769	76.4108131396
310288	75.6567
685472	75.6486391087
84586	75.5674
54248	75.5265
298890	75.4986172344
498241	75.2802
299138	75.2092295340339
501145	75.096
64531	75.0143
306860	75.0121
317163	74.9960676512
497961	74.7727
500037	74.3208183694107
317170	74.148
25342	73.9382
24416	73.9235
29295	73.7557
310392	73.7373520537768
307745	73.578722794
293524	73.5509
79252	73.4998
291314	73.433846195
691209	72.969719338
84598	72.8726
316400	72.7767
83472	72.4931
24660	72.3915
25690	72.2448567842
25690	72.2448567842
25690	72.0041583658
363735	71.66831454
116744	71.6595
360983	70.7142061102441
29138	70.657
303614	70.4336
361944	70.1406
361944	70.1406
308106	69.7457
362900	69.4673563923
25248	69.2851
679869	68.929
81740	68.4508
294103	68.3783191534451
310900	68.2988
288150	68.2274
361679	68.1896
498130	68.0796
291597	67.7791
361649	67.7454
100529260	67.6597
89784	67.3593803155
24398	67.2762116739053
64018	66.7077
307641	66.6867
25094	66.4278434014865
64624	66.2734
500086	66.1028351866
306137	65.9001
313874	65.3512
299928	64.4338
50552	64.3499
60577	64.2412909083
29486	64.2001
308000	64.1088
310250	64.007
294806	63.917533936
690244	63.4469615008
84550	63.1998
288108	62.6716823879685
81643	62.4803
313620	62.364
25202	62.3323
362749	62.31285079
315879	62.0334
304786	62.0319
311617	61.8073
312563	61.386516256
84600	61.35555
309126	61.2206250958
246279	60.8219
246279	60.8219
315405	60.7237
171160	60.5854
261738	60.5179
689995	60.1956
315962	60.1708
300886	60.1594140022292
361178	60.0669
59265	60.025
295461	59.8954
79208	59.7407417188
81518	59.5167
306110	59.289
83572	59.276
313348	59.0809679461
293144	58.9241
58961	58.8542
282587	58.8183
295382	58.5366556388
171576	58.4269
289350	58.3743
313873	58.3438
100360100	58.2575
304495	58.1882
117033	58.0019
117520	57.9557
117520	57.9557
117520	57.9557
303903	57.9071036131772
311182	57.4516
304833	57.3703
311872	57.2674945172
114839	57.058417225
306790	56.9444
313156	56.5397
304758	56.2134
100310874	56.1311859904364
306451	55.7872
294753	55.6364863594
298584	55.5437
298859	55.1348
308807	55.074780454
29734	54.9348
83569	54.8094
305544	54.393
317407	54.3704
360854	54.1362
288308	53.8495
64521	53.7106805303
84394	53.219690754
300173	52.8664339432
81676	52.8459
306764	52.2559645378
294753	52.168787794
24923	52.0236
296153	51.711
309029	51.5474
25613	51.4077
291130	51.3162791818716
361832	51.0199
25385	50.8249
89814	50.6564343256
64047	50.5863579582078
305479	50.5515
290317	50.3578315968
502603	50.1743683882
83683	50.0
170902	50.0
305826	50.0
362142	50.0
