362515	97.8031745581851
289392	95.6442146342646
360855	94.9348154499406
291691	94.93479
171361	94.49172
50658	93.7134149496
50658	93.7134149496
50658	93.506598424
501088	93.28688
360600	91.90508
289546	91.75734
288109	90.9423616336
81022	90.78832
361096	89.5934
294515	89.0283
85497	88.4559
295686	87.5534868275
361833	87.295
25255	84.4236
295649	83.9748
81918	82.8648
313427	82.6321
83425	82.4467
83425	82.4467
360726	82.3383
304294	81.9721
24500	81.9022
313231	81.8984036692
293024	81.74675
293693	81.2451401450013
58840	81.0995797486
83526	81.0964
29344	80.2032
25648	79.8422253118126
303016	79.8273936128
29705	79.7181
311338	79.3107
313825	78.9898348771763
362666	78.5101
313121	78.2988988463
362065	78.1343
286939	78.1281858156
50585	77.7946
315689	77.6736747934
307644	77.398
679921	76.9167
65156	76.4594
171018	76.0522547566
81743	76.0493435115897
311607	75.8886
54230	75.6539
300474	75.5701619986
246771	75.532189116
311450	74.8218
24161	74.7054
116690	74.5965553935427
116690	74.5965553935427
116690	74.5965553935427
116690	74.5965553935427
315435	74.266
315435	74.266
296988	74.206
29218	74.1959
362817	74.1022323943
308409	74.0731211839
315435	73.9488
306998	73.5183
306998	73.5183
288920	73.4718
83825	73.4512026284
316328	73.0962771240858
296603	72.9456
287473	72.7189
298652	72.5659
363228	72.4439
360896	72.3157
498301	72.0469
498272	72.0146
364382	71.8658605504
25194	71.4153
499745	71.2759
54278	71.0002
313668	70.9915
302920	70.8233
292016	70.6927
301255	70.6293
25338	70.2729
498003	70.1156641945644
24790	69.7670254953087
85430	69.6518
24161	69.4293
679869	69.3784
293186	69.3346771108
295922	69.130050368
363684	68.9949013186
295922	68.920499211
305935	68.3219
304407	68.3059
54300	68.0521
364712	68.0392627086579
287721	67.941829405
171018	67.6272108652
171018	67.6272108652
497979	67.2342
54289	67.15
364706	67.1023466707
306571	67.0779403974
116500	66.8853632431
170751	66.6992
307820	66.58843461
302680	66.5719
498232	66.3819
25183	66.2804
360466	66.0497328784
246263	65.8772829073918
500988	65.8329
307474	65.7984
83515	65.5692
362788	65.4721
25486	65.4635
25486	65.4635
25486	65.4635
63885	65.2852
498112	65.156619946
29362	64.790635581624
24882	64.7373
291441	64.4593
308362	64.3576
309871	64.33610065
502901	64.107387196
24400	64.0299205162
25112	63.7964
100360334	63.6845
29733	63.6607
100360582	63.4594
362871	63.3597607996001
24161	63.3592
308028	63.3546127756
24161	63.3372
81717	63.028
50558	63.0094853613
25546	62.7734
24772	62.6834445931
303836	62.4677
360492	62.1357
117023	61.9826
29447	61.7087
289342	61.6758
60627	61.6747
305268	61.5038230422683
301229	61.3869
307382	61.3242221194
305253	61.3003
313554	61.2135
24654	61.1351
58821	61.0584
303277	60.6932529022
29682	60.6083
298400	60.4867
310306	60.3722
65195	60.231
65195	59.865
65195	59.865
60334	59.7505
24827	59.6492
304539	59.3792028805
25291	59.3697
170667	59.1245
81743	59.0192803817815
81743	59.0192803817815
29546	58.9339
362275	58.8496
314785	58.811
315033	58.4464833481
315478	58.0687367229941
313861	58.0358
65051	57.627
65051	57.627
300173	57.5249464502413
362530	56.9934
303399	56.9913146012
293344	56.9166
303669	56.7774
288617	56.7082
307067	56.6261
192178	56.5975600679637
313594	56.5853419
84352	56.539
295327	56.3939
309478	56.3445
313594	56.3175138884
309135	56.284
305792	56.0573
312248	55.8032100216
314894	55.6246326130685
311783	55.6113811358516
24941	55.5984
171497	55.3383
295061	55.2201028807537
25155	55.160903409
362418	55.0759
361550	55.0027
363545	54.9862148158
64042	54.9633287854
116728	54.909724096
307248	54.8772
313974	54.753615702482
81678	54.524617854
295293	54.4539062992
300652	54.4478964763808
140860	54.3945162884483
298992	54.3716
362787	54.2446
290206	54.162
293688	54.1526
171044	54.1250601747403
311622	54.0619444816269
687147	54.0555330170311
687147	54.0555330170311
316101	53.8998
298867	53.7620719653085
83576	53.5552433621767
312077	53.5203
257646	53.4333
298653	53.110182854
690195	53.1004
117087	53.078
315711	53.0747
316211	53.014012674
294696	52.9147
361055	52.7303
287249	52.6959
315804	52.52294502
309456	52.4749940968776
309456	52.4749940968776
287622	52.3509
293128	52.0756
288105	51.9580019902113
24954	51.9177
303350	51.8844831731
79252	51.8197
366274	51.777664593
303272	51.5021
302678	51.3547
94188	51.2912
295965	51.2855982288
315904	50.9619
305544	50.9499
363412	50.8843914969697
304947	50.8065
56817	50.7937128896
56817	50.7937128896
56817	50.7937128896
361700	50.6609
314221	50.451226288
58919	50.3200586598303
296284	50.0
305675	50.0
116723	50.0
311414	50.0
29692	50.0
310785	50.0
100158232	50.0
295217	50.0
311508	50.0
286896	50.0
295217	50.0
365865	50.0
81738	50.0
305675	50.0
314164	50.0
303673	50.0
