314205	99.17494475113
100362347	99.1623727699218
366214	98.03424795654
306571	97.5709730106966
29546	97.5061416767614
316482	97.3805098473657
117087	97.05308
361585	96.15079
295401	96.0538927408899
116744	95.9700069113063
309871	95.9653676873581
25133	95.48593
310261	95.3332158910999
54284	95.17672
54284	95.16733
292172	94.97132
291000	94.61888
361308	94.4652358564
309888	93.8417490800798
502020	93.61845
362279	93.36668
361178	93.2010104746
171057	92.78454
307986	92.72656
295161	92.11723
59312	92.11014
316021	91.73883
298182	91.54219
314993	91.4515439468
113960	91.44533
362687	91.2889
317576	90.82923
54251	90.6282679919
81667	90.4331
24827	90.3703747464
313242	90.310269572
297388	90.21063
29516	90.13281
289400	90.05182
58840	89.9871990634
315798	89.9673
288762	89.9368
300077	89.8983
83467	89.8404
64566	89.7264
81652	89.6498205529264
499431	89.2241
288057	89.1431514325
311919	89.1133774565
315891	88.8791368377175
360725	88.818
303399	88.797977014
57301	88.534
295446	88.2443
306104	87.9814
288154	87.7706
114495	87.6506
366448	87.3919
290280	87.350554319051
310375	87.058402723
364224	87.0472381092725
297554	86.4123904837141
291750	86.2875160382
29650	86.1667
311952	85.7613
311952	85.7613
307540	85.3360030312
287622	85.2948
306562	85.1045560408
313352	84.9599
29487	84.8278
81002	84.7275
296302	84.6843
288108	84.57938812
81737	84.5294
81737	84.5294
81737	84.5294
81737	84.5294
29331	84.2793
291709	84.0042
100360100	83.9375032324377
295619	83.7549
64013	83.7397
24166	83.7089
314949	83.6127
84550	83.3239
293061	83.0582
114122	82.9266
114122	82.9266
114122	82.9266
114122	82.9266
50555	82.8911322605923
308669	82.8316
289181	82.7953
296467	82.5818
170920	82.5296
50993	82.3130607749239
25565	82.2369410134
305203	82.1857749098
312398	81.8858787904
362485	81.782132521
300674	81.7438
366261	81.3960568
365668	81.3109
63852	81.2667167047
266759	81.1854
25112	81.1124
79435	81.0622
498355	80.9759
294380	80.8729
296474	80.8127
316013	80.7755
100912536	80.7089
24267	80.5795
360631	80.4965
29577	80.4087
60563	80.3936
311419	80.3542
293967	80.3413020149206
361632	80.2736075265408
298675	80.194594348
56759	80.1207
298992	79.667801582
680445	79.3572047665
24882	79.3336918763
287537	79.0266
58948	78.9166445964
316842	78.8579
171159	78.6012
116658	78.5155
304488	78.1959
299905	78.0343
114593	77.9297418066
94188	77.5788837926
64363	77.2473
309678	77.0716
361930	76.4721
84510	76.2726
303403	76.2417
84586	76.2050483664791
300886	76.031997126
311872	75.9495
315911	75.934779218
300857	75.8131
315883	75.7544
298652	75.7114
59107	75.6735
303311	75.67319127
81808	75.6328
300284	75.5795886736
497967	75.4955
307766	75.0952557125
64313	74.8617354600021
499322	74.476
305171	74.4742
296956	74.4650582404
24877	74.2714023166
83834	74.2632
287585	74.1499
192210	74.0373
361679	73.611
689931	73.5839
307271	73.227568844454
192211	73.2181
259241	73.060127378
114500	72.693
501563	72.3603729974086
298771	72.3083
117255	72.2273
25654	71.8277
192361	71.5990233034
300236	71.5365
54225	71.532
315804	71.4334808647
29358	71.2589366716
309666	71.23045
116562	71.2085
116663	70.8673
140666	70.82
502970	70.7859060386404
312495	70.7398
311909	70.6465
246116	70.2251160339955
117551	70.2149
499328	70.1465
83681	70.1153
300266	69.7833
314941	69.6829696937265
432358	69.6165
498486	69.5623
498486	69.5623
312381	69.5535
25254	69.5346194908
679640	69.1674
316005	69.0686359104
29721	68.985460136
304690	68.2626
306281	68.156448654
63866	68.0251
493810	67.9408
307474	67.7816
207122	67.7135
361391	66.988
306451	66.9706
289881	66.8551003525
300726	66.5003
116600	66.3949650574
64088	66.347
289883	65.8925
313507	65.6208
309053	65.4729494826
306809	65.4373
295395	65.1662
500116	64.8365
315037	64.4344
259274	64.2609
59325	64.2212
294299	64.1412
29476	64.1038
295284	63.7306
170904	63.3986
314771	63.3815
298867	63.3107
299261	63.2788
24253	63.2238
24253	63.2238
24253	63.2238
58853	63.0225
308361	62.7493
362521	62.6407796132
307070	62.1323
116459	62.088129683772
296510	61.9800531994
306141	61.8013
192270	61.4269
155140	61.4052
366894	61.1686
24803	61.0019
290029	60.8846
286965	60.7862
24790	60.7125803689
293693	60.6035
304073	60.4847
363061	60.4772
303292	60.3642374336
310775	60.0942
64047	59.7569824434554
65205	59.726
292044	59.5952
63938	59.3087
117537	59.2808
116645	59.2786683449
300455	59.2207
29622	59.1673
304037	58.86040222
361014	58.8293
297783	58.7902
311842	58.7255
691431	58.6851
63836	58.586
83629	58.4122
246282	58.048795837
25665	57.9827
25665	57.9827
309407	57.9691404158
100233176	57.5756
25022	57.5643
25022	57.5643
25022	57.5643
25022	57.5643
25022	57.5643
25022	57.5643
316351	57.5482
295344	57.5467
306582	57.502
29480	57.4229
361338	57.3241
58970	57.2904
310745	57.2661225302
302369	57.256091742079
29365	57.2371
291047	56.9435
312855	56.9246
499653	56.8594
362185	56.83
171447	56.1632
313409	56.1021497031
100360880	56.0193
282582	55.924
306817	55.8981949864982
24640	55.828
24640	55.828
24640	55.828
286901	55.5829
116464	54.9671
246152	54.5189453758
24211	54.1874
102554884	54.0570798209
245925	54.0215
500048	53.856
292148	53.681
288482	53.314
170538	53.061
499947	53.0356
307401	52.6841
309031	52.5935
310207	52.5846636802
311903	52.4507
292816	52.4187
685472	52.3318783851576
314423	52.2224
314423	52.2224
303373	52.1201
315870	52.1083
360912	52.072
84587	52.0301
295686	51.6353
288308	51.2141
312777	51.1299
252916	51.0587
25714	50.9002
25360	50.6586
500036	50.0794540455302
315158	50.0
305502	50.0
306809	50.0
192229	50.0
