498999	98.9064166565595
78969	98.2822912974
309457	96.2040515484
60568	95.7873557558
25238	95.24212
25627	94.7549
294606	94.00873
294747	93.43417
25371	93.41901
303518	92.6552918812
360820	92.0864592607474
80897	91.30184
25639	91.12048
360962	90.47302
287275	90.0873
83588	90.06382
303342	89.8333
25065	89.3161470741
25065	89.3161470741
309621	88.3359
292584	88.1787
287925	87.9969
301309	87.8185
291618	87.7763
100910318	87.5948
100910318	87.5948
303602	87.2967462922
305941	87.1643
117241	86.9829
116554	86.8702143027
114024	85.9278
113882	85.8235
24887	85.0957
298787	85.0935
64527	84.7386
308796	84.1706
298374	84.0755
315496	83.9978914822
690163	83.9371
303068	83.5142
286758	83.5029
294230	82.7161
311903	82.6066
64373	82.5718477761
288150	82.4894
315439	81.0403
298867	80.7102
311137	80.4019
305031	80.3812323283
140932	80.0449
363084	79.9716
362835	79.4036433055116
315639	79.3171
680319	79.0624
25008	79.0395
365802	77.7989
298186	77.6177
287703	77.5532
316583	77.0561
314399	76.8978349504
117140	76.7587
288321	76.3763
303614	76.1356
303823	75.9976
499751	75.8064
310848	74.9493
316424	74.8473
288257	74.8058
114100	74.7892
498301	74.5069097728
291133	74.2735
266732	73.946
313033	73.5503
313594	73.4156377989671
493909	73.3023
304807	73.1563
310399	73.1174
25205	72.8253
313594	72.5497930417872
313861	72.4709
288353	72.3985689532
81675	72.2053
288504	72.1509
311902	72.1294500294
299356	71.6457957104
308875	71.2106
117541	71.1193
171064	71.0302199787
60460	70.8947
305419	70.7922
308899	70.777
308899	70.777
287474	70.4553
619374	70.4041
84575	69.7437
24174	69.3813263836
83471	69.3103
89868	69.2032
312754	68.8893
293060	68.8206
363634	68.6577
79224	68.3668
304786	67.8290923974555
84396	67.7837
360768	67.0457
289419	66.9922
306562	66.9378196579
298908	66.7231
494500	66.6963
494500	66.6963
494500	66.6963
310645	65.8729812705
500921	65.809
259241	65.748
24618	65.5829
304758	64.8563284762
308015	64.8393
314964	64.6756
313609	64.627
353231	64.3024
310745	63.8134
307148	63.7097
305479	63.6442
294030	63.5822
363122	63.0504
84354	62.9609
360868	62.8984
116676	62.8767
311622	62.6820313758
312563	62.6764
298579	62.6352
25711	62.4411
497757	62.23
299928	62.0114339215
291022	61.9899
305935	61.9742
114636	61.9241
54299	61.5937
59075	61.5856
303238	61.5021
690528	61.2238
314641	61.0950989692
314641	61.0950989692
116657	60.8399
54225	60.5434
64076	60.456750517
78963	60.1833
304474	60.1224735775
83518	59.9779
29144	59.8705
362809	59.5658
313874	59.3458
29277	59.0427
310152	59.0091
24943	58.8622
56227	58.8485
362791	58.8104
59303	58.7137049413765
365842	58.5506
302421	57.9897
305544	57.9269
315548	57.8787
291091	57.8041
84395	57.4914
305234	57.4228
304805	57.3121
25622	57.2011
25622	57.2011
257648	57.1771
363662	57.1238
309798	56.4712
24420	55.8594
308509	55.6423
293561	55.5819137176
287101	55.5442
310856	55.0848
286905	55.0828
362107	54.5228360197
315744	54.5081
361606	54.2703
311913	53.9099
54323	53.8768
360814	53.8762
25102	53.4559032426349
50566	53.281185013
310261	52.9599
300826	52.935
85382	52.5944021997636
303559	52.541
314157	52.5254182097
304813	52.0761304657507
60586	51.7359
294380	51.734
311856	51.4076
245956	51.3970591525
117101	51.286954501547
25407	51.1746
64040	51.1185
681913	50.8829
300173	50.826028143844
311349	50.0
103693419	50.0
