360993	99.5294212427144
252889	99.2071667440657
292127	96.79179
124461	94.2729264712
50554	93.38346
307348	91.77882060285
53372	91.02743
83467	90.75801
291709	89.4441
25571	89.244911782
58813	88.8528738098
307644	88.4881
89843	87.9013
113956	87.6605
306404	87.481532588
493574	87.1168940894
366205	87.0753
308016	86.8054
25690	86.4662
25690	86.4662
25690	86.3247
363278	86.289851482
306129	86.283950359
361666	86.1709
29218	86.1155285688
296179	84.7204
64536	84.4788
84487	84.124
500616	83.7634063881045
361844	82.5631
170927	82.5537
79462	82.5255
361688	82.4905246432
25617	82.4543
291075	81.7925
363103	81.632250324
361677	81.1049
360971	80.6538537519
83619	80.0847
114096	79.8112
304670	79.5552
362533	79.4982
363153	79.1683
303332	79.1229
309888	79.0398
308218	78.951
362094	78.3878
312678	78.2855
363194	77.7214
296762	77.5182
24503	77.0801
100125363	76.0522
310250	75.5340757095982
307503	75.1788
293454	75.1239
314751	75.0272257945
24392	75.0056026266
315532	74.8665
493909	74.470579531
289276	74.3542109768
313598	73.912860768
316663	73.52
360992	73.330757848
296284	73.099429516
289521	73.0554
171501	72.9619
116477	72.7883340081
116477	72.7883340081
116477	72.7883340081
117551	72.7137
295357	72.6266
79119	72.5465
361554	72.4213
308796	72.1724
83726	71.962
116647	71.5845
259218	71.4237
301076	71.3926924229157
688174	70.6936
89784	70.6085775424
315997	70.5851
360445	70.2733
117061	70.224
315036	70.0014
25565	69.6614
305685	69.6122
288108	69.4819
246311	69.2681
362279	68.9548
302396	67.8854937311626
50552	67.81225
25639	67.8091
365948	67.8088
362342	67.793
299138	67.7823679765
304055	67.5862941566
24400	66.4557
289777	66.357
24942	66.2158
362246	65.8994
501502	65.575
304091	65.3895
315639	65.3872
362495	65.3386
25675	64.877599454
25672	64.4507079976
64531	64.3462170260421
373545	64.2086
24787	64.1755
307820	63.8942997977111
688717	63.7613260588
294456	63.597911025
289353	63.2513
299201	61.8607
291553	61.6955
79208	61.5977944999659
65039	61.5578
287456	60.8098
361293	60.7703
84431	60.7543313
308173	60.7388
60660	60.5976
307067	60.521185141
302593	60.4985
300870	59.6671
361400	59.6497660233645
299204	59.5313
291736	59.518859865686
294380	59.5016
494445	59.4931
360621	59.4858
315798	59.467003876
306657	59.219254207
361921	59.0437
29726	58.8293
501145	58.8272
293060	58.7921
288182	58.3146700397756
81801	57.935
25603	57.838180872
266681	57.7027
25162	57.5938
24215	57.495
296136	57.4043
296136	57.4043
296136	57.4043
24693	57.3341148696
100910202	57.1554
363084	57.1342
316021	57.0420625168619
291713	56.9586
85489	56.9398
64202	56.8639
64443	56.6775
314321	56.4816
24577	56.0990474884
305031	55.9931
303396	55.6185
25561	55.6028
297173	55.5439
24307	55.4597
294601	55.4261
171442	55.34
306817	54.9851612
291604	54.9672
290409	54.9297
361030	54.81382316
309126	54.6769702925
304488	54.5876
294075	54.552
171552	54.4649
304833	54.1776
304157	54.1083
29144	54.0245
313477	53.9566139126
298144	53.9293
26295	53.8137
25411	53.4558
81657	53.4298
266766	53.1758
171072	53.0003728008549
300075	52.8016439172
297867	52.737
363126	52.6949
25643	52.4936
300649	52.3654
361838	52.1901
50664	52.1194
24895	52.107
117559	52.0406
64312	51.9037
64312	51.9037
114552	51.499
24398	51.4134
64631	51.3006
290921	51.0221
366697	50.6780802748
360703	50.6692
246116	50.4358233286697
294667	50.0
313495	50.0
360602	50.0
54264	50.0
360389	50.0
362404	50.0
301086	50.0
