317343	99.4637137181
314930	99.1244740459091
25281	97.6810319951979
29705	96.9424387544
362356	96.42965
308523	95.90218692848
290549	94.25944
294862	94.2418040324593
317580	93.64324
25639	93.05064
24225	92.63442
24225	92.63442
24225	92.63442
24225	92.63442
24225	92.63442
24225	92.63442
24225	92.63442
24225	92.63442
24225	92.63442
24225	92.63442
58954	92.1442012118
305586	91.94303
308845	91.89494
24176	91.61249
117140	91.36471
313729	91.21922
310782	91.00903
308126	90.76609
81679	90.76553
305497	90.69271
29146	90.61669
309812	90.44343
360980	90.3809514805
289276	90.25709
116690	90.21432
116690	90.21432
116690	90.21432
116690	90.21432
298686	90.16063
493810	89.7891
304791	89.4776
361831	88.8709716019
64513	88.8285134544
499947	88.7319
29629	88.5097
499653	88.1516
312927	88.1358
287436	87.9377
294667	87.9174
311384	87.4763
310843	87.4444
309207	86.6679
29456	86.5563388619
299949	86.4902
116490	86.4882
64460	86.4732
288906	86.4375
289606	86.3234
304218	85.3350239947281
304218	85.3350239947281
81668	84.6178
361866	84.6052
60391	84.5353
117036	84.3589
362011	84.041
307016	83.9921376834
362665	83.5079
300889	83.4228
288151	83.1228700912
25094	82.402
29254	82.3835
29554	82.346197827
282712	82.3156
245926	81.8525
306404	81.6717909154
314423	81.2442
314423	81.2442
361555	80.8958
78971	80.4941
66016	80.3133
303353	80.0281
310855	80.0018
50662	79.8609
287598	79.5968
305468	79.5755
291340	79.4355
24948	79.3151396696
192248	78.8868213675
170914	77.8389
81783	77.2033
290519	77.1178
361041	76.7115
303828	76.6865
364786	76.6759
303602	76.4107
290864	76.0309
290864	76.0309
313242	75.9269282649
29492	75.8755
29643	75.5444
299714	75.3929
295690	75.3919
301434	75.0486
290798	74.9762
25390	74.8801
362918	74.5563
301489	74.4412
366894	74.3644
124461	74.2317
24778	74.1912
363164	74.0229
140940	74.0125
100361818	73.9903
50993	73.1921
294429	71.7487081004
291540	71.6536
79208	71.4380778874959
282845	71.2636
81652	71.1904
315348	71.1613
290775	71.0025
361825	70.7458
361030	69.9630071146691
296380	69.9351
297486	69.9075
689399	69.4746
29573	69.3748
301374	69.0498872997081
310086	68.4829
311336	68.4804
25594	68.4175
297797	68.2891
494222	68.1739
295382	68.0217
680102	67.9167
170851	66.6951735483
360540	66.6631
100361574	66.5645
289175	65.9493
362972	65.3554
299828	65.1339
29232	64.933
24419	64.7586
681377	64.709
84360	64.6464
100361133	64.5845
308361	64.466520794521
308267	64.2529
306873	64.1249
289233	63.9286
310512	63.9235
303132	63.6647266405
298370	63.6089
140655	63.5628
245977	63.5158
54237	63.463
114024	63.4562
54244	63.4416
140666	63.372200216
83765	62.4294
25203	62.4077
24215	62.3019
360518	62.2932
25439	62.1966
291314	61.9187167618
78963	61.5237
316611	61.3541
306260	61.1681
25565	60.7393
59265	60.5752
302290	60.0557
100362121	59.7346
301252	59.2832
291133	59.2721451967
94196	59.0971
246769	58.6746
246769	58.5844
307724	58.5772531028
311532	58.3073
317274	58.2394
84397	58.1794
84476	58.1348
311726	58.1322019026
312372	57.7683192214
252889	57.7149681375089
317435	57.7055
24413	57.353252023
54251	57.2544
261730	57.238
83731	56.7122
114122	56.2747
114122	56.2747
114122	56.2747
114122	56.2747
315711	56.2008
366508	54.8207
309888	54.2029
288289	54.1675
297995	53.9705
360874	53.7586
192242	53.5760818879
691209	53.2928
308265	53.1798
114489	53.1286
686999	52.8162
313609	52.7803
299256	52.7034
500006	52.5021
304743	52.4009
298690	52.1701494
306203	52.0082
25270	51.9651
314246	51.7199
304091	51.5811
113983	51.309
84577	51.1895
66025	51.1503
291377	51.14571173
314824	51.002
362741	50.9423
83712	50.8084
94267	50.7159
292671	50.7056
361668	50.5034
266631	50.055233599
292267	50.0
365865	50.0
83824	50.0
58961	50.0
29144	50.0
58961	50.0
362110	50.0
303024	50.0
