364712	98.7195586948844
64045	94.86859
171018	93.947705964105
498416	93.1238739649
361261	93.12223
25486	92.98025
25486	92.98025
25486	92.98025
24954	92.5502261635
362871	89.524225223
289392	89.2964951905357
303272	89.0403
309004	88.9135
54282	88.8391334423
100912032	88.114
100912032	88.114
311508	87.4766
24875	87.0773622902
308028	86.8333525988
140860	86.6595809629456
361810	86.471660415
288105	85.9072469665393
306768	85.580551143
84352	84.5805
362817	83.7794613754
84012	83.7773
171018	82.6575312759797
171018	82.6575312759797
171044	82.5689394699
58919	82.0537199298
64470	81.8609
24778	81.3324
50658	80.132902164
50658	80.132902164
293820	79.8397
50658	79.669604047
305544	79.1688
24400	78.8885
54297	78.8651
310315	78.5742328592
298867	78.5252993032539
287441	78.39098122235
315760	78.165541666
286939	77.3532707172
362394	77.1916
246263	76.5607065063148
296461	76.5288669088
81022	76.2599
25139	76.1793
24943	75.9319050753751
365592	75.3671
360855	75.2816697404236
25528	74.585805590755
83576	74.3368165924487
171360	74.2386042778
114021	74.104
310399	73.4377952484
444986	72.9674847595
308267	72.6797
360389	72.6593
85497	72.6382
117522	71.863247172
84396	71.2797
360600	70.651772417
54264	70.5895341914
116690	70.5763191371124
116690	70.5763191371124
116690	70.5763191371124
116690	70.5763191371124
83825	70.5220389585105
171361	70.4483
363443	70.4082880676506
64531	70.1221579346668
171151	69.658
313974	69.4778452539823
192178	69.3822162440658
361293	68.911925059
301509	68.8906
313729	68.7689
311872	68.34911766
360466	67.9393227621179
361711	67.215
293693	67.0287515014
365755	66.921225635
282585	66.915368422
300649	66.8677940624
500616	66.4793
315219	66.4015
299617	66.3284
266773	65.9553
309591	65.7201
498003	65.4670529515864
361319	64.756
298675	64.6607
315478	64.419729721456
296731	64.402
309871	64.33610065
309380	64.2409
65261	64.2349
171547	63.5820998814
361030	63.371
293344	62.9929320736
317235	62.862
304208	62.7456
306451	62.4776
288358	62.4035
313427	62.0575
299928	61.9769
307126	61.8591
85489	61.5117
305268	61.5038230422683
79252	61.4845236391
171519	61.1449
116500	61.1251465473474
192179	60.6928
314647	60.5692143670464
501088	60.3693
303206	60.1255559840176
24283	59.9715
170899	59.8360952408692
293710	59.7582280929487
24827	59.6492
29511	59.6073968081633
295401	59.4842
307296	59.3663
116744	59.3578147082
306655	59.3074406010056
64033	59.161468002
287607	59.100435437
314264	59.0793
291691	59.0775
81743	58.9162322626205
29517	58.8134
29517	58.8134
29517	58.8134
25692	58.5224
310669	58.4498
84398	58.2705475885
288593	58.0519
85420	57.9485
89805	57.9426
296973	57.7656752106
25550	57.7219
291000	57.6799
362788	57.6633487067
60357	57.3856
60357	57.3856
81919	56.64978850528
84360	56.6195
25285	56.5491329175981
298452	56.54
25237	56.4913
295649	56.4415
295327	56.3939
300173	56.248912181404
66013	56.1365754928
63912	55.7643
24941	55.5984
25051	55.4541118218
100361647	55.25955
309377	55.237
315689	55.0669926703
171410	54.9964
362547	54.7337
305935	54.6372344070115
81743	54.5478548900293
81743	54.5478548900293
24807	54.4179425669808
298992	54.3716
289201	54.157745404
192228	54.1492
291541	54.0133
117023	53.8767987076
29584	53.8023
310395	53.6622
500989	53.5033796529
65198	53.4661
257646	53.4333
25331	53.3961
83469	53.3799
83615	53.239
317219	53.0812
362196	53.0481876992
361226	52.7931
291100	52.705302715
361712	52.5586
363016	52.5162
25613	52.4836
81678	52.4758031768
313742	52.406
301388	52.2921800075
364975	52.2593
313706	52.0194474172
365398	51.9016
303250	51.6765
303016	51.62311904
498650	51.56804214
498650	51.56804214
295965	51.2855982288
308415	51.185
680549	50.82424393
680549	50.82424393
307820	50.6946794986247
314785	50.6878
312248	50.4634791779
81739	50.2090398852494
81739	50.2090398852494
25362	50.1264741475
25362	50.1264741475
246314	50.120442928
311252	50.0
79558	50.0
365865	50.0
362258	50.0
