304055	98.7506067055
25196	96.0087725910392
363256	95.76806507424
117257	94.2940176289764
65096	94.1560098836
308390	92.4437687944
299762	92.34438
24323	91.71482
288057	90.57899
298867	90.1579344744795
25240	90.1334500525907
313969	90.0507321292416
293721	89.8299991513
312694	89.7902872384
311864	89.5318
306764	89.284317778
360855	88.5322132927
362264	88.2417
59319	88.0622158527
83681	88.0042876
499380	87.5180128919072
192117	87.3559
192117	87.3559
361700	87.3384635301
58959	87.0778277428
58959	87.0778277428
25528	86.7351
288498	86.7017
84398	86.6013029565
363115	85.9042
260323	85.5129901801831
260323	84.7284139505756
116690	84.5924272471657
116690	84.5924272471657
116690	84.5924272471657
116690	84.5924272471657
24674	84.3889
29392	83.6494
305972	83.638436545
289277	83.5502
84550	83.4332773178555
307396	82.6566
362629	82.5421
361504	82.3992
116482	81.3617
312728	81.1385818417
84356	81.0659
307251	80.8820362036
316101	80.6707359127
58812	80.2794751114246
78965	80.2410788528443
282843	80.1049
317376	79.9571
361751	79.1816
289217	79.0182
394266	78.813
311204	78.778121107
81817	78.7020777401855
305831	78.6862722674469
170840	78.4359
315341	78.3024705843433
373542	78.2917
308337	78.2772
56010	78.176
54190	78.1116
25720	78.1021
293118	77.7878
302946	77.6646
295500	77.432040094
309613	77.3789234146534
246153	77.3371
362978	77.2444
287593	77.1781
363249	77.1700749693917
54400	76.8437
306527	76.7261
406164	76.3012145357072
498206	76.2025
497931	75.9158
287722	75.8727
315272	75.8512743094
83685	75.6697
314694	75.5473
303730	75.0628
308958	74.7762
499882	74.7486
362759	74.4726
365865	74.3601761973408
311721	74.3579173357734
296267	74.3395721615
305000	74.3037
316602	74.2277
361070	74.1805722870954
297481	73.3317
299197	73.1269
297096	72.7434
58982	72.5669
361801	72.5439815261899
26295	72.2134565578
293677	72.1364
293677	72.1364
293677	72.1364
287034	71.9982
64305	71.9762
298267	71.9727
300888	71.7312383719
89791	71.4909007175405
311840	71.4329219787
303599	70.7857548012
297705	70.5595886174651
303259	70.3676
315795	70.1921563287433
113976	69.572257248
499356	69.5445
680891	69.2001
84591	69.1133
65195	68.9129
304109	68.8038
287109	68.7413524957322
64559	68.6767655842894
497985	68.5405
302415	68.4945
29382	68.3282932616
308436	68.0865
305826	67.94701337
293645	67.9414
315439	67.9128
65195	67.8627
65195	67.8627
140860	67.2187867645
365797	67.1147474482
94267	66.7196
29276	66.6072765334136
303586	66.4694426653
311426	66.2829279182574
260327	66.2497
308739	66.2249
308473	66.2174536157639
399489	66.1956
299256	65.8712319094
315333	65.69784232
83722	65.6612
29279	65.661
303396	65.5201850125081
311163	65.4653802275118
302965	65.3897
362443	65.2566
296318	65.2017404549702
361843	65.0511730905
363445	65.0048
312030	64.7734461105827
117182	64.645
293844	64.553055214
307916	64.3304
100911796	64.2202
100911796	64.2202
60447	64.0149
60447	64.0149
312703	63.9158036776
66014	63.4968
311456	63.4214
360463	63.4133787446
303304	63.1052476894954
83788	62.973935691057
83788	62.973935691057
83788	62.973935691057
363292	62.9244
363445	62.6852
29622	62.2394
315655	62.2252
29515	62.155753646
688996	62.1487000738788
311098	62.1436153456
29682	62.0774334847
296710	62.0479
116740	61.9556716663
364403	61.7007
292295	61.6805584282
311783	61.64555
29516	61.4704538234579
29227	61.4205
170900	61.3859551724
291133	61.1754
316064	60.9989
81812	60.8519
315579	60.8247
309429	60.8039
24831	60.5017340382273
24831	60.5017340382273
116663	60.392660268
252860	60.3203
29560	60.2744
338401	60.2045
29469	60.060443899197
360511	60.0472
94272	59.9064377024301
307907	59.8484172196
260416	59.7373
360635	59.4414
363129	59.3472755559199
313825	59.3189132586
171093	59.2303856307858
171093	59.2303856307858
691337	59.2138
294207	59.2055
365407	59.1892
304741	59.1709615175
312227	59.1055
364081	59.089406815
83527	59.04
83527	59.04
83527	59.04
83527	59.04
307350	58.9922
114495	58.8865
313663	58.5435105388
360761	58.411212343
316235	58.0313
360858	57.4492
287125	57.381
362093	57.3773244606078
312727	57.1618764435582
257648	56.913069694
300983	56.5707042481731
360681	56.4912
117524	56.4882
84424	56.3156107963789
25746	56.2386
303236	56.2330847152
499185	56.127
295293	55.9306
287615	55.9079
287526	55.771579003
308577	55.7123185457419
84395	55.4111168095
24477	55.3359607648
24184	55.1179
64364	55.0596
25051	54.9836
497978	54.8956728816
29456	54.869159322
25227	54.8507
310506	54.7973916826748
304822	54.579737876
362993	54.536346932
303684	54.4785449829262
290823	54.4364
300054	54.3919
315215	54.3885377179
500690	54.2228425324
406165	53.9494112766
310745	53.9475484001164
362619	53.8277
293939	53.7939
498256	53.7107793272
171044	53.4126526830928
113907	53.3457
316211	52.9915
308361	52.9376628084177
298606	52.9335023808807
307897	52.8824711032114
297504	52.8543532081
59108	52.7134
24470	52.6811642334758
315996	52.3988
25155	52.3852186364
54355	52.327
362891	52.1392
294018	51.7308
363481	51.6008
25145	51.4978
293992	51.4316924651
306460	51.3897
24337	51.2643581535
360803	51.1613
311047	51.0622
309126	50.9259957802
360551	50.7762
361467	50.6709
688993	50.6437
311857	50.5926789682163
24895	50.5382506413659
304376	50.3500069696
498030	50.3456114160998
117271	50.3127213904
192178	50.3001122070641
313594	50.1193778164991
312656	50.0
