113990	98.69792763265
288821	98.3103284406666
59329	98.1520794511
298024	97.889470488109
288454	97.5889767343
313774	96.78714
306672	96.75328289978
311764	96.71584
315870	96.5318825628
298024	96.3310553229704
300955	96.24503
302290	96.007
292657	95.98805
311562	95.835639556
293701	95.7014840065
246116	95.6870932239745
310352	95.6055703075365
310399	95.52707479369
298765	95.45551336026
360230	95.418078952
293976	95.1956
308820	95.15511
85425	94.92844
83803	94.83023244
80881	94.71357057016
297486	94.4622263739
315352	94.39528
25094	94.3254720027413
113990	94.27079
113990	94.23484
113990	94.23484
303206	94.11882
64823	94.1181509401
117105	93.99048
29602	93.8854067665
305811	93.84621
305795	93.7822
501095	93.56105
293886	93.54936
313510	93.4621147888
83722	93.37268
362860	93.36872
309430	93.15371
266680	93.07239
50690	93.06797
361295	92.9299576512
304056	92.91368
313156	92.86468
85265	92.8398
291130	92.81268
83807	92.7765
314401	92.66135
302946	92.62804
29154	92.56685
313539	92.44292
680445	92.38036
116509	92.14252
365382	91.98365
287541	91.79702
682974	91.72361
306873	91.2527851024
170837	91.23952
114108	91.23944
309871	91.20272
81744	91.09881
29644	90.75461
312656	90.73947
289881	90.60161
308061	90.5937
362412	90.55737
300463	90.5186
304193	90.42592
312299	90.41618
25485	90.24345
305941	90.2081
83626	89.9977
361442	89.7231
78971	89.7214
314212	89.6895296136
317435	89.6561
64631	89.0606913972
315891	89.018961772
290280	88.99114252
29511	88.8692
29157	88.7495
362923	88.6104
83824	88.5793277962
360992	88.5768
360820	88.4327
317346	88.3703
361704	88.2371
25187	88.2064
25335	88.0985082885
25716	87.9242
307206	87.8872006
317343	87.8485
94196	87.8273505763319
305691	87.5625
294331	87.5266
288707	87.3394
361789	87.102
309456	86.5748
309456	86.5748
83629	86.5722084464
363425	86.5437
114489	86.4704212994
360617	86.4405
308988	86.4162
117186	86.371
683381	86.2343
257647	86.184
291819	86.1623
115769	86.1593
246263	85.9698
313594	85.9414
100362347	85.9314083325863
293694	85.8874
294948	85.8448
29715	85.8345
117107	85.8307
192178	85.7083
315215	85.6815
289623	85.5246
499362	85.2153
309722	85.2145
500538	85.1155
65051	85.0875
65051	85.0875
100361818	84.9776
282587	84.9498146617
303101	84.8995
114090	84.8958784996
293057	84.7296
361213	84.6697
362788	84.5775
64469	84.5344
25403	84.5072
25403	84.5072
25403	84.5072
29458	84.1692
310677	83.8976
287532	83.8451
290744	83.3815
364706	83.3781
365155	83.3351
360632	83.2704241482
246215	83.184
287703	82.894210858
287115	82.8543
292994	82.7603
64521	82.6777
362264	82.5687123304
300032	82.4899
361171	82.3079
114850	82.2041
116690	81.7636
116690	81.7636
116690	81.7636
116690	81.7636
84586	81.6824
362490	81.5602
304286	81.5495810592
64028	81.5478
313139	81.4742
304601	81.2333
361627	81.2176
367218	81.0806
367218	81.0806
313427	81.0532
310760	81.0005
117559	80.9843
317578	80.5131
308215	80.4949
300664	80.3064
306110	79.9981
310749	79.9575
171087	79.6999
84487	79.5975
289014	79.4195
288358	79.3989
619382	79.3806
116491	79.2069420346
314543	79.1746
114862	79.0843910729
361365	78.9355
94272	78.915
79212	78.5940962198
313811	78.496
25176	78.4564
313834	78.4098
65040	78.3828742855
295928	78.1881
81800	78.1185
317444	77.8404
362275	77.786
362235	77.7403015688
498309	77.582948634
140568	77.5339
25639	77.4003
140666	77.2442
288161	77.1677
260321	77.1376
500569	76.8768
59303	76.8149720122
312192	76.7229
117101	76.65529355
54281	76.6513
117016	76.4933
81653	76.3523
360768	76.3443
25073	76.1325
304591	76.1273
362013	76.015
50677	75.9107
315447	75.8245
54303	75.5966
287989	75.5886
29715	75.4587
29715	75.4587
29715	75.4587
29715	75.4587
29715	75.4587
29715	75.4587
29715	75.4587
29715	75.4587
296762	75.365
304809	75.331
29629	75.2004
29629	75.2004
300173	75.197
24654	75.1718
171015	75.0743
25650	74.9644
116676	74.7055
155430	74.4107
683626	74.3369
362600	74.2593
25594	74.1741
303772	74.0584
315609	73.9435
24967	73.8368
81918	73.7987
299027	73.6846
24679	73.570112259
294606	73.5516
266732	73.451128156
363143	73.4193
292077	73.0595
84398	73.0338822440292
24924	73.0059
170910	72.9898
289827	72.8531
303517	72.6148
499964	72.5339
65248	72.3648
301618	72.2005
309069	72.1718
207122	72.0705917156
295929	71.9508
363442	71.4388
310086	71.191014742
308458	71.0493
79120	70.9627
246047	70.7577
24772	70.6412
24459	70.5277
304488	70.4213
299766	70.0635404928
64638	70.0116100399
29539	69.9936
100912536	69.8743
84409	69.8386097179
81574	69.8224
140923	69.7285
303614	69.712
314323	69.671
313594	69.6127
289990	69.5109
100361647	69.4902
100188944	69.4452
305475	69.3934
50599	69.3659
25478	69.1342
290370	68.8934
25386	68.8363
313873	68.7382
313978	68.5662
361598	68.4239
79210	68.2683
291549	68.1153133504
361920	68.0367
690516	67.9673
59303	67.8439
114856	67.8165
84588	67.7982003839
368042	67.7899
353303	67.7831
360896	67.209348636
301235	66.478
613226	66.1816
192362	66.0219
301555	65.6494600493
24239	65.3069
314910	65.2025
266600	65.176
316064	65.0991
296936	64.9605
679532	64.6539
29407	64.6303
29149	64.5027
362930	64.3535
295401	63.9446
116554	63.8778
309514	63.8674
116633	63.804
291823	63.6401
291352	63.5841
287526	63.5507
291259	63.4513
291259	63.4513
291259	63.4513
291259	63.4513
308398	63.149
311146	63.0295
302810	63.0011
316348	62.9881
300036	62.9387
300036	62.9387
300036	62.9387
81636	62.4655
500281	62.295222975
113907	62.2798061874
266770	62.2704
311137	62.2339
24616	62.105
65180	62.0793
294643	61.7717785176
83526	61.700484123
361679	61.1499
24942	60.957
59076	60.7807
59076	60.6537
116501	60.5865
64824	60.5588
25337	60.5153
297595	60.4868
298068	60.4823
54297	60.31
85497	60.288
313125	60.2581
691209	60.1406
685579	59.7597
315829	59.6556
295647	59.6491
79032	59.6238
293181	59.5054
303310	59.4088
500863	59.4061
25112	59.3767
303991	59.3246
113961	59.0586
685474	58.9830783918
685474	58.9830783918
685474	58.9830783918
361401	58.8879
85426	58.6506
295490	58.5026
314621	58.4629
287276	58.2357
301309	58.0199
309957	57.9707
116600	57.8282
29209	57.7737
299638	57.7199
294324	57.6443
296284	57.6002
296753	57.5249
81817	57.4653
286914	57.438
305831	57.2227
117243	57.2056
308436	57.1487
314648	57.0914
79434	56.9949
298992	56.9738
246760	56.971
361368	56.8497087448
362892	56.751
498728	56.3482
288364	56.2922
292541	56.2711
114514	56.166
311913	56.028
170577	55.8854
64465	55.8494
289175	55.7259
303700	55.4786
29517	55.0859
29517	55.0859
29517	55.0859
313997	55.0471
84402	54.839
85267	54.5941
310698	54.585
64559	54.3446
310698	54.1265
361030	54.0401
315804	53.9167
79208	53.8687
311984	53.4729
291770	53.4528
302495	53.386
81640	53.0705
361822	52.8867
286994	52.8489
315217	52.8332
304785	52.5373
29146	52.4507
306091	52.4133
304410	52.0347
314930	51.9979
29717	51.9371
29717	51.9371
305922	51.7295
500047	51.6221
64194	51.6117
502674	51.5525
315465	51.3026
114557	51.0756
311558	50.9913
25359	50.7222
24667	50.720132079
365755	50.686
362170	50.5214154055
117520	50.0
314423	50.0
314423	50.0
171109	50.0
117520	50.0
29633	50.0
85238	50.0
117520	50.0
