259241	98.80762782061
85238	96.5072576649636
117520	96.10801315774
303016	95.79444958911
64455	94.18666
310960	94.07579
29517	93.95698
29517	93.95698
29517	93.95698
294375	93.53148
314847	92.9103
25388	92.79346
24356	91.9715179984
117520	91.8117789826
117520	91.8117789826
289521	91.45165
500616	91.0326172919
294043	90.7516193692
317381	89.8961
295607	89.8509
50599	89.8333
287638	89.5953
360514	89.332930432
306825	89.0106
500131	88.8731
315509	88.5678
84575	88.2629344
29261	87.24
25230	87.0152
25230	87.0152
288057	86.5527
25576	86.2982
361391	85.5288822103
309639	85.4578
294963	85.3027
100362678	84.6547
366894	83.8316
291936	83.5053
301038	83.1447
25026	82.8261
83626	82.7739
84427	82.7437
294790	82.7079
312154	82.5905
25359	82.5789
315546	82.2447
25509	82.1815
307075	81.6616
297498	81.3376
288289	80.7153
24716	80.2915971643
64057	80.0653
25672	79.8747
54289	79.6674
293561	79.397876845
293701	78.7465
29650	78.1128
171140	76.5911
26954	76.0053
361884	75.9504
298309	75.2028
361178	74.1424
64124	73.18
364952	73.0215
619382	72.6916
305461	72.2344
292687	71.8902
25031	71.7857
80849	70.8803953261
497961	70.2958
690919	69.9343
316526	68.7183
312903	68.4284
361986	68.377
100126191	68.2604
89787	68.2476887842
81687	67.9688
360461	67.8705
295965	67.8591352099
64634	67.1364
304286	66.8544
315707	66.7744
29689	66.3674
291699	65.8485
114590	65.1846
50622	65.1592778194
311720	64.9872
291314	64.8998190312072
309812	64.4042
298071	63.8703
79032	63.4748
304721	62.6597
361057	62.2132844265
306534	61.6847
29454	61.556222056
303539	61.5181
362740	61.3683
29175	61.2901
115769	61.1792
314683	60.9312699028
290280	59.8859224675
315405	59.8699
681337	59.7215
305477	59.433
24482	59.1116
24482	59.1116
291813	59.0855
24482	58.5262
24482	58.5262
54278	57.885
24225	57.5493
299138	57.529
314423	57.2179
314423	57.2179
364786	57.1511626148
307740	56.9341
289407	56.2756
307016	55.9459
305471	55.5987
301012	55.5552
29473	55.1356
499669	54.9348098608
311427	54.9208
114521	54.849
65179	54.4785
305604	54.475
116658	53.5578
311508	52.8342
282712	52.6795
294809	52.6345
65198	52.3554033152
304024	51.9286344312308
171563	51.1331958292
301337	50.953736352
295691	50.9368
299131	50.8639
58936	50.7365
311903	50.5761132976
60357	50.0
362733	50.0
60357	50.0
303274	50.0
54299	50.0
362733	50.0
309447	50.0
