117180	94.57909
307503	94.1054248655
286897	93.76654271056
286897	93.76654271056
310643	93.3634
296488	92.186
360801	92.03812
83807	91.90262855884
307821	91.38904
89783	91.10695
307715	89.24732819
498299	89.2393
246326	88.7966
315648	88.55195482
307210	88.4434
299131	86.9976019228
63840	86.7470016745
314245	86.6379
81674	86.4442
310392	86.0830142151881
117033	85.8545
317259	85.5115
60383	85.1128
288654	85.0722
301489	84.8475
308404	84.716
81746	83.7785
24416	83.6695
310288	82.8118
83841	82.5056
260323	82.4536450232
260323	81.2445922615
25405	80.5208128588234
24338	80.0746
291653	79.5316
25013	79.2767
294303	78.9570678746
309596	78.8778
24678	78.7547
24678	78.7547
24678	78.7547
306804	78.3289
58980	78.2344
54300	77.985
313339	76.5197709079
25693	76.491
81749	76.1211641314366
294601	75.9726
362151	74.4224
317268	74.4104
25654	73.9736
311346	73.9092
308652	73.8529
308937	73.1123
300652	73.0109011945
316021	72.265620405
362788	72.206795737
117280	72.1943
83529	71.7162251872
29271	71.2712
84029	71.0911
299276	70.3972
362383	70.1047
84575	69.7833
309565	69.7376
301476	68.8953
303991	68.706
299331	68.1141
83685	67.9079
25248	67.7671684672
29588	67.4127331017867
140586	67.2010067312
266674	67.0565
29758	67.0402
29344	66.9932613636
304474	66.7095
315348	66.6964
306439	66.5646
170714	66.5293
84385	66.4382
80846	66.102
80846	66.102
307986	65.8479
312603	65.4741
84398	65.0239568127854
24714	65.0042
690516	64.9457
113975	64.7199
100911796	64.338
100911796	64.338
297572	63.8777
246097	63.7765
259273	63.6754
84550	63.6269311342
291921	63.6206
64120	63.2931
29466	63.0928395312
313121	63.0044879987
25621	62.8386292352
313929	62.787
361632	62.7362
81816	62.6579
499328	62.6263124536
307997	62.6032
292295	62.179918792
494445	62.1416
297814	61.7389
365213	61.3370579683937
171352	61.278
293743	61.1765
288108	60.8986719784
297357	60.8442
500112	60.8396
360855	60.818225248
114102	60.2072
690441	59.8317
29448	59.5961
363283	59.3284
298757	59.1434
29629	58.9496
29629	58.9496
306860	58.6868
362495	57.5709
171178	57.4371
501736	57.3304411611
361668	56.8968457678375
81730	56.8489
500244	56.7624
690244	56.3511
84551	56.2154
140941	56.1348
24832	56.0197
287418	55.9607
295645	55.9443
246301	55.5861
310399	55.5086
288321	54.8531
24766	54.7448
292584	54.6260540898
29335	54.5483290796122
312474	54.5137
84402	54.3927110473
79463	54.3172816642
29335	54.2620422281435
83764	54.1239701808
83764	54.1239701808
83764	54.1239701808
311450	54.0360396437
24256	53.81504426
24256	53.81504426
500054	53.7013
315037	53.2051
25569	53.0414
361086	53.0346908944
362375	52.8437
29665	52.8267
688276	52.5697
361274	52.43
304071	51.9399
307091	51.7643
309126	51.6352130239
246334	51.4856
246334	51.4856
25294	50.939
298933	50.7395
298933	50.7395
308134	50.5448
688785	50.0127459868
171164	50.0
296911	50.0
171086	50.0
