84350	99.5133134467464
117033	97.0226
363517	96.5951081276
691209	93.5211046623459
25743	93.2476613505996
360764	93.0541605579933
290631	91.69903
315564	91.3540809912462
81920	90.69542
306657	90.55662
297486	89.7325933735582
288057	89.5981
303614	89.2863683839
64462	89.2764584976
289094	88.8329881672
315114	88.6122188715
303298	88.5459530632
306764	88.049
116724	87.3346
170927	87.1315475293
293061	86.4146204034
313166	86.3345787355
314964	85.8769770797025
170922	85.6576
79559	85.3381543375
361686	84.4406
85384	84.4296976831
688790	84.1007
64440	83.864832019968
305831	83.4491
65180	83.315207817
64314	82.9969
29428	82.6649
366975	82.2920925949306
192154	82.2506765605322
25375	82.0323
24706	81.798268465
362165	81.5582
50555	81.4385
116723	81.4213
171566	81.4103030808
304330	81.000982342
114519	80.4567
24790	80.3058279600744
117513	80.149391881
362288	79.8993
287433	79.7456
290823	79.26825
309255	79.1663213212364
304204	79.0404
360920	78.7300967881
306860	78.6173790588
291750	78.3661
314850	77.2716795676151
373545	77.0327035864
306459	76.6931
362474	76.6775
25096	76.621897083069
501560	76.2985
60427	76.0889323905269
60427	76.0889323905269
83581	75.7403
29423	75.6318
361677	75.6156492043909
361613	75.6133710444
29508	75.3466
25444	75.3328
304244	74.9419
29642	74.8932838128884
24699	74.6195
24699	74.6195
24699	74.6195
24699	74.6195
24699	74.6195
83515	74.1183
287942	73.793
83722	73.3706
291736	73.22431901
360993	73.0394
171447	72.9748551184
171447	72.9748551184
171447	72.9748551184
171447	72.9748551184
171447	72.9748551184
171447	72.9748551184
171447	72.9748551184
24957	72.9482705016
306695	71.695893801
315174	71.5468944262197
309678	71.2057
304900	71.0142
56064	71.0014
306387	70.945
266780	70.8492
299971	70.7419
690139	70.319231246
81813	69.9126
685144	69.777674448
306672	69.7678213080539
307524	69.532
59108	69.386803596
308015	68.8416
25615	68.6963
303212	68.5265741760132
25669	68.3221
313304	68.2853
287615	68.0755310894
360480	67.1678
83523	67.0004
308410	66.7078
306451	66.6672
116699	66.5392
307526	66.4533759549383
363674	66.4141
366227	66.2927
25416	66.2196
24362	66.1358
404280	66.071775271
497892	65.7345
497892	65.7345
29722	65.6891
366595	65.6703
25655	65.6501
192178	65.3072962155
266712	65.2363
171521	65.2226
29510	65.0613
302931	64.9817
24254	64.9487
296060	64.9268
29510	64.7636
302290	64.5764
24239	64.5196
294948	64.5167011504
25059	64.511
311872	64.509
309008	64.229
171126	64.06955
24503	64.0556204588331
311384	63.9568
287885	63.9477
293939	63.591521895
311163	63.5453
116690	63.439699258
116690	63.439699258
116690	63.439699258
116690	63.439699258
245903	63.3884
289237	63.3762
362776	63.3627
171122	63.2153421225
313241	63.2056256628
314436	63.1932
25318	63.1343
24477	62.9287
170820	62.7381
308869	62.3935
29628	62.3681
29628	62.3681
292325	62.2591
171373	62.2582
306722	61.9879
360613	61.987249616
310395	61.623
294281	61.5719
294281	61.5719
116600	61.1643
306257	60.936
298032	60.9255
362182	60.912753165
295703	60.8607
313834	60.8569688338831
306600	60.8471291293761
687090	60.6732284519333
368042	60.5756
360834	60.4047
501088	60.175773433
312678	60.0585078901
291908	60.0082
315804	60.0027834904
116554	59.940111871
310399	59.8059520043
24465	59.7526
498012	59.480718472
309144	59.4564591304
360632	59.2868
315218	59.2835043522476
113970	59.254
25594	59.2085269432
303088	58.7335964074
192226	58.681
687090	58.5576676689845
29458	58.5563
306261	58.2607
309407	58.1642
288482	58.0002
680229	57.9006189685
315294	57.5149
25447	57.4816
541589	57.228
287470	57.1804
117186	57.1282
307067	56.9693
117269	56.7008934120981
493810	56.1342
313429	56.0551910125
25635	56.0371
288562	55.9444
25751	55.677
296121	55.4465
361069	55.422
24851	55.323
24851	55.323
24851	55.323
24851	55.323
24851	55.323
314949	55.321021905
300120	55.1060021368
360827	54.867067572
81771	54.8587
310552	54.809
361814	54.7335258562
679937	54.6306646092
288937	54.5554
298312	54.5072
306562	54.4401869665494
306809	54.3683
679028	54.2569
365245	54.0693
304193	53.8792888219
310749	53.7992
64832	53.7364
362456	53.5379629189
85250	53.4667
289197	53.446
64558	53.3933741133571
24766	53.2034
361833	53.1045
313027	53.0623273555
171576	52.9844
50719	52.67799485542
140937	52.653853051
64526	52.6484
288051	52.2526
94204	52.0541
308632	52.0338483104
310621	51.8883
293551	51.8435
192107	51.6739
498545	51.5606
498545	51.5606
312640	51.4621039978
313121	51.4566
499353	51.4431
50671	51.3669332994527
59303	51.044
308790	50.9589529398
311860	50.9267583880052
306436	50.8378
29758	50.6923
317579	50.6044
317260	50.5731
298767	50.5403
81519	50.5388
65196	50.5361137224
292999	50.131369573
93662	50.1037214658
311146	50.0306422428
25054	50.0
361831	50.0
290447	50.0
364476	50.0
686295	50.0
314743	50.0
306868	50.0
