314850	99.2900108712682
296654	98.12199
171120	97.3113
679869	97.14169901283
290280	96.85154
29528	96.7473972430859
302934	96.187265
363249	96.17939049997
140860	95.58197225902
288152	94.04277
309069	93.94312
312251	93.93869
360570	93.66683164102
29628	93.06826
288182	93.0595476152
114105	92.70328024785
313510	92.5818635627276
287721	92.5471649656
81918	90.6702884662
29546	90.34235
315548	90.08977
83689	89.3048154355832
282844	89.1456
361258	89.02300654
687266	88.4704
294400	88.4129
60422	88.2875
29628	87.8664
303497	87.421010458
29259	87.0113
113960	86.6886
116483	86.5455
315644	86.4879
64194	86.4824
310461	86.4629
314352	86.4022
313865	86.3440237064
313667	86.329
305000	85.8753
63995	85.8265
307526	85.8223947872
362911	85.4671
500715	85.3128962136028
24766	84.6987
306873	84.6580349858
94272	84.3624
25094	84.3178
84409	84.073845134
116457	83.776
81751	83.7343
313481	83.6425
94338	83.6208
24246	83.2335
497770	83.1277
314824	82.684870252
311478	81.6133
315806	81.0404
50677	81.0079
64558	80.9673287144201
81574	80.3956
29670	79.8589
300120	79.7581
301388	79.7312
293637	79.1062
25244	79.0315
293637	78.9329
288700	78.7333
308134	78.3021
64559	78.2586132022
310633	78.1326
310721	78.1036
25508	77.8715
309139	77.8087
25757	77.7834682191003
289457	77.5676345194
315617	77.402329905
291921	76.6034991394
362303	76.3747
29618	76.2388
116543	76.1437
84027	75.9798
363072	75.8588
308016	75.8482
296284	75.5605
305164	75.3562
361030	75.209559376539
286895	74.8429578404
316344	74.7349
24773	74.6046
24773	74.6046
24773	74.6046
286931	74.5524
287451	74.3945230298
24767	74.1916
295401	74.1459
113976	74.0971
295333	74.0894
24417	74.0231
64514	73.9711
304979	73.8424
84410	73.8358
303926	73.5819236065
314265	73.306720243
303470	73.2736837726
24684	72.9159
680102	72.8298
83809	72.8171
360511	72.6172
316265	72.572
117284	72.2689
50998	72.2300599215
307343	72.1387312269
24235	72.1164
29755	72.075421792
83685	71.7813
25482	71.5219
29279	71.2764
363225	71.2288
360564	71.076793506
305497	70.6693
363632	70.6326899554
54355	70.5823061602
315608	70.5741237664
303193	70.2915
290668	70.0383943561
140587	69.8002
363278	69.6386
306147	69.5894
368002	69.5040726001
307500	69.3052
94196	68.9844
64828	68.7251762744
84574	68.7043
266802	68.6196
266735	68.5936
266735	68.5936
266735	68.5936
117255	68.169
245966	68.0866
140639	67.9768940368
362242	67.9251
94203	67.8576
300682	66.9017
303132	66.8226
25124	66.6756
296588	66.6316
25289	66.561220521
25289	66.561220521
308896	66.3935399968
312562	66.3410063682631
24423	66.0341
171093	65.8546
360537	65.6613
25031	65.5504
24208	65.3122
362295	65.2237449392
311903	65.0562940130491
314800	65.02783712
64823	64.9876349578
303918	64.8311
140592	64.7577719348618
314746	64.7085
309656	64.6918984992
289046	64.603477717
289046	64.603477717
309451	64.598
116552	64.5072
293854	64.3718
312688	64.3048
294948	64.1925
286916	63.8897
314273	63.4315562016
315973	63.3951415922
306183	63.3153
691478	62.9991
171147	62.8595
54319	62.8259
293476	62.6387
313210	62.5807
246174	62.248
58868	61.8333
296161	61.7834392719229
302935	61.747
362867	61.2605
29591	60.9749263162
316424	60.8379
25566	60.7501
25565	60.5019
360521	60.4312
311405	60.2559
293056	60.2471
315059	60.0762
296269	59.4408
60395	59.1542
691589	58.9679
315723	58.8022
303251	58.7544
303101	58.6379
307016	58.6064
360461	58.598
171079	58.4226
298377	58.2655
360737	58.2003
303798	57.9121
64316	57.8261
298992	57.80097193
360959	57.7774688925
287537	57.4601
681989	57.4547
361986	57.4331950158
24179	57.3242
289934	57.2989
287156	57.291
192226	57.0728
25547	57.0599
24655	56.7934
293455	56.790667488
305246	56.6673
292935	56.5279
25643	56.4931796881
414065	56.4506
25073	56.3875
305848	56.3055
360764	56.289719644
29713	56.041
364419	55.9461
301306	55.794587441
314441	55.6989424963
306459	55.4743
246074	55.463954149
313057	55.4064
303602	55.3538136214
79032	55.2842
117259	54.8607
362900	54.8523
366624	54.8497
298875	54.5452
296371	54.517
679462	54.4669
24500	54.196
252889	54.1928
305291	54.1737
83469	54.080860552
362962	53.5104
64679	53.3382588644
313662	53.0922
192277	52.9385
688777	52.5271958249
94268	52.4719
25467	52.3599
246331	52.3365
363676	52.3047
301575	52.2986
299316	51.9236
305935	51.6871558035
291130	51.6726
315509	51.3916266772
313861	51.169981882
308457	51.0889110498
64152	50.7477
315879	50.6569
361745	50.5764
361632	50.5647
287532	50.4005874535326
307126	50.02999774
29467	50.0
58924	50.0
361668	50.0
360912	50.0
24703	50.0
304294	50.0
29467	50.0
293570	50.0
24264	50.0
