499328	94.7954252923178
308404	94.74609
290802	94.6082408713834
313121	91.88235
299276	90.75782
314788	90.320231875
116676	90.057213307
301374	89.134200224203
246326	89.115
312132	88.1943465484
29344	87.5618
685258	87.2057259982
308807	86.7393
266674	86.6767
310392	86.4290902455
288654	86.4089
298894	85.4451
688276	84.5621
66025	84.3866
29588	84.1813
310399	84.0461
314245	83.9273
54238	83.6334
312927	83.3642681152
310288	83.275
81746	83.0673
260323	83.0554164046
83529	82.6598
140941	82.443176464
287979	82.439
54300	82.3884713349
29500	82.1379877867095
302967	81.7825
289264	81.7071
260323	81.6948190372
306695	81.4211937312
307821	81.2863
140860	80.9883
309126	80.5082956782
89783	80.3457
83807	80.1542
29335	79.7896023552
310207	79.7317295727002
29335	79.5451023641
307067	79.3863
94173	79.3862
29497	79.1371
29497	79.1371
64120	78.9578
24775	78.6698
81674	78.666
79463	78.1485
64157	78.0273690796285
313845	77.7081
252855	77.2926
366975	76.5520233752646
171297	76.1135
171164	75.7157
293294	75.7076
303478	75.4055
362490	75.3953
299131	74.8571012452
295672	74.8291
362788	74.8144224816
89814	74.6956
302619	74.459
25306	74.4254
311622	74.3791
286897	74.2078
286897	74.2078
302363	74.1842727778837
79431	74.181
307715	74.0652
295678	73.7246
362757	73.5371
295953	73.4981
315648	73.206723664
312903	72.819
259273	72.7475
310749	72.1899762125
296911	72.1111
64519	72.0201
361403	71.9147
498012	71.855301537
81514	71.616956128
24482	71.4821
24482	71.4821
24482	71.3511
24482	71.3511
294601	71.2599
305586	70.601780282
58980	70.433
288289	70.2971
56010	70.103
54318	70.0872
360546	69.4793063692
252963	69.0168
114858	68.94045
690419	68.3991988926
25654	68.1917096305
313339	67.8672310808
84385	67.8378
310552	67.7928584862469
66013	67.2529
291571	67.0113
303505	66.7201
299002	66.5989
362834	66.5126
64366	66.2959
64366	66.2959
287931	66.1304
24679	65.9137
50993	65.8237
363249	65.8005
287119	65.5624
319110	65.4912
54227	65.2408
304294	65.0788
25570	65.0767
25672	64.9366
288280	64.7835
309565	64.4902
315496	64.1610340441
315309	64.1432331775
24172	64.0731
360551	63.5011406475
24256	63.251167273
24256	63.251167273
24678	63.0847
24678	63.0847
24678	63.0847
85428	62.996929164
307124	62.7617
24400	62.7101
59318	62.6712
100158232	62.5581500812
303606	62.1169
315259	62.0884
84350	61.6723
116469	61.0836321954
295143	61.0457
303163	61.0153
298757	60.645
113975	60.4056
171093	60.3150796219
171093	60.3150796219
24338	59.8154
362409	59.6978
360801	59.2029
295347	59.1739
29227	58.4131
314388	58.0107
296787	57.9291
362495	57.7433
314388	57.7162
102238592	57.6928
306439	57.0654
296488	56.7808
302396	56.6113382653339
25211	56.4423
29466	56.4338428336
291133	56.4118
308652	56.1128
360639	55.9643
302867	55.9033
25690	55.6225
25690	55.6225
361920	55.5527
308709	55.4893
299766	55.4835
293017	55.4819
25690	55.3482
301027	55.2482
361251	54.9933
362923	54.7234965436
313539	54.0201
310533	54.0012
94196	53.6832604036
25026	53.6453
293570	53.0296
100361133	52.811
306860	52.7049
64017	52.7047
301476	52.6417
287099	52.2838
291921	52.2703
29554	52.0764531515503
314352	51.8621
100294508	51.7666
298549	51.4837
301489	51.244
310969	51.0722019501
24832	50.7368
362384	50.7057
399679	50.207653126
84469	50.0
54278	50.0
312849	50.0
306844	50.0
64312	50.0
64312	50.0
25405	50.0
289175	50.0
317575	50.0
