311730	95.8629071642345
140941	94.98001
84029	94.76481
79559	94.59719
314743	94.33629
29263	94.25251
306436	94.04018
29227	93.86264
80849	93.82425
362862	93.68575
114024	93.61943
25718	93.07569
314964	92.8890100471
140942	92.8304129221
314721	92.3576
290396	91.51421
312516	91.50889
316599	91.40027
361391	91.28582
300886	91.23668
303798	91.1938436056
298317	90.86051
295319	90.18535
84484	90.17798
245920	90.105
291914	89.8726473174
289144	89.8513
298944	89.0639
499431	88.9289
295327	88.8118
304218	88.357
303614	88.163008012
25204	87.848061768
293783	87.0752
29733	86.3933
309053	85.8955
313370	85.24656361
499330	85.2424131792
83840	85.122086986
289277	85.1018
690745	84.9805
307820	84.7761944507279
25584	84.7668
360886	84.6974
302368	84.188
304786	84.1251198124717
317312	84.0766
79242	83.3054
361618	82.9456
298034	82.8709
24564	82.3098
25102	82.2642
207122	82.05663358
24564	81.7338
288447	81.2732890632908
64561	81.2055
293453	80.9976909283382
304218	80.5426
83685	80.2133
361986	79.9264
29637	79.7514528956
296229	79.3601
303905	79.2939
303396	79.2819
362176	79.2161
362176	79.2161
362176	79.2161
362176	79.2161
309871	79.2124
303135	79.103
308016	78.9171
25697	78.6387
54348	78.2925
362199	77.9325
63995	77.7681
302913	77.584
404280	77.389
310917	77.1088
689415	76.442
308523	76.1957
304988	75.9741
25293	75.506
103693419	75.3018113005
25293	75.0519
25293	75.0519
25293	75.0519
25293	75.0519
301309	74.9292
363002	74.6832
59265	74.4236
362590	74.2979
170578	74.0854
641521	74.0375
282845	73.6856
307480	73.45
299131	72.8782
310849	72.6581
58958	72.3823
311326	71.9643
498538	71.7895939333
288108	71.7025
311406	71.659
25640	71.355
25640	71.355
25640	71.355
289521	70.9339
116724	70.929
306571	70.4067
81818	70.1762
25205	70.0413898744
83720	69.9940743751
315133	69.9523
25613	69.3489
65205	68.9695
117050	68.7888
60382	67.9439
25196	67.2331
317232	67.1162
311598	67.0811
25262	66.8001
316639	66.5125394275
25615	66.4908
24439	66.2886
25650	66.2824
689399	66.0327
25022	65.943
25022	65.943
25022	65.943
25022	65.943
25022	65.943
25022	65.943
25542	65.7772
497770	65.7371
261736	65.6505
299145	65.4620328309
24686	64.99021838
316325	64.6149
360600	64.5970194304
308971	64.5219
288306	63.3565
116590	63.3351804384
116506	63.3117567068455
116506	63.3117567068455
287562	63.1093
29715	62.8086
29715	62.8086
29715	62.8086
29715	62.8086
29715	62.8086
29715	62.8086
29715	62.8086
29715	62.8086
29715	62.8086
63879	62.7833
317191	62.7696
171155	62.2542
245926	62.1991
94189	61.5260348293
312890	61.4742428465
308509	61.1308
310909	59.97565
25614	59.8067
25124	59.7706
362900	59.7553
171151	59.7544
296966	59.693035509
315439	59.670878346
171451	59.6706
24679	59.6213
362703	59.1519201495
360990	59.079
292168	58.5153
24184	58.4314
361632	58.3725
65040	58.3339
65040	58.3339
54400	58.2782
316628	58.1601
286996	57.9336
29885	57.7539
116665	57.5552717425244
295455	57.5058966886
24766	57.4854
315173	57.1489
303772	56.8343
170911	56.79703712
313874	56.6539
316330	56.4225
306451	56.1394
315023	55.840326418
310621	55.722447296
501854	55.5160380019
171086	55.3491
304301	55.2787
445268	54.9738
307474	54.8476
314442	54.7562
306630	54.755
288743	54.528
65033	54.342634708
297867	54.3388
29332	54.2264
116504	54.0926434898
116504	54.0926434898
294948	53.8780267884
114217	53.8241
315564	53.7075
293112	53.3179
314436	53.2924
295325	53.289
302363	53.1118
282832	53.0866
679028	52.9425
291309	52.9084193031137
293673	52.7550548352
500069	52.7276
192129	52.6774
84588	51.9866
313554	51.7232
287925	51.5719
252941	51.3228139804
313308	50.908543166
502901	50.6736763137294
192179	50.121713335
298744	50.0
364867	50.0
266709	50.0
299714	50.0
306817	50.0
294673	50.0
