246232	96.19799
25573	95.60207
501195	95.004843548
314824	94.3976461967466
306672	93.5320978432
100362347	93.376594748447
305171	92.80848
59318	92.632810106
312303	92.54093
399684	92.1879397468
361920	92.1105210304
54265	91.98053
316235	91.92617
360905	91.4304502392
314788	90.80421
298282	90.375
291388	89.9294
360994	89.8038
54241	89.666
25248	89.6352830455877
367714	89.4648870320139
314743	89.119641835
310086	88.3561
89784	87.7202
308807	87.5448912999
63852	87.2851
24166	86.7741
81754	86.7440014092
81816	86.5378
302920	86.4997
360920	86.4015716032
288025	86.2356
362520	86.2061206833
306687	85.9343
81676	85.7793
306404	85.649411321295
288045	84.6922
266808	84.595099136
65248	83.7723020641
298992	83.5778
314894	83.0752
252889	83.018089138
289094	83.0081
170956	82.8078806542539
319113	82.4762
312495	82.2906
364634	82.219
685332	81.9994
113976	81.6118656843
116658	80.623
499933	80.5766
24590	80.1229
294400	79.9813786384
363153	79.9159
500040	79.8177
317346	79.7932
170851	79.5571
260323	79.3043996322
553106	79.1407
246174	78.8106
681377	78.1327
305270	77.9017
308361	77.5693488900809
292087	77.0668
299909	76.9234
315666	76.8704321696
25336	76.8085
246282	76.7623
308215	76.7022
311236	76.3884
295395	76.2703
306197	76.2403
290749	76.0165
362186	75.3235
29631	74.931
171093	74.6929303175
171093	74.6929303175
294804	74.5829
192256	74.4793
192256	74.4793
298546	74.431
362918	74.1689
315405	74.1296
362733	73.4632737175
362733	73.4632737175
25261	73.4158
295347	73.3955256856
296467	73.317
298500	73.1755
117553	73.0917
170699	72.8036
260323	72.6341082595
65190	72.3623
29707	71.8078
361258	71.6742
54230	71.2495569226
310358	71.1965
498328	71.1375
304477	70.927
24896	70.748
306387	70.652
24896	70.6384
293098	70.5256610302
306009	70.4205
295596	70.4152400736
310552	69.6913
301097	69.5337151168
303443	69.2239
310958	69.18331532525
312398	68.984
94188	68.829
83504	68.8229
64200	68.7988
64200	68.7988
64200	68.7988
64200	68.7988
116631	68.6326
116631	68.6326
116631	68.6326
314949	68.47587583
315798	68.2675
501157	67.5310856286
302378	67.4051319276
308939	67.3392885592
80897	67.3350706619
25615	67.2368
24896	67.1094
24896	66.9415
689909	66.8142
313308	66.7424316637
300857	65.5978
293693	65.0525
29480	65.0305
25707	64.9872
300266	64.7682
310411	64.1981
24908	64.1713424864
310749	63.96035
289810	63.391
317343	63.2671
25690	63.0341433951
360720	62.8659
294431	62.7474
84550	62.5245794762
291908	62.4916
25270	62.3748
361712	62.3532
81815	62.348
57301	62.087
303292	62.0034
29627	61.9986
29627	61.9986
25562	61.1716
500244	60.9706632088008
24398	60.9128031876
362248	60.5597
83572	60.4532
300083	60.1525
252920	60.1473
312952	60.1078
307210	59.4912
84586	59.3072
303403	58.9557
302396	58.8894
290746	58.7628
361309	58.6539
25571	58.1357
309513	57.7091
311726	57.6239
170904	56.7396
297504	56.7082
54312	56.6694
361377	56.4747
29560	56.1736
317235	55.7536
171440	55.2562
679713	55.216
252963	55.1896
64032	55.1167
360714	54.8940219616
246116	54.8240732592
29662	54.650973086
308845	54.4543
311456	54.4391
303926	54.3200111889
289664	54.2056
297783	54.1833231542
84010	54.1145
360775	53.8223
681062	53.6514
312192	53.4448769988
29546	53.4073421432
306571	53.3128
299194	53.2633011111
290623	53.2539
292155	53.0924576656
293113	52.7518
24225	52.4627
24225	52.4627
24225	52.4627
24225	52.4627
24225	52.4627
24225	52.4627
24225	52.4627
24225	52.4627
24225	52.4627
24225	52.4627
308523	52.3656983814
360540	52.2375
313049	52.1203
289057	52.0837
170898	51.865
84014	51.7365
312828	51.6501491944
362142	51.2697
297748	51.231101393
307820	51.219
24689	50.809840982
314993	50.5506541704
64513	50.55
266813	50.5421
315870	50.482001875
140720	50.2524157231
64060	50.0
287615	50.0
117271	50.0
