293344	97.0925473669
311901	95.17411
252963	93.9760129516
288821	93.48915
25489	92.80466
296229	92.71594
301516	92.25451
289400	91.7329346165
65198	91.5268637967672
260323	91.3699204937327
94197	91.34877
297093	90.90906
65190	90.64269
679713	90.1639
83497	89.8996501418
365865	89.6314
25293	89.5199889475
171552	89.5098158389
260323	89.2390337396
24680	88.9085
114505	88.8537
362037	88.2705009499667
302290	88.0793
64185	87.7555
303132	87.5060828047129
287585	87.2284
100233213	87.1667
140584	87.0023269792
362591	86.9548156688
81514	86.8811
286931	86.6368
498798	86.3217659865
192256	86.1171
24664	86.0766
313994	85.7566164029
301323	84.998208553
25428	84.4710344064
304947	84.4629
291675	84.4046
171493	83.7412
685144	83.7383
302373	83.0758
361383	82.256
297804	82.141
25722	81.6333098495
54254	81.2228
292847	81.1525
89821	81.0859
444986	81.0439
291019	80.9944
313216	80.8585964891
25293	80.8152292501
64015	80.7654
25293	80.7381605065
25293	80.7381605065
25293	80.7381605065
316021	80.6249931529038
369016	80.2963
305577	80.149331566
306998	80.022118101
306998	80.022118101
24412	80.0185
313594	79.9737365592911
308069	79.930154477
362590	79.916921405
292964	79.8984
313594	79.6886379837437
24790	79.6331683960295
361626	79.5578
116491	79.2856
24667	79.1427
83584	79.0573
83584	79.0573
291604	78.9254
81507	78.8099
24773	78.3628868725
24773	78.3628868725
24773	78.3628868725
286973	77.6597
360498	77.5147
25405	77.4058
292148	77.4023
63840	77.3427
303953	77.3152
315265	76.5374810248
689414	76.4548018176
363674	76.4424
311326	76.2589
315033	76.1619
362282	76.0752
498650	76.0449
498650	76.0449
59299	75.8646
500874	75.8019
303968	75.385
499929	75.3118
306009	75.252
681062	74.782
303553	73.8697
679975	73.4299
309035	73.0393856
315463	72.9744
29628	72.7925
29628	72.7925
641316	72.5092699492705
64551	72.0907
64551	72.0907
289201	72.0315753652
304124	71.1624
313128	71.1049526965
361613	70.6403
680486	70.1808869446
114504	69.9143
65210	69.269
24771	69.2581035448
29758	69.1872
309728	68.2216
83689	68.2002263636
362463	68.1959
83572	67.7399
84394	67.3881935575
291352	66.7521452658908
314824	66.6533
192256	66.4157
286994	66.2008
309400	66.1141
500418	65.8542
81809	65.6919
85254	65.588079685815
309532	65.2191
308000	64.6187
192154	64.4387024154
315851	64.2985
112400	64.140443569
112400	64.140443569
112400	64.140443569
112400	64.140443569
310506	63.9153607528
363109	63.9005
303692	63.846
81751	63.7113
680717	63.6830093962
305424	63.5366014609
311245	63.4861
679937	63.3799588216
288038	63.3334810802
307616	63.2609
314788	62.6646
316482	62.4342
293103	62.2721
365699	62.1766
83574	62.1015
293939	61.8513
288364	61.800317983
294380	61.6983
313478	61.4819
302363	61.4242
29354	61.3844591895337
29659	61.3601
29592	60.9332
498286	60.8501
497815	60.4416
29458	60.1493
302424	60.121728875
311299	60.0272
685258	59.8683
24941	59.7717
360662	59.7625
361679	59.754
288783	59.7213
114561	59.6096
308703	59.5802
360906	59.5064
291914	59.4622
308899	59.034613994115
308899	59.034613994115
24176	58.7236
64559	58.591721242
362860	58.3756
80849	58.2728387275
316409	58.193
81678	58.0227
308417	58.0199
192350	57.8873
24356	57.8539236982
25245	57.5798693335411
25245	57.5798693335411
81922	56.9437
302666	56.9106
29313	56.9029
680319	56.5509
294601	56.4939
502020	56.310729598
171501	56.254
678769	56.1925
112400	55.9001
112400	55.9001
112400	55.9001
112400	55.9001
112400	55.9001
112400	55.9001
112400	55.9001
112400	55.9001
25261	55.8828
360511	55.867590543532
24660	55.7896312522
362078	55.6201
300472	55.5928
79247	55.5282
25033	55.0113
310683	54.9211385516
362173	54.503
79128	54.4259
114557	54.3977
315806	54.3083522554
25729	54.2127
317183	54.0644
287076	53.9847
85246	53.8761770846231
305083	53.8456
362081	53.6838
297597	53.607
100361376	53.5797262702
25539	53.445
80773	53.2721
300253	53.2482
287522	53.2379743536338
498545	53.2114
498545	53.2114
24923	53.077
500244	52.5391594526
113976	52.514017804
83824	52.3967167179
303518	52.3506
493810	52.3446
362246	52.3254770535
303796	51.8736
293024	51.8616964027
313020	51.7311
309082	51.7101248337526
301038	51.5897
25439	51.4113
308410	51.2551612384
25514	51.2148665696
24503	51.0981
303351	50.9826
310395	50.9771
300095	50.709212578
309774	50.5778673046
25237	50.5125
295607	50.0
289546	50.0
116727	50.0
116501	50.0
25693	50.0
312952	50.0
24629	50.0
315795	50.0
282825	50.0
293614	50.0
291796	50.0
304884	50.0
