116665	98.1653959276734
291015	98.1644381499101
192178	97.4301980580038
360600	97.28196
361907	97.1731465963172
362749	97.00720058638
29244	96.87949
303599	96.66571372531
307251	96.31723
306548	95.6817955143342
84394	95.6449638860492
114514	95.31113724518
25119	94.482060232
246152	94.32997
25401	94.19323
29456	93.9888731496414
292199	93.8596847144
288937	93.54994
314436	93.3653586433
498411	93.2903887110269
81734	92.7951323817
294973	91.58394
116740	91.0729487433157
287275	90.60536
246262	90.5439735619485
444985	90.48412
312952	90.4758359851072
117280	89.9721864448
292155	89.9201465799427
687147	89.9138990621
687147	89.9138990621
83477	89.599
363912	89.3113791755057
364786	89.1872
24770	89.0761
300901	88.64100694
300901	88.64100694
299827	88.5178
685232	88.3847
311872	88.371
303188	88.3591
294734	88.0791467152228
367218	87.8202114884
367218	87.8202114884
498999	87.425554264
84019	87.1251
313949	87.0882
363519	87.0783633232
309407	86.1842
287942	86.1363
291660	86.1342
498486	85.9843651024
498486	85.9843651024
314930	85.8955
282836	85.8449
282836	85.8449
286917	85.801102885
25743	85.6796862572424
296851	85.6354
25586	85.6241
84486	85.4541
315523	85.3846
310669	85.2320603053546
298024	85.060685311185
304092	84.9652650625
24334	84.8111
314824	84.8001009743
367714	84.6455
362479	84.6059023785
58821	84.2475855664621
312678	84.1499
116590	84.1351268356
302669	83.9829869658
100362347	83.9694
317396	83.95915
304286	83.8583
25054	83.5190900818281
366624	83.1413140624
315615	82.9264
89868	82.7646
310250	82.2407
25492	82.2134
309678	82.1988
56725	82.1367628104
50560	82.0856
117282	82.0166718736
245982	81.9446
65033	81.1073
25700	80.8229
313308	80.7086187715016
286981	80.4208
50664	80.1008
100158223	79.8954
83624	79.8691
83842	79.779437944
363091	79.6270996104
444986	79.6129
314126	79.6006
24471	79.4437
29707	78.8832
25558	78.8641373881
294065	78.8536889722483
498328	78.8178
84550	78.7796459898702
378939	78.4744
192210	78.3745
314417	78.3159725102
293448	78.3124
171492	78.1807
114104	77.9481083575
24338	77.6104996393
293067	77.3555
116596	77.3152891816
25690	76.9390762404876
25690	76.9390762404876
29138	76.9297935886
29480	76.8689
294456	76.7622
308509	76.7248652248
361309	76.7175
85426	76.6389
308959	76.4801
29546	76.4327050824
25690	76.3638938803061
84488	76.335732526
316575	76.3116
293967	75.9051398014
363013	75.6356638818772
85265	75.6262632448
294809	75.5214819612948
501083	75.486343222
303754	75.4819
290789	75.4278
362359	75.3916
314416	75.2572
406164	75.0758
291100	74.9888437156
293700	74.9669
171415	74.9245
65160	74.870506611
65162	74.793209552
294674	74.7022555369818
303285	74.4718
305472	74.226
365299	74.0964
289046	73.7478
289046	73.7478
301555	73.6185
365872	73.5910113041779
24183	73.5566
24790	73.35214459
296580	73.3137
83474	73.2004
29433	73.17
314850	73.0654
65248	73.0093
304794	72.9742608344729
89821	72.8419
24484	72.8271
29619	72.8198
24410	72.7501972165
25251	72.5419091924
299809	72.1902
64200	72.0246872781647
64200	72.0246872781647
64200	72.0246872781647
64200	72.0246872781647
303924	71.8861
140586	71.605
100360066	71.5984
313436	71.5375
301309	71.188
298024	71.1273485784831
81708	71.1013005582
312694	71.0365990296
500282	71.029
290614	70.7375
365948	70.4924251849
78957	70.4227
295322	70.3681
304271	70.3461810543
311730	70.2921159616
64845	69.747118733
360926	69.5535
25314	69.3686745046
297893	69.0468
286979	69.031945036
316583	68.6964
289400	68.6623376902657
500244	68.3623693076298
65190	68.2858
303233	67.8891
315094	67.8555
266711	67.69808329
192117	67.6581
192117	67.6581
24251	67.3848992832
261738	67.2601
89803	67.2445831072
25503	67.0969
309361	67.0268
313409	66.9961
314644	66.9359
114492	66.7305
25510	66.3754
25510	66.3754
80897	66.0815
288026	66.0345
316021	65.9811980575894
500036	65.8207
309338	65.6484395032
84416	65.637182511
300047	65.5532
690955	65.3342
300083	65.2737
362751	65.18485
84409	65.0511
116474	65.0256
311903	64.9252892383213
302808	64.8973
306439	64.8551
252855	64.7732
25054	64.7093092658
300813	64.6723672286
361668	64.5245883505
316810	64.513651033
304860	64.4616
363854	64.287613724
498089	64.274
29694	64.260076302
362013	64.2348323644754
683927	64.1944472231
366975	63.8366
297504	63.7670979044
292301	63.7336
65153	63.5559
116469	63.4954128173837
299256	63.481595119
296787	63.3124
313834	63.2583496601624
303300	63.0813
310363	62.8535
689704	62.8196
290467	62.6818913919
303272	62.5726
24414	62.55332441
25654	62.4521
117271	62.2175
287765	62.0879
286758	61.7508
83521	61.6412
301106	61.606
300367	61.5301120816
302396	61.4620509089007
311836	61.3404
24684	61.1136
303470	60.7047
60391	60.6708
59299	60.591189045
306451	60.4217
65207	60.3831
500638	60.29904785
360762	59.7665
84348	59.7121
619385	59.6905
619385	59.6905
171086	59.5488
296956	59.5389
59075	59.5018
304786	59.3919521053658
60325	59.2876
360761	59.2428001492
317322	59.059211069329
303918	59.0250384335
313689	58.7274
25012	58.6535176584
25012	58.6535176584
25012	58.6535176584
307616	58.6293
362810	58.59545
316561	58.4985
311163	58.4192
312563	58.2507567440673
25577	58.1940994519
79242	57.6372
266777	57.5877
25624	57.507
24316	57.4858153373301
79128	57.472936096108
308795	57.3067
288666	57.297
24610	57.0835
64709	56.8736
310399	56.6633
315427	56.5401
29492	56.4559
312912	56.403
314751	56.228992008
24564	56.0564473037
360548	56.0244
503000	55.9836
84476	55.975
94196	55.9674588454
312656	55.9447335852
296651	55.9091229568
363412	55.6921358478966
306814	55.68745718
313304	55.6107
293551	55.3972
100910318	54.9118
100910318	54.9118
29580	54.8574
171458	54.8372648632666
81679	54.7852405938
289392	54.7308816990571
362634	54.636
288753	54.5399
302495	54.2025
362283	54.1415
24539	54.1069
81737	53.9209
81737	53.9209
81737	53.9209
81737	53.9209
307124	53.9024
116693	53.7130413823
29180	53.6971
83683	53.6122
304885	53.4172632935314
305827	53.2492
25094	53.0884029822359
306748	53.0126
63837	52.9430064976
63837	52.9430064976
24949	52.8986
291736	52.8671931176
295347	52.81
24564	52.6778849432
286994	52.4574
315760	52.3574420032
315496	52.2781
295690	52.1767
307401	51.9683459037
300783	51.9465
315170	51.8331
24949	51.8201
362844	51.5907
83633	51.5038
304741	51.3955967794845
311919	51.3167
316916	51.2898
361659	51.2423
685781	50.9502
94272	50.853862688
65157	50.6823
25341	50.5818
689995	50.549171468
315352	50.545
64394	50.2745334973552
81738	50.228773308
316101	50.0
310303	50.0
500247	50.0
84396	50.0
362489	50.0
24922	50.0
681024	50.0
360896	50.0
309135	50.0
