691429	99.7099452528695
24954	94.66606
54268	93.4310947252
499328	93.33375
360480	92.7329164264559
308667	92.2668655256
303514	91.170933586
50672	90.74056
100363095	89.7448
300860	89.355
54315	87.9067
315686	87.5676
54398	86.6382
64670	86.3997631982462
311163	86.331086218
24930	86.0177
114591	85.7808
298992	85.4046
296306	84.8082
362279	84.6942203548234
300733	83.6345
291556	82.8851
291556	82.8851
362018	82.3476352275856
363735	82.1116
305348	82.0251
363603	81.4845
313211	80.9311
303836	80.5307
83472	80.2125
114023	80.1478
114558	79.7912
114558	79.7912
117257	79.7171
64152	79.5894850583066
303236	79.2689
60443	78.8081419216
60443	78.8081419216
60443	78.8081419216
293061	78.7001
84686	78.4783
246074	78.2595
314596	78.0012
301086	77.1622
313339	77.0812095823
24708	76.452
287962	76.3982
312563	76.3866116565
27150	76.277750078
317418	76.1402321798
292918	76.0065284017
58812	75.8177806790546
313427	75.7313690155
170819	75.513
290864	74.9229709616
290864	74.9229709616
294963	74.6985
64440	74.5487
296467	74.2975476101
314399	74.2740271261
29264	73.5823
29337	73.3463
308097	73.0903
287979	73.0418
24948	72.7539
302553	72.6483
80900	72.518
114839	72.4777
300191	71.8181
289827	71.6906
307897	71.3023
81727	70.7480314204
64626	70.7226
301555	70.4649
298757	70.3314
315611	70.0281917368
304763	69.838
309186	69.7251
114845	69.685968088
305367	69.2291
27064	69.198351616
252889	69.1584
306110	68.7843
362973	68.4568
312451	68.1614
497078	67.924089784
25023	67.7293
353256	67.6219452479
24831	67.4762723476272
304822	67.1994752304595
313304	66.4027
60666	66.2904
81528	66.115
287357	65.9366
296708	65.8692533906688
24831	65.7061043015551
306004	65.5669
362490	65.3523
113975	65.2027
25272	64.9036
311598	64.8687
25272	64.7181
25272	64.7181
302934	64.6055
246279	64.5478542892
246279	64.5478542892
29650	64.3943
361700	64.2247
25708	64.2057
619580	64.1676
310506	63.9032916165358
24918	63.7448725024
315608	63.3494
315546	62.949603133
78963	62.6758
287420	62.2348
685909	62.1183328434
290234	62.0374
24214	61.813385413
312495	61.7811
296623	61.6315238425
24246	61.4616
290668	61.4381631672808
300521	61.3817
304547	61.3663666745
303559	61.2072
294088	61.1118
294862	60.885006
25218	60.7762793722
308126	60.7744
171159	60.7405
64470	60.65728033
361704	60.2638
498309	60.1925593462791
296787	59.9884
25253	59.873
314743	59.7162
303382	59.593
84431	59.5256
114492	59.3063
54404	59.1945
313231	59.1456493822235
361677	59.0524
313725	58.9061
25558	58.8835937101
689364	58.6923917773
362303	58.6691
266670	58.4922
25477	58.4455
293694	58.215821414
117179	58.2133
296510	58.2117
64124	58.1968
690315	58.0195
116659	57.955
116659	57.955
116659	57.955
289482	57.824
291609	57.7217
361055	57.7102
307916	57.591462894
24437	57.3923
192189	57.3558
282829	57.0877
25624	56.7863771113
306285	56.7303
498749	56.6664
293016	56.6016147677377
293016	56.5495606528089
679975	56.5294
288702	56.4947889821177
85332	56.3003
313851	56.2857
29747	56.2571
314751	56.1982056616
315524	56.0404235132
306630	56.02
300035	55.8021
309025	55.7505
309025	55.7505
309207	55.718443410052
85428	55.6846323897
83477	55.6565
307900	55.6182296536
50686	55.1915
117020	55.1433265786327
307491	55.0931
171158	54.973
291760	54.9342545064
691138	54.636
500006	54.381
309722	54.3227136256
29713	54.184899745
24790	54.1559
313453	54.1316
312710	53.9796
192264	53.9651
307343	53.8984841489677
360990	53.7161
363545	53.6973
361882	53.6378
312890	53.6331
304055	53.4866
498153	53.2854
289595	53.2584
360827	53.1908933026894
499745	53.0742
315798	53.0579539896
295500	52.9286
313270	52.8747
305248	52.7683
79208	52.3561658488
301009	52.1879254476
266600	52.1496006522667
117280	51.8782
25281	51.8253
171565	51.6925
365948	51.4094
192152	51.3889765219
360636	51.3816
306128	51.1567995399
50687	51.0010759888
300980	50.6649
305956	50.2937281237
29153	50.0192723214
286975	50.0
84395	50.0
306722	50.0
308937	50.0
353303	50.0
305846	50.0
290652	50.0
294809	50.0
294410	50.0
