360681	97.4844663178
286959	94.20215
300235	93.9642906873818
303991	93.13766
308939	91.59494
294512	91.1405177178
360577	91.09971
140937	89.5488
81574	89.2226
361400	87.6299664365
313598	86.9759
498798	86.7574205
298376	86.4425
366894	85.9826484232
311919	85.623
683613	85.4896
303353	85.4542761832
116590	85.2562529727015
58853	85.2404
303753	85.2301521631
311854	84.366327088
25014	83.911
29398	83.4427
117180	83.0736724060347
25668	83.0539
83477	82.7313
54297	81.719
57027	81.3792349624
310086	81.1997
360983	80.9143
303396	80.8648
294362	80.3232
313125	80.1785
298894	79.557
171341	79.2129
298084	79.013163767
309858	78.691709428
296278	77.5689
365755	77.2393784171
294981	75.7822
317241	75.4004
25031	75.031908607
246760	74.637646237
296468	74.5781
362409	74.4058
114214	73.8602802333497
25337	73.4243
497902	73.2782
293184	73.0658
307251	72.7506
309126	72.718991348
500921	72.6835
313838	72.4505
399679	72.2652902536
113990	71.8891
288482	71.8652054858
290270	71.8325
366262	71.7986
266805	71.7401
113990	71.738
113990	71.738
360860	71.5986
24703	71.4545
313594	71.2969
360551	71.2722
313594	71.1923
291129	71.0158
299818	70.8520716284
314785	70.7363
312398	70.4703
29502	70.4245
360515	70.0206
27080	69.7054
306765	69.5982887225482
292155	68.9125
362013	68.6735
305253	68.5828
24848	68.3306
301563	68.3021
301563	68.3021
301563	68.3021
113990	68.2984
83507	68.2697
295538	67.934
300474	67.8045229379
303888	67.2799080352
25715	67.1706588107984
24766	66.9146
303135	66.8009938948
171402	66.2866
500972	65.6461
296762	64.9339057883582
192350	64.5966
58845	64.3589
24414	64.3096
313914	64.2174
314028	64.1301648296
316415	63.4779
291463	62.5168
300173	62.1158479868
25291	62.036569495
54259	61.201
366508	60.4385
363045	60.3299
361659	60.0593990824
314949	59.5884
25027	59.5514
500874	59.1942
685232	58.9851
100912032	58.9366
100912032	58.9366
81507	58.7770929536
688790	58.4977
84474	57.9008
171455	57.0793
26295	56.6405
364382	56.5949
25717	56.4466
363164	56.2129
302697	56.0920597345
313861	55.9978
308173	55.9849
81655	55.9748
315716	55.9421
192363	55.8126
291180	55.7882
310392	55.65885928
497936	55.5842
287940	55.471553066
29628	55.4374
316740	55.3958051336
85420	55.1275
313308	55.0607
367218	54.8294
367218	54.8294
315741	54.7888
287765	54.3083
311487	54.2597
303566	53.8706642937
362665	53.8507
289307	53.7901
302822	53.6735
313418	53.3151
58954	53.0486
304280	53.0414
361578	53.0106
289400	52.7317
113995	52.672882399
312649	52.5222302129
361522	52.3235
288562	52.3163
295446	52.2287
29517	52.2286
29517	52.2286
29517	52.2286
29637	51.778020366
301062	51.7499366357
287543	51.5125323196384
100363095	51.5046
296470	51.4554
307483	51.3839
171564	51.3683
293408	51.3028
260416	51.21278115
313678	51.1572054823
289727	50.8111957666
25690	50.8088569101
25690	50.8088569101
289353	50.8074
290818	50.6769126931
25690	50.361491954
309380	50.0
287418	50.0
361821	50.0
94189	50.0
81521	50.0
29384	50.0
