29528	99.2311383350107
315806	98.9862857584559
299138	98.7423781599
685679	98.59068
117036	98.4500222475544
303016	98.2449910508
689995	98.1387465609474
24511	97.9988166550063
290467	97.90825682296
500972	97.79816074234
294141	97.74989
64826	97.72419
361632	97.7079867351469
310097	97.5205736753
83764	97.4412329485067
83515	97.02074
363249	96.9186189040522
83689	96.8392453376
117255	96.7318088524819
25679	96.5313743059
313057	96.48844189852
192280	96.1072610897943
25027	96.08362
690139	96.03259
308875	95.8839664159318
292999	95.79542
290280	95.778208573
24784	95.64615744022
313050	95.53341618556
313098	95.20536
363091	95.18416
303749	95.17514
310034	94.92732
303730	94.7791165481072
293455	94.60885
304579	94.536753715
170924	94.513436084
83764	94.4807298161143
83764	94.4807298161143
308061	94.35111
266611	94.30907
313033	94.15185
315217	93.8928
315716	93.7737553574982
25690	93.72926
25690	93.72926
315760	93.64214
114090	93.4192083001
307855	93.351639331
311346	93.27965
64152	93.01864
311384	92.9408370427
309165	92.84752
312398	92.79877
29628	92.73909
295245	92.65423
207122	92.5716199455272
315461	92.56534
680419	92.55751
100360066	92.5510995826124
117140	92.5284169
313478	92.335697485
360571	92.25195
308668	92.20798
361940	92.05735
298091	92.04064
317391	92.0071
315594	91.76415922
312656	91.72363
307759	91.72111
312516	91.6615402704
100361818	91.61537
115769	91.6144
287721	91.5924342904
288091	91.54801
64558	91.4755941819748
373545	91.25142
290527	91.21737
297504	91.1688567153822
85385	91.05486
309172	90.99156
85384	90.92865
29645	90.89316
29154	90.76834
296654	90.75495
361732	90.75358
81818	90.59102
79119	90.59077
315211	90.52464
308864	90.4590339394
360549	90.42926
83611	90.400542474
25745	90.35266
29628	90.23244
287148	90.18178
306562	90.1107812681
81661	90.10817
81008	90.07923
302473	90.02761
29300	89.9293
305012	89.9035
25757	89.8496162542
25484	89.7771
361422	89.717
306873	89.6436459194
315904	89.4786
25478	89.4449
308918	89.3425
309053	89.3298
294103	89.2782681481
289727	89.048483599
83501	88.9374
29517	88.9019
311163	88.8004215164
81918	88.7831356145
362115	88.7519724157
684980	88.744
81649	88.6436
314824	88.6213114072098
293736	88.465651156
307296	88.3580346485
170899	88.2966
306375	88.2014
500988	88.1811
85428	88.150705365025
310352	88.1040692302
309361	88.0959397618
25690	88.0868
687266	87.903799095
316214	87.8222
361760	87.7503
170824	87.7435
25508	87.5917
29209	87.5696
288289	87.5258
308113	87.5057
303394	87.4877
140665	87.4713
54268	87.437
308632	87.3772
288719	87.3638
102554884	87.2283515168
80881	87.1103430912
362788	86.8609327051949
300066	86.8258
362342	86.8162
685072	86.7343474216
304881	86.7136
308873	86.5599
308652	86.5143
305164	86.3704
314814	86.1984
25404	86.1982
304884	86.1865
252916	85.9103
282844	85.857
24211	85.8156
29146	85.739306144
306204	85.6853
362383	85.6761899212
364706	85.6472552079
307986	85.6294
363103	85.5158
29629	85.4184
29629	85.4184
170670	85.3783
94172	85.3538
58954	85.3392
24626	85.3314
292760	85.2721
361676	85.0375
171092	85.0002586389257
295607	84.9901
29610	84.9772
114217	84.918
64561	84.9092
313494	84.8762
360482	84.8571
315761	84.8401
311039	84.571
64001	84.5706
362409	84.5293
24874	84.5028
29622	84.369
29627	84.3078
29627	84.3078
288702	84.2776
314196	84.2624
317589	84.1678
25431	84.1166
365380	83.9442
365410	83.9414020910474
25094	83.8331071964
310667	83.6618
25745	83.5219
304741	83.4677314361669
246046	83.4267
25054	83.351
296201	83.285
362238	83.2711
304024	83.264
64624	83.1483
360920	83.1446
308890	83.144
298410	83.1328
363115	83.0020906105
81522	82.8371
288583	82.7944
113956	82.6851
309429	82.6772
365895	82.658652050495
310399	82.428
309069	82.2308617468
500826	82.1711
299699	82.1549
50993	82.1307
365548	82.0439
50938	82.0348
619385	82.0182
24790	81.968599536
498112	81.8617
29721	81.8477
312640	81.7122
94203	81.6576
80850	81.6041560249
80850	81.6041560249
313427	81.6030673375
58838	81.3885
311508	81.27300752
65272	81.1762
29336	81.0572
245966	80.875839174
361191	80.7926241907
29153	80.4747709585
310540	80.4404
360636	80.4097
291796	80.3428
298705	80.1584446205
689560	80.1486
360468	80.0954
171099	80.0576
293016	80.055
79433	79.9766
25125	79.9528735472
116665	79.7901
294335	79.7798
360520	79.7662223975877
54227	79.7547
25363	79.6665546444
29619	79.6268
292172	79.5682
310178	79.563
113965	79.4369
288906	79.4152
313449	78.9632
301261	78.9338599003768
361555	78.9092
310801	78.8949
308843	78.8843
303614	78.8699
24783	78.6374
315789	78.628
306998	78.4035
306998	78.4035
303470	78.3749
619374	78.1516701666
84014	78.1451
293710	78.0096063664
25187	77.8047
58812	77.8000661393684
360992	77.7927
292887	77.7689
317630	77.7282
117549	77.7246
499157	77.7001
29213	77.678531805
252900	77.3051
306825	76.9926
292464	76.7641
295934	76.7464
79240	76.6852
192178	76.6114391337869
303888	76.5774
65168	76.5699
257646	76.5236
63994	76.3396
294981	76.3255
29517	76.2223
29517	76.2223
294948	76.2136
313231	76.2079
641316	76.1097725990017
296653	76.1020138324
290905	76.0982
315218	76.0867
58924	76.0354455003
360834	76.0225
29344	75.9864
83685	75.9362143858
499020	75.8595
499020	75.8595
499328	75.7892
307309	75.6659
309255	75.6374
304294	75.4897527904
313557	75.4449
25019	75.383
25479	75.2938
309514	75.2714
306809	75.1468
117035	75.1121
246280	74.9069
303914	74.8886
361391	74.8350873136
81504	74.7854
25613	74.7706
362051	74.722
362404	74.6172
294568	74.5473
499947	74.3945
303132	74.333
287638	74.3178
170465	74.2986017152
306071	74.2785633158
680945	74.2391
362171	74.2044589155
171123	74.1952
59327	74.1662
303206	74.1082
305268	74.05
313155	74.0437
362738	73.9448
85497	73.943
64204	73.9184828572
64204	73.9184828572
64204	73.9184828572
64204	73.9184828572
64204	73.9184828572
64204	73.9184828572
64204	73.9184828572
64204	73.9184828572
64204	73.9184828572
64204	73.9184828572
64204	73.9184828572
298765	73.8044
170840	73.7041
690366	73.637685064
116477	73.5641
299285	73.443
29497	73.4303
29497	73.4303
60374	73.3935924901
171443	73.2989
303350	73.0077
315345	72.928173414573
29215	72.9215
309280	72.864415563
29481	72.8517
170673	72.845
25240	72.6629
85385	72.6429
311245	72.5456744992
303312	72.5304
29227	72.4296
360868	72.3643989270368
299204	72.1679723844
290485	72.0313
303905	71.9383
304301	71.8526
311332	71.8262
25566	71.6455
316211	71.5395
311401	71.5196
64630	71.4657888676927
246047	71.4624
500086	71.3798508941
257647	71.3762
24948	71.3133
261738	71.2179
363448	71.215
306782	71.1486100108
24615	71.0707
64517	71.0646
295669	71.0481512454603
362264	70.9895630144
288659	70.904
364975	70.8999
685465	70.7767
362713	70.7447
287615	70.7133
362242	70.6979
100188944	70.6875
100188944	70.6875
25511	70.6573
362151	70.5436
304758	70.249522675
308265	70.2327105308
25751	70.1633894964
100362554	70.0014201089849
311849	69.7528
366275	69.7509
289399	69.6808
64665	69.5764
305848	69.4791
64366	69.3526
362238	69.3256
306183	69.1225
313352	69.1098
308283	69.034
287451	69.0141
307288	68.8972
360577	68.7964
685072	68.7895253842
303836	68.789
24771	68.7479435857
311478	68.7156
25622	68.5791610579
25622	68.5791610579
310207	68.5610288384
246249	68.14
296706	68.1311
288516	67.8516
309591	67.7856
362871	67.6822794658
24208	67.6791
364052	67.4140642234
24413	67.13806186
301081	66.8839
305458	66.8396
302562	66.7651
306253	66.6309
246074	66.609
317470	66.289685856
64315	66.0484
304656	66.0309
117558	65.9897
84588	65.959
24184	65.892
84050	65.5469
79237	65.4756
311622	65.4232
54281	65.4084
369016	65.1338
25404	65.0949
84357	65.0594
497198	64.9728
303517	64.6598
313594	64.6574
64394	64.6283678367
287622	64.4423
367252	64.3069383325
367252	64.3069383325
361849	64.2968
361598	64.2604
296259	64.1945
306792	64.0968
313387	64.0915
171341	64.0536
246273	63.8734
25274	63.6472586036
309164	63.33195223
25205	63.2964
309060	63.2695051304
25643	63.259425376
24392	63.258
315608	63.241
294809	63.0826518906
63995	63.0653
25279	63.015
362481	63.0124
60447	62.9676839324
360518	62.9291
260416	62.9079899392
114764	62.8074
690987	62.6210944022
307483	62.5913
25668	62.5858
24414	62.5836615937
305310	62.2749
305923	62.1325
29749	62.1068
63836	62.0178
29562	61.9467
307820	61.7291
29458	61.6836
155423	61.6823
303310	61.5701
306328	61.4487
94170	61.377
302977	61.2678
60323	61.2252
312135	61.0991
24356	61.085
192274	61.084629
287454	60.7497
304786	60.6922225938
361807	60.657
29726	60.5565
305434	60.4906
500564	60.1152776368
24414	60.0853660242
301365	59.9958
288291	59.9348
363225	59.7941780504
25507	59.7005
25673	59.5894
315891	59.4747
312952	59.3779
79124	59.2189
360678	59.1116
83582	59.048303127
309041	58.8799
309242	58.7938
54355	58.6946615282
360639	58.4802
291403	58.410532156
313588	58.273876464
301059	58.2422
362591	58.1774
64534	58.1273
25648	58.102737017
306582	58.0841
309002	58.078
362434	57.9717
296762	57.6223
499617	57.4149
64547	57.202264304
288259	57.1174595332
65047	57.0981
64040	57.0803
361568	57.0741
361370	56.9686
79215	56.7577
685258	56.7563
308870	56.7250119438
681062	56.5826
404280	56.5688
619385	56.4981
315352	56.4847
303575	56.396491861
363194	56.3761
84491	56.328
360871	56.281
293016	56.0065
25288	55.8337366666
246116	55.78395
497815	55.7651
313210	55.6677
25244	55.5854
24783	55.5588
315599	55.4273760682
294804	55.4075
60447	55.406034822
114509	55.2452
312927	55.1225
24788	55.1062
252921	55.1039
288182	55.0784
84491	55.0657
360659	55.0213753648
25700	55.0100719323
304546	55.0088
679937	54.9816
313662	54.8454
300051	54.815
65161	54.7316189725
306261	54.6472021974
300191	54.62
360646	54.5759
140607	54.535
24766	54.4809
292295	54.4502
24944	54.0263
63994	53.5306
63994	53.5306
140586	53.5095316631
306141	53.3534
114504	53.1733
171373	53.1492
24252	53.022658208852
24252	53.022658208852
24252	53.022658208852
24252	53.022658208852
306977	53.009595003
364785	53.0072
300142	52.9988
306687	52.9168
63994	52.8176
259242	52.795
287433	52.7903
309678	52.7834080476
25297	52.7665
314751	52.6078
29466	52.492
54321	52.3642
498650	52.2563
498650	52.2563
289199	52.1701
364678	52.0999
296344	51.8946377417189
363024	51.8316
309139	51.8234
679462	51.7516448728
310533	51.7161
288707	51.6726
24582	51.6632
84397	51.5503061158
289608	51.4878
305448	51.456552418
65129	51.3185
24500	51.2295749697
287537	51.1455
116479	51.121
619558	50.7877
364754	50.7838
171046	50.7774
116468	50.7578
289992	50.7462
302993	50.713
259233	50.674
289717	50.594665826
498909	50.5036251552
291921	50.4132848516
500116	50.0
81771	50.0
311129	50.0
29163	50.0
315611	50.0
361715	50.0
302935	50.0
29456	50.0
290361	50.0
306152	50.0
25746	50.0
