315707	87.4428
685244	85.5822804636
289482	84.0267
25717	82.9624
25528	82.883955563976
361986	82.6441
364419	80.0276144326
305424	79.3816
305475	78.8786
24387	78.2018526116
29722	76.3956570455
685244	76.1448
306400	75.7584217306621
298609	72.3984432327
100360582	72.1616
315170	71.395601275
306764	69.297
25255	68.5256
59312	67.8390059021
316164	67.3987982902
297109	66.9099
171145	64.8964
288512	64.1182
290635	64.037
689852	63.7031
24564	63.4941
287715	63.4627
307855	62.8734965743
361684	62.7811
24564	62.6954
315159	62.4234892623
361431	61.7471
360622	60.8661
297433	60.5986174567
613226	60.4811230680119
688174	60.3837062795
117269	60.2470242600893
292777	60.0835
680407	59.7639
337868	59.5725
306814	59.3039238145134
360823	59.2904
301119	58.1100215516
56227	56.3575765770033
64154	55.9108
308453	55.6411
312694	55.344377729
293950	55.1965774416
83576	54.4998
303882	53.8480793467
60327	52.787581144
293852	52.4414
252919	52.1979
303306	52.06
308568	50.8942344372
25243	50.4342614062
114638	50.0
303702	50.0
