85384	99.5916946170533
308971	99.38164998506
56064	98.88435804271
309804	97.43841874273
293551	96.90365
84550	96.36139148636
60443	96.1391057896
60443	96.1391057896
60443	96.1391057896
25112	95.46207
64547	95.3726367677624
266777	95.2956263565
361832	95.29269
29279	95.256391125
314265	95.054141533
25708	94.7620912954
65044	94.55101
171501	94.0339
290905	93.86716
29140	93.722879506192
300474	93.54927
311671	93.5447
362275	93.373652133448
81925	93.1988117842
310960	93.12841
313929	93.03505
64626	92.74465
298312	92.6699591875
289324	92.52980524
296084	92.3636
307916	92.3466925226
59329	92.24558
500690	91.87278
360970	91.73285
84014	91.48579
362325	91.42885
303470	91.3721839229
432358	91.2552502876
29144	91.0964967831897
56011	91.06394
363469	91.02696
60382	90.93431
24827	90.560531875316
313729	90.25817
116645	90.17898
291848	90.06337
117152	89.9779
65045	89.5452181768
81920	89.5261
290280	89.5011
287954	89.466
24948	89.4361
25522	88.6594
309361	88.5593473526
171123	88.44
291604	88.3667
296474	88.3610475184
498999	87.9986
360896	87.4741
360983	87.4394162464
25412	87.4366
260323	87.364
25706	87.3367506817826
89809	87.1346
680537	87.119503622
498130	86.9242408608
24941	86.8624
312563	86.5017946617721
365755	86.4649170577
307178	86.286
305544	86.0737
84686	86.0524
308561	85.9956
290744	85.6516
78965	85.43855
171144	85.3937
308739	85.1453
303394	85.091
85238	85.0461563173
25196	84.6546
303439	84.3389
680229	84.2889
315689	84.22773618
309129	84.1223
361580	84.0705
25547	83.888
29423	83.4588
25667	83.4005
29588	83.3328
303614	83.3263824189269
309255	82.9143312375
360571	82.6228
316085	82.5825
59107	82.5336
498335	82.5324
690139	82.4198
501195	82.4033
29733	82.2726
498678	82.2015
309126	82.1522506901
315439	82.0433
304290	82.0353
83571	82.0186
499745	81.7806
361285	81.5035
306165	81.258
498798	81.2211
313125	80.8617
362849	80.7981
117526	80.6769
306439	80.4337
501002	80.4162
85267	80.4156700014
289522	80.3615
361831	80.3197
89826	80.2311912649
245982	80.1947
307398	80.0768883821496
29546	79.7385
303183	79.6968423448
315346	79.6157
679713	79.6069
315744	79.5372
288026	79.3502
81802	79.3169
313594	78.7749745806
363266	78.749114192
116658	78.6957
313594	78.691542964
25049	78.6242
117140	78.5521
24617	78.1409539094
25124	78.0093
360498	77.9324
368042	77.8567
81661	77.8079
29503	77.7576
25495	77.7051
502603	77.3893
313845	77.3475643716
117524	76.9709
498140	76.9198
57027	76.826716194
171080	76.8095
24356	76.7802227039
171086	76.6376256526
64563	76.5920073968
362591	76.318946341
298296	76.218395335
50564	76.0095
79559	75.9032
260323	75.599
308993	75.2589
25570	75.1236
315211	74.8666
287521	74.7642443159674
313131	74.7300976018
287280	74.6507
252889	74.3830846354
313033	73.9023
25482	73.8675
29384	73.3656
301009	73.2852
310806	72.8439
84350	72.805
29693	72.7792
295928	72.7307829899
310958	72.5892351339773
303745	72.5102
29468	72.4601
500972	72.1702
500282	71.818943993
140940	71.5993084
170818	71.5837
140734	71.4785
315804	71.3666677164
499929	71.2563589208
362521	71.2408
366142	71.217662878
298533	71.1934913725
501563	71.1843427936
362876	70.920173623
364052	70.7258184029
24778	70.4013
84409	70.2409
64226	70.0868052193785
286973	69.2023
85265	69.1797484207
65248	68.7656
313418	68.374760782
679975	68.3246194576
362578	68.3185
362578	68.3185
314157	68.1512009725
317312	68.1336
301555	68.0177
171494	67.6748
116699	67.6170099875
310399	67.5370104515
64047	67.2911970917452
353316	67.0038
301261	66.950899580121
296076	66.9359
502988	66.9274
364634	66.8853
245961	66.7842
24247	66.6047
24247	66.6047
308215	66.6018
309002	66.6007
312373	66.1409
315093	65.9793
117269	65.8325785365
29705	65.7159
24881	65.57
140581	65.4656
114505	65.4534
360906	65.4219
313557	65.3164
500988	65.2938
25205	65.2799913724037
316344	65.133
25055	65.1124
304495	65.0113
171015	64.9678
140937	64.837244706
301460	64.5893
305367	64.5242871328
29357	64.2276
29357	64.2276
83534	64.1430151518
287361	64.041692974
25270	63.9878
308890	63.9824
317673	63.92225
308896	63.8324
54299	63.7786
312135	63.7647
361321	63.5435
690987	63.4887
299197	63.2877049477762
310688	63.2377
361315	63.2069
311427	63.1926
314648	62.9207
317675	62.675
310760	62.4132
309053	62.2648
362809	62.2456
171374	62.0929
307271	61.7011
291760	61.3923
25248	61.1839
290396	60.9822
24268	60.8671
304315	60.8481
171139	60.8344
171139	60.8344
171139	60.8344
293939	60.7714332403896
362272	60.5604
170956	60.4981
313997	60.4497
25595	60.4028
499380	60.0118
25399	59.8034
312634	59.6553
65196	59.6519945536
171113	59.6031
54297	59.5867
79220	59.5239591016
298504	59.3825
79209	59.2978
367218	59.18351286
367218	59.18351286
25594	59.1295
373545	59.1103
314384	59.0997048410977
58954	58.9775590783
360537	58.8452
305428	58.821653869
302363	58.795
296580	58.7669
311569	58.3666
24917	58.0207
50993	58.0138
25735	57.855
25735	57.855
25735	57.855
679890	57.7337
497978	57.537279819
302396	57.2438775268
298992	57.0144
305831	56.5634
305227	56.5037
60447	56.1027
300733	55.8635
314028	55.7117
26955	55.4488
302934	55.3467
282712	55.1137
245919	55.0288
312915	54.9177
362776	54.8494851947956
304813	54.818731264
360891	54.6125
308870	54.5497221088
288051	54.389
84360	54.2477
365802	54.2422
84475	54.237033937
293491	54.1303
83469	54.0403
294228	53.9519059045695
497976	53.7571957776
303586	53.6507453504
24946	53.4938
287475	53.2874
100328908	53.2359
79246	53.2251
83765	52.9547
306998	52.918730643
306998	52.918730643
171078	52.6309
361810	52.5601006741
81636	52.5424
641316	52.5285
361295	52.4682196686
114903	52.3235
313427	52.2756
64681	52.2343
292548	52.044
288353	51.9692613146
312903	51.9284
363674	51.7133
50719	51.6706634507
305935	51.583361104
58979	51.5293807032
292090	51.4913
24640	51.3147
24640	51.3147
24640	51.3147
171358	51.2172
303753	51.1697
303676	51.110087662
54251	50.9014785628
294804	50.8199
361736	50.7627239692
24479	50.5975
114593	50.4794608652
315648	50.4325763607169
298943	50.3882002499
310508	50.0
309256	50.0
171566	50.0
64202	50.0
