303567	94.30737
287276	93.51146
84380	93.10669
361086	91.54439
306575	89.3783
302671	88.4218
680717	87.7898
685229	87.2732
689954	87.1479866028
360505	87.1022
58853	86.7079
494445	83.8266419044
299811	83.4433131693213
317163	82.4136
690188	82.1990743569711
311726	82.0397
312132	81.8988048796
83726	81.8561
304157	81.7931
313121	81.7041
362325	81.6293
361920	80.9684
295027	79.4649
307820	77.5975565459248
298648	76.2822
287280	76.001
297173	75.6946
64678	75.6392
294400	74.673
171121	74.6091
171577	73.4665
314157	73.2532
292831	71.3230082836
306081	70.7307
306492	70.6062292486
499751	70.3757
294504	70.353
362264	69.5955
363016	69.4076
288471	69.2752
305687	68.8894
29204	68.8088
314717	68.28
493810	67.7247967534
84409	67.15
124461	67.1437
303918	65.5088
24680	64.584
363425	64.5206
114122	64.4603823612
114122	64.4603823612
114122	64.4603823612
114122	64.4603823612
84348	64.4289
56010	64.366
309227	62.817
116740	62.7718
361096	61.5101204018
25315	61.4824
25315	61.4824
289717	61.052489547
25343	60.9861
313125	60.724
290864	60.5433
290864	60.5433
364786	60.3748
311569	60.1837
289168	60.166
304579	60.1088
290912	59.7889
192126	59.1427
306817	58.825
362279	58.5868362729
29753	58.5166
307251	58.2387
315664	57.8538
24667	57.272
300756	56.5687160714
80897	56.54868209
309722	56.2111
85245	56.0641
85245	56.0641
84403	55.2276
25561	55.0151
308624	54.7978
361596	54.4072
361577	54.2292
312710	54.2095
315675	53.6547
192256	53.5890140659
192256	53.5890140659
300679	53.4143
361831	53.2154
246211	52.3755
307986	52.037
683630	51.8535
362463	51.5663
266680	51.3275
54251	51.1517
361295	50.9469
360993	50.9293
114247	50.8548
317252	50.7521
312678	50.5678485888
298487	50.0
362409	50.0
81830	50.0
