81801	95.815889623
303403	94.8632
24356	90.6216749164
314637	90.22137
292172	89.3272
296390	88.8665
85250	87.3852901902997
497961	87.0675
170900	85.7952
295378	85.3187044043147
307641	83.0562
170837	82.8311
301513	82.8137120869045
311450	80.8584
140587	80.2215
304881	79.458932629
304881	79.458932629
29384	79.028
313647	78.1737
450224	77.9605576822
368178	77.6284
29755	77.4314
679712	77.187664559
303306	76.69975888
500538	74.8057
291352	74.7411435961
83462	74.6849
100362347	74.2866
287927	73.2417779352
679668	72.2233208314
316400	71.1341557972
361628	70.935442912
291022	70.8563207045
432358	70.79355
85384	69.0909461888
310086	69.0088
291464	67.9167
501195	67.5965097575
310395	65.0106
294734	64.2758
83501	62.2694
362384	61.5859
312132	61.3342
313729	59.5284
64469	58.9705170798294
287709	58.3186
54254	57.3699
24499	56.9283
58840	56.907
364754	56.7095
297096	56.6701408421
290912	55.4448
315439	55.32330073
314721	54.9221
25301	54.9029
296753	54.7904
313609	54.6317
286983	54.3479
25695	54.3459
259237	53.7079
116600	53.5173
287212	52.7635
84474	51.322
293165	50.7056
298483	50.0
360917	50.0
365299	50.0
