306819	94.00289
365972	93.5241301878173
304053	93.03898
25608	92.76287
302864	91.7590139665
309871	91.36828
298652	90.9174315141
25099	90.84626
306091	90.303958909
171120	90.22724
24629	88.4324279584
292483	87.6382
80897	87.0793
83519	86.1589
361285	85.0031
191571	84.479
291023	84.4137
117056	84.30666574
305311	84.0047
499561	83.3833524196
296884	83.3514
306375	80.7545
25617	80.3578
307820	79.6594260164
309069	79.337
364154	78.5462
316539	77.586139468
308415	76.2077
29190	75.0267
362065	74.7433
287607	74.552933576
84394	74.498349778
679532	74.236
117104	74.1515
246279	74.0954909851
246279	74.0954909851
317498	73.7872
311802	73.0124
314221	72.8922
368042	72.7688544929918
100360100	72.3988
691534	72.1801
64028	71.7925
315655	71.6905
306817	71.5594
360659	71.5275
291824	70.4316
64358	69.8986722168794
25757	69.629
290562	69.5161855349481
116478	69.4685202252528
64041	68.9911
80850	68.7177
80850	68.7177
306687	68.3029
300783	67.9143603055
292090	67.6857480664
171140	67.1011
64076	67.0951
368044	66.9487378719364
83569	66.8742
306575	66.6611
81819	66.6335
302415	66.3921748645
294606	65.8636964373
315608	65.5352
312688	65.4228
25356	65.3397
319113	65.0991
192362	64.9948
29500	64.3433
368002	64.2493
29597	63.9304
81508	63.6378
117536	63.1366
117536	63.1366
117536	63.1366
117536	63.1366
25592	62.9414
308283	62.9349
307050	62.4397
304488	61.8351921688648
29209	61.6718
313609	61.4634
29468	61.3808
298084	61.2168
361070	60.8876726098
287447	60.8783
64032	59.4180949083253
298792	59.404741472
81005	59.2716566465654
362504	58.7319
29618	58.6141
307382	58.1591
360703	57.8163
303478	57.3906
315286	57.1322
25342	57.0717176212
499461	56.9943
362332	56.9491
303206	56.8896
306328	56.4154201225
315891	56.4025
308362	56.2787
317312	56.1616
291948	56.0458
314596	55.2638
114029	55.2179
498332	54.8528
56010	54.7854
619385	54.7772809664
619385	54.7772809664
301097	54.6814
361227	54.4857
315722	54.2029
291211	53.552
307642	53.4831
83501	53.1339
361814	52.7981
303274	52.6686
360230	52.548
362481	52.5332692515
309804	52.5285689592336
25719	52.2858
312890	52.2153867
64828	51.9206
314330	51.6539039716
680747	51.5392
312227	51.2815
312225	51.2173
311478	50.9879
306814	50.9077
294503	50.748143104
308971	50.3779012557
59329	50.0
361833	50.0
313477	50.0
60341	50.0
171159	50.0
