114520	95.9082
289201	95.03165
362051	94.0093614056
305171	93.83294
25679	93.81267
25493	93.02175
300652	92.756063631262
494445	92.7305220925
306548	90.50836
360514	89.7116815533
361295	89.0919
29411	88.6212
298884	87.648204385
497878	87.4251443212
309901	87.0088
290744	86.7357
29525	86.2787
295674	86.2063
50560	85.0898
25544	84.694
29566	84.2957
311137	83.4678453487
289143	83.1713357418
310090	83.0229516385
114247	82.9097622347
84050	82.7715
301309	81.8489
296182	81.0221537359767
361745	80.3712
140940	80.3227
289881	80.135692996
313387	80.0457
25553	80.045
310958	79.6599065730841
300083	79.4574
313089	78.8511168265
29497	77.9487
29497	77.9487
114090	77.6702
361095	77.136
170577	76.6649
314848	76.4596
308283	76.1323
360990	75.7093
689399	75.2967
294449	75.2515
100362431	75.0206
25509	75.0021
58840	74.0514
289590	73.4089
300186	73.3254
29131	73.2436
29657	73.184
689055	72.8652
305477	72.7915355612954
292064	72.503
117269	71.8587
289400	71.4802642874
257645	71.2142
84391	71.1999734015
362963	70.7159
114629	70.1992
64440	70.0001
307820	69.8495630744041
305367	69.6845
305256	69.5259
309242	69.3373
310638	68.1468
314028	68.0513680716
360903	67.747228590785
24807	66.6994
192247	66.5558
64534	65.9333
312203	65.8694
499157	65.7197
303518	65.1981
362862	64.3864
689415	63.6702
296137	63.3757336642
60326	63.187
360643	62.9728
307767	62.9303
58845	62.7213
497198	62.5186
291526	62.0391
294790	61.38883504
81749	61.2603
688790	60.4311
499964	60.4054
60334	60.2651
84397	59.9886
84487	59.5767
25617	59.2698
25565	59.1742
315806	58.7887
311118	58.6336
313270	58.6119
54299	58.5606
192280	58.5445302255
24784	58.3221
302470	58.14
360613	57.9819
361321	57.9782
24186	57.8628
29618	57.6913
303238	57.2956
361814	57.0463440035
298944	57.0047
314751	56.875575904
360983	56.821073885
362199	56.782
362521	56.482113652
297910	56.313
302864	56.0872
294065	56.003917063
81504	55.691
361631	54.5147
296161	54.3133500084795
29456	54.2161
313131	54.1501681355
83474	53.1578
286932	53.0953
117052	52.9682
259242	52.9167642382
50622	52.8040401367
691429	52.7935521731108
360973	52.5234193654637
308023	52.1889
266713	51.7641
246174	51.2158
310672	51.1736
362186	51.1309
171057	51.1225
362609	50.9103
312777	50.9003
294643	50.5681
65210	50.423144482
89811	50.31680959
291130	50.0183746943091
309361	50.0
140937	50.0
79433	50.0
361838	50.0
310363	50.0
266759	50.0
289311	50.0
289233	50.0
364712	50.0
289934	50.0
