363520	99.371392063253
298992	96.7536593865
311881	94.06142
65151	94.04703
311245	93.179318399
360718	92.7947
361628	92.4029393905
297768	91.54255
79256	90.88134
79256	90.88134
79256	90.88134
79256	90.88134
311902	90.15349
300900	90.0285
116650	89.9681
29619	89.376640246
170821	89.0825
363854	88.3072
365868	88.1029
295631	87.999566896
302810	87.6564
360461	87.2408
310258	86.8387
315170	85.8828389569094
315741	85.864282064
29628	85.4586322207
29628	85.4586322207
311721	84.8383
192208	84.1404
117017	83.9716
192178	83.4161723407701
290562	81.5336554648
679921	81.1577
114122	81.0023
114122	81.0023
114122	81.0023
114122	81.0023
84007	80.5448
287940	80.5377495586
85263	80.1128
307820	79.3292251101484
307050	79.1245
25558	79.055726484642
288108	78.8292
296182	78.664
307343	78.6328839145742
361727	78.53915
365657	78.3894
497902	78.3317357746
498328	77.27
56064	76.6025
293566	76.5826
289521	75.9159711208
288108	75.8794744204
304495	75.8434
306455	75.7286
116596	75.5905
363084	75.4161
310378	75.3339991795
83576	75.2754
310903	75.1557
102548228	75.1184
292087	75.0602
308100	74.7769
292687	74.6303
299194	74.4198
79124	74.0679
293860	73.8751
315949	73.8139
680445	73.618
140593	73.3567861258
307449	72.6412
113938	72.5878
116635	72.4005
362264	72.3171
25256	72.131
309419	71.8994
310772	71.857
24706	71.4324
361651	71.4292
308126	71.2854
497991	70.6209
306695	70.5701
308624	70.438390538851
252900	70.4145
680308	70.1685
24306	70.1529
25265	70.0376
367252	69.8272
367252	69.8272
298032	69.15091446
84397	68.5487
314600	67.6817
500409	66.9508
294456	66.8522
290232	66.3198
294207	66.1763
64358	64.8783393682267
25367	64.8757
25367	64.8757
25367	64.8757
25367	64.8757
117548	64.5477
294862	64.2735
287670	64.2419
192350	63.9618
171148	63.7529823873807
362550	63.5121
24616	63.0988
116665	63.0951080915
24831	62.7148526806
24831	62.7148526806
691209	62.706003309
362831	62.6935
313594	62.5395
313594	62.4294
64467	62.0514
29251	61.9562
29424	61.819
313507	61.7573524503
314245	61.6561
24590	61.4947
365895	61.0863796908
25690	60.762700878
25690	60.762700878
360534	60.7322
362844	60.694
25690	60.5067122775
24373	60.4026
289736	60.0689
24416	59.918
299607	59.5631
303924	59.5116
79247	59.3904
295382	59.3791
298098	59.2184
500247	58.5374
503018	58.4827
298487	58.1539
362018	58.1116
498286	57.9303
310201	57.783
291877	57.7131
79126	57.5612
171407	57.4326
29495	57.2771
114517	56.645419402
299188	56.3981
29511	56.2895101608
360698	56.2649389831
290364	56.2593
85382	56.1656
287523	56.1631
25426	55.7579
309656	55.7535
308939	55.3334
304656	54.3944
114633	54.313
363646	54.0978811216
497078	54.0129
315958	53.8997314998
308905	53.8938
310969	53.8275174354
307947	53.7534
304733	53.6775186502
289407	53.6693
288779	53.4871
64631	53.3437
315804	53.3024
25661	53.252
499328	53.2291
498234	52.9805
366894	52.8041
305851	52.7158
286983	52.5075
24380	52.5068
363412	52.4487636544
314859	52.4369
366889	52.3615
306009	52.2939
361970	52.2796
298423	52.0356
24215	51.991888607
304881	51.8133
29190	51.5202
58868	51.3426
25097	51.2722
84006	51.1563781339273
24787	51.1178
497954	51.1146
361655	50.6713
25557	50.0
116690	50.0
312952	50.0
287156	50.0
303403	50.0
266998	50.0
102549710	50.0
116690	50.0
116690	50.0
116690	50.0
50554	50.0
297333	50.0
