301118	99.9566291320297
83526	95.9561636598297
315000	94.72374
294806	93.41158
192180	93.19686
24787	91.56202078608
80773	90.3980811672
688394	89.8463
81830	87.4161389168
313216	86.9455
690745	86.5685
25095	86.5553
300813	85.7493
361907	83.537
314856	83.1916
245962	82.7283
295264	81.9602
311604	81.7977
305884	81.7692
89812	81.5857
29749	80.8677
304709	80.3052
295382	79.5460083433
301076	79.5423082225
84551	78.8921
360991	77.8116
299818	77.1311
293113	76.1452
100360066	75.4001
85432	73.6574
25665	73.6106766404
25665	73.6106766404
297554	73.5673
116647	73.2297907836
313507	72.7965
259274	72.7691
296313	72.6369
288353	71.9119
24379	71.4011
290637	71.0193
65178	70.7601
310630	70.4916
296161	70.4770830127
316539	70.1695481732
24953	70.0075383118
24953	70.0075383118
363115	69.8679
362527	69.1875
24948	68.9194
291709	68.3011
314721	68.2633
361208	68.1299
309361	67.1329
314824	67.1103848213
309009	66.9839
116695	65.531235098
361739	65.2614
314949	64.6753
300120	63.8952
85426	63.894751522104
296084	63.6865
54348	63.6758
116500	63.598
301674	63.5286
287593	63.4606
363913	62.8587
295219	62.8424
117519	62.63
305311	62.4814
25705	62.0474
58820	62.0184
306506	61.4148
360673	60.813582971
29403	60.7078
308392	60.5083
308392	60.5083
288108	60.5082
313387	60.1337
313438	60.1332
50622	60.0969
296302	59.8518
316731	59.6608
293181	59.412
315696	59.399
29702	59.3902
303292	58.8435
399679	58.7596
25671	58.5528
314322	58.4463
498331	58.3894
79011	58.2643
296284	58.2012
299153	58.1645
25218	57.8655
314157	57.3349
245903	57.2493
89805	57.1272
361289	57.0066
363445	56.4067427536
64469	56.2201710195586
312182	55.8483893791
101241893	55.4209
679869	55.3558
24944	54.9478
85428	54.77
292406	54.5936
498256	54.5315249011
25358	54.5224
29340	54.3252088396
171379	53.869
363445	53.7431227222
192359	53.3729
308306	53.3448
311902	52.9891
296708	52.9428
50663	52.7516
316221	52.7487
50558	52.4101
89804	51.9424041942
84356	51.5737077376
296849	51.4762
308795	51.2979
29748	51.1657
294400	51.0843
24172	50.9605
310958	50.8971141093
310769	50.3491881178
298084	50.215340764
309478	50.0
294103	50.0
313385	50.0
307766	50.0
59312	50.0
78961	50.0
664630	50.0
303764	50.0
