300173	99.180368210688
313409	96.12958913272
288908	95.8547385748
366894	95.78897
301235	95.75533
25469	95.70276
313554	95.6591845144
60447	94.827949233528
64157	94.58126548968
290396	94.48506
300754	94.27273258696
313488	93.37688
310638	93.21588
292301	92.70185
25046	92.61668
25267	91.4765
171135	90.96164
114845	90.5837
498328	90.39024
171088	90.37297
84556	90.30114
303478	89.9228894929
24209	89.7204
362836	89.6958
29735	89.2296
302980	88.978
293024	88.2286
64558	87.7928056714
359725	87.7549
298875	87.4315
288700	87.31
64553	87.2863
60447	86.7688385554499
291670	86.7262
79242	86.5981
315795	86.5749
293343	86.1467
54309	85.8353
171124	85.7372
298399	85.0464
293546	85.0407
24831	84.345914126
114494	84.3377
303132	83.3519
303730	82.8928198414
304822	81.9785
363412	81.9252
317183	81.4692
246297	80.8793
500036	80.5437
294324	80.4769
25149	80.2036
308667	80.1274
114506	79.3358
83689	79.0991
360983	78.7999
24831	77.927802621
29616	77.2193
365948	75.6524
171050	75.592
64475	75.1255
317576	75.0084
306630	74.4163
64552	74.3528993559
64552	74.3528993559
314641	74.2089265834
364208	74.021
300756	74.0048
304813	73.5923
296408	72.8489
24165	72.8458
50659	72.7784
25654	72.4048
117264	72.2806
25187	72.1691
366624	71.7983
315949	71.1824202688
304474	70.3837
680319	70.0985
291840	69.5514
363783	68.9319
362860	68.9236
287191	68.3241
54281	67.8364
64194	67.7529
306562	66.9986
654495	66.4768
64507	66.3398790656
303356	66.3185
312154	65.3219
29747	64.6214
363985	62.7558
246215	62.3627
308937	61.522
64551	61.3294
64551	61.3294
365652	60.3944
83824	60.3717
81022	60.3664
309533	60.0727
305831	59.6548
298091	59.3029
311846	58.7228
94338	57.925
304271	57.1849
311881	56.6484
304290	56.4924
25162	55.5388
307070	55.5305
298757	55.4511
306991	55.3638
60350	55.2859
304885	54.733398634
361195	54.6215
54254	54.277
498407	54.2207053662
287464	54.0743
313027	53.8629291241
303828	53.1859
291709	52.907062096
257646	52.7357
81638	52.6559
66014	52.589
266709	52.1261
24390	51.9554
84550	51.4497398812
25514	51.336882712
298012	51.1477
25605	50.6413
25705	50.6221
303702	50.5184
300954	50.0
288654	50.0
296182	50.0
192117	50.0
192117	50.0
246212	50.0
