26954	99.663017468884
299611	99.631094075825
366894	99.2765259721228
498140	99.1725224227176
306439	97.97924248582
310960	94.9421116048
317395	94.57903
309031	94.4036954114
116654	93.85825
291604	93.56041
59327	93.01716
83683	93.00378
309144	92.18265
291320	92.17087
313510	91.93392140045
309812	91.9229954411157
315548	91.85026
290500	91.70795
290500	91.70795
64316	91.1586
362092	90.9231
288710	90.88151
155423	90.74486
315958	90.6416449049
64020	90.45144
315915	90.32718
297607	90.03273
85265	90.01921
117257	89.782228544
64200	89.7211
64200	89.7211
64200	89.7211
64200	89.7211
310760	89.7051
360833	89.5036
362185	89.4807
304218	89.2280789114652
304218	89.2280789114652
293570	88.7525559986025
313488	88.2493
303016	88.1794066668422
309544	87.9554
286973	87.8607257077
309420	87.4235
29170	87.3793
313348	87.332
81809	86.8385
171517	86.7913
298884	86.7392
501157	86.4806
691099	86.4606
301416	86.3765602118
64668	86.25
365802	85.8275
100233176	85.2179
365755	85.0364136173911
64440	84.9390261706
100233213	84.9178989442
79433	84.8140521034
289400	84.7576
25316	84.6781
305972	84.6193891942
361675	84.4004
362485	84.0916
311349	83.4073
116551	83.2804
257647	83.001
310097	82.8162771044
25705	82.7944446668982
64313	82.3943
311872	82.3508
171102	82.275907498
192178	82.0700590913087
307302	82.0099
498549	81.971
312903	81.1396
299811	80.8748354852089
192361	80.8302
100361138	80.6855191149
311359	80.5657
306817	80.067360960381
311742	80.0648508165
296293	79.9471
362871	79.943948788
303407	79.8005
116506	79.6093306524
116506	79.6093306524
309855	79.539
361771	79.1058
312828	79.0547
289054	78.7835420925
29735	78.3762
84586	78.2858828698
313270	78.2714
25270	78.2257
685465	77.935845846149
299608	77.8247
81504	77.5776556402
303353	77.4985447008
307124	76.9904105272
313308	76.8051762415
100912032	76.7805
100912032	76.7805
289777	76.7309
298934	76.547
54299	76.4769
305302	76.2486
302898	76.1844
312381	75.9533
80900	75.8986915408
25094	75.8824
170843	75.3462
361920	75.2232335118643
85243	74.9293
680486	74.9204
302489	74.8804399798
315218	74.7694
54398	74.64915
291078	74.2738
310745	74.096060158
300221	73.971
170902	73.5919
308215	73.3754
360511	72.7409210533402
315722	72.736
304900	72.4961124685
287474	72.1563
360908	72.0345
207122	71.9048
25672	71.8835
171447	71.8616
171447	71.8616
171447	71.8616
171447	71.8616
171447	71.8616
171447	71.8616
171447	71.8616
292843	71.7907
113976	71.7621
289312	71.7474489816181
314824	71.7420385507663
310399	71.5565
79426	71.5045605841
245959	71.4038
245959	71.4038
29748	70.9063
54705	70.7937
54705	70.7937
310201	70.3299
288264	70.1257866251889
288264	70.1257866251889
307296	70.1253542648
309678	70.0929
302711	69.9791407540538
362283	69.8587
114090	69.7375
24849	69.7171
305317	69.7105
306157	69.6349
50622	69.13439302124
314046	69.1142
296349	68.8247
307348	68.5184930054789
289201	68.4025
362463	68.206107646
288233	68.0378269152403
291653	67.7621
305544	67.5002753734
302975	66.985
309008	66.95
24316	66.908
297504	66.8001793474
25497	66.7591
300886	66.6105
292199	66.599
83824	66.5159250151
25605	66.2813288734
25690	66.1682
25690	66.1682
25690	65.771
317575	65.7672
287974	65.5936
83842	65.593
367252	65.5052520768515
367252	65.5052520768515
25054	65.2388
304881	65.1289336182
304881	65.1289336182
305310	64.7401720295
317396	64.6894566946
245956	64.6089409140866
364033	64.5936
300367	64.590543894
83580	64.4916
59317	64.4621
303292	64.3308109050655
680931	64.2311
171122	64.1819
288256	64.1612
56064	64.1303
302913	63.9278
312727	63.779283048
361070	63.7719631
289175	63.7268
310812	63.7168
259273	63.6645
365895	63.490251582
117255	63.2856
290705	62.6942
301309	62.4329
25478	62.36215
362609	62.2999
116665	62.2940743079261
307070	62.2929175744
302669	62.2272
295027	62.08223607
83513	62.0627
366492	62.0465
310506	62.0156
367307	61.8314
367307	61.8314
306165	61.8035145223
246116	61.5618447954381
309129	61.2368
312135	61.1576
302369	61.0523
292758	60.8949
171090	60.7329
116690	60.40005616
116690	60.40005616
116690	60.40005616
116690	60.40005616
360905	60.13
312372	59.8861
362778	59.7987
89811	59.6305550508
361574	59.5631
361849	59.5207
252855	59.5056
306695	59.4806
84486	59.421
295252	59.3752
289196	59.3392
83534	59.2554
362106	59.2216
84394	58.7934606915775
303923	58.6066092382
308890	58.463232455
309656	58.4052
29300	58.3092
89821	58.2864517350137
313647	58.2830144482
306722	58.2368
29534	58.0644
306147	57.8258
314405	57.7741
499951	57.737036544
307067	57.7011
103691034	57.691902220829
266761	57.6297
171050	57.4909083694
360834	57.3478476688
310801	57.31
171458	57.2549002256265
291921	57.124562284
289399	57.0068110687334
60382	56.9856029926
373544	56.9689379407076
683570	56.9101
362029	56.8648119556
309513	56.8565
25558	56.7692
83806	56.7255
83505	56.6555
317413	56.1077
313352	56.0894284042
313845	55.9603948731
681178	55.8594563932375
306091	55.655
364681	55.5576745441634
306203	55.55312269
171548	55.4366148022
116482	55.2047059223117
361309	55.1263
114216	54.9029
312398	54.7704
315689	54.6524
313554	54.6179
301378	54.603055634
24451	54.528175288
116590	54.406025062
171304	54.4036494144
313228	54.3518
81684	54.2771
309465	53.8785
171379	53.8360491748
297685	53.7912
362900	53.5669
50646	53.4912
302373	53.3834462428
297123	53.2416
689399	53.2356
308537	53.2203
288937	53.0190347538
365751	52.9767
316013	52.9462
312199	52.8875
116721	52.8275
56817	52.7873
56817	52.7873
56817	52.7873
690745	52.5449
363016	52.5084
114845	52.294029353237
114211	52.2825
296060	52.2592
24654	52.2238
59265	52.1752238745
293098	52.0754
315798	51.974
302619	51.9639
24260	51.912026752
679975	51.8059
315000	51.7054
360983	51.7053136711
25544	51.6654
315741	51.6257
298675	51.594465257
360854	51.5885096355
25248	51.4785719804
306011	51.4440951890466
682902	51.4294
315496	51.2826354664951
117267	51.166440008
29366	51.0711
300030	50.95
64186	50.9436
171060	50.8992
689931	50.8836
308939	50.8165
306998	50.7033
306998	50.7033
25311	50.6994
361585	50.6432
83765	50.6220928176077
24446	50.30673245
301709	50.0
65190	50.0
25565	50.0
246253	50.0
50555	50.0
