58823	95.340934618
24653	94.02138
84032	93.73572
312491	92.96524
64823	92.81626
500709	91.6208384608
81922	89.9379854052
25584	89.7245859183
679937	89.509135798
306197	88.9173
316256	88.8609
140943	88.3707192754
54241	86.503
113976	85.8657
293489	85.8611
25288	85.289
81679	84.8882
298867	83.84
58838	83.3973677930093
307848	83.3424
306764	82.5592
365382	81.5014
140544	81.3968
287615	80.9201
29489	80.8609
303614	80.8432
304923	80.8429
288057	80.6146
116744	80.4728
314126	80.3603
60427	80.158
60427	80.158
309014	80.0985
360709	80.0037
290326	79.7387
311598	79.6946023762
363136	79.4477
25445	78.3753
170920	78.157
50554	78.0107288982
679712	77.9621
25293	77.8124814071842
25293	77.6480592112159
25293	77.6480592112159
25293	77.6480592112159
25293	77.6480592112159
83571	77.3548
64531	76.9804789147684
117268	76.9142
29447	76.4186
294313	75.4633
288161	75.3888559500015
259229	75.1538
299138	74.8747707881
360518	74.8114
364786	73.9460303835284
25508	73.9416
499508	73.9317
361920	73.1585
366624	73.100878972
24851	73.0019
24851	73.0019
24851	73.0019
24851	73.0019
24851	73.0019
310638	72.4893046413
84027	72.1736
309514	71.9583
79120	71.873
308392	71.4934
294283	71.2299443104
679221	71.0112
310806	70.351
25482	70.2371
113936	70.0615
312694	69.6607
298504	68.999
302328	68.905
303790	68.7054
266732	68.2757
58921	67.0244
309053	66.2811779356949
29693	65.8656
315346	65.6021
306695	65.4989231884
259233	65.0445367645
367252	64.99212292
367252	64.99212292
362106	64.9337
24252	64.7629
24252	64.7629
24252	64.7629
24252	64.7629
302378	64.7094053887023
365755	64.5806
311910	64.34
29483	63.76075
117036	63.399274016
307200	63.3527
286996	63.0075
246152	62.9882901875
305055	62.9206
313234	62.8054
298019	62.7085
313242	62.7036518281372
287564	62.3227
362316	62.2906
306600	62.2774
286899	61.0017
83529	60.9326
83712	60.9129
54190	60.8509
24388	60.7102
298992	60.4962376768
360839	60.3951
289526	60.2309
308392	59.6903
292756	59.3564
498234	59.2407
291464	59.0849
64043	58.9319
302965	58.894994839
310352	58.424355595
29613	58.1442
29613	58.1442
29613	58.1442
304569	58.1198
81503	57.7477
312372	57.1586
364975	57.0895
304860	57.0208478392
307810	56.9331
64315	56.895705558
24831	56.6712
24831	56.6712
246771	56.6563
305812	56.614
24684	56.2544
25682	56.244159316
292852	55.435
313845	55.4040785554
170914	55.3075059538
499929	55.2641
307171	55.0356
25549	54.9528405262757
298875	54.917
24770	54.8211
29483	54.0276847135
29483	54.0276847135
29483	54.0276847135
291736	53.9995
362182	53.8425
500000	53.6024
83800	53.5788
500988	53.3061
25531	53.1947
29448	53.1774
64474	53.1618
308584	53.1374
311617	53.0842
502674	52.8795796572
303010	52.8069
83792	52.7813668443442
24244	52.6527
54321	52.0366
307927	51.5679
294799	51.4874
311144	51.4383
29625	51.2874
287543	51.0025652731
309156	50.8945
316304	50.8522
117282	50.6707
361921	50.5777
361746	50.5673
300813	50.5608
85428	50.1850193434
302808	50.0
299971	50.0
309129	50.0
29591	50.0
311764	50.0
360600	50.0
