297968	96.0741312688
299949	95.47152
298203	93.71125
494345	93.16561
307050	92.91764
317418	92.7406980422111
363014	91.939668868
302666	91.86402
288353	89.9664
691042	89.6378754112
114203	88.6489
83839	88.4455
29693	88.0174
311562	87.7244
297113	86.3182
308971	85.6784044935
89787	85.485776419
24777	85.38
316256	84.7557
315806	83.9928
84396	83.3462
171041	82.6226
367252	82.528042916
367252	82.528042916
171041	82.4913
155192	82.2240924445
314862	82.1436
308864	82.0133
25615	80.58
500006	80.4874
310392	80.308
83581	79.8014890702617
316211	79.5238267264
301374	79.1904
100360427	78.9585
50690	78.5637
363220	78.5464
29502	78.4401626549712
293343	78.1759
171058	77.537
29715	77.4935
29715	77.4935
29715	77.4935
29715	77.4935
29715	77.4935
29715	77.4935
29715	77.4935
29715	77.4935
29715	77.4935
29200	77.4124
24718	77.1356
363632	76.9693
296318	76.6246
304555	76.5648
312828	76.1870627649353
60333	75.7413
295922	75.7355
292172	75.3142
295922	74.9535
171147	74.5089
24926	74.2679
64301	73.7771
171396	73.4274
309136	73.421274718
308409	72.78
313027	72.6756680398
364624	72.4476
29591	72.0209673489729
474154	71.5853
294568	71.3552
314352	71.3369
311166	71.2895
84469	70.764
25743	70.2016426519014
25560	69.7439
287278	69.2610223653
24416	68.7014
311856	68.607425686
313125	68.5499
361368	68.3095
683077	68.2599
114490	67.9701
316034	67.8252
289810	67.2531864085
360665	67.2401
360546	66.5440577583934
25566	65.8333227826
65096	65.6662277296
289934	65.4784
309586	64.9884341194
29723	64.4793
29723	64.4793
24628	63.8786
302808	63.6609
680549	63.5434845325
680549	63.5434845325
64322	63.3971475019997
300084	62.6969
25102	62.6657
313038	62.5854
287776	62.4503
498301	62.3119
305477	61.904184336
309514	61.7469
294518	61.6812
293711	61.5255
116721	61.1569
117036	61.0912
311872	61.0147011906
24831	60.9480263539
24831	60.9480263539
292295	60.7311
140694	60.4433
312603	60.2971
24784	60.2522727981611
24949	60.0322028564
304714	59.9922
363126	59.7674
306534	59.7132
24949	59.6952946344
294230	59.5002
317335	59.3433
306600	58.9626739388
299027	58.8312362175
308899	58.6349503155
308899	58.6349503155
310399	58.2361
306352	58.121
306400	58.0909
25679	58.0873597825
314621	57.8326
65272	57.7836
25301	57.6695
307428	57.468
315741	57.4286
297481	57.36145
310538	57.3128
83466	56.89516678
287942	56.436
79123	56.3465
313101	56.3463
24790	56.3063
114002	56.1446
300886	56.0238
309139	56.0066
314423	55.8411024719688
314423	55.8411024719688
306439	55.75428925
300027	55.2635
288779	55.1476
79239	55.1279
79239	55.1279
58959	54.7209
58959	54.7209
310855	54.71878685
297911	54.5314
304809	54.3516
84594	54.2593
406164	54.1614
362634	54.0503
290567	53.6360397917
365380	53.3140686857879
252860	53.2825992982
362242	53.0168
367218	52.958088856372
367218	52.958088856372
304410	52.8513350846
64531	52.695331399
360958	52.6597
360958	52.6597
81707	52.5824
641386	52.5492
313811	52.4812
337868	52.451
64521	52.3646821255
84577	52.2816
298859	52.260159523
81519	52.101580092
299204	52.0420789599
690244	51.9819
360584	51.9243
64026	51.8459
361801	51.8395
306549	51.8209
25464	51.8073533296
287607	51.5872
497902	51.5500839456
25187	51.4818
29579	51.4617
84488	51.4039
313668	51.39830695
246254	50.83931516
246254	50.83931516
301076	50.6385
116459	50.0
100216475	50.0
308509	50.0
25331	50.0
