362835	96.8300658162965
81733	95.72206
310341	95.6069
302507	93.8585
361532	92.98956514558
81819	91.79038
316421	91.22736
25186	90.9286
291996	89.4367
25687	88.6810045473784
85333	88.1245
498140	88.0807889173
288482	87.6100940185062
315160	87.474
306575	87.3357
361296	86.9827
25248	86.933
305458	86.3845
297604	85.9536
59265	85.371
310749	85.1259
294380	85.0388
25751	84.8852
114120	84.754418644
65146	83.961
305795	83.7683349060573
294732	83.0845
315804	82.688
316101	82.5885
307271	82.1019
294018	80.7571532608
313838	80.3688
24225	79.8674103826
24225	79.8674103826
24225	79.8674103826
24225	79.8674103826
24225	79.8674103826
24225	79.8674103826
24225	79.8674103826
24225	79.8674103826
24225	79.8674103826
24225	79.8674103826
116743	79.3041
304289	79.2973
100310874	79.127
170851	78.7378
64672	78.6756
171147	78.4300731635
29650	78.3009
29705	77.2512
246264	76.8311
362686	76.4803072740463
84408	76.2134
290356	76.1244
289865	75.8986
361601	75.7207
307348	75.5813
361018	74.9682
309004	73.4148
29596	71.7908
313770	71.7295
295382	71.5535
252941	70.990632002086
362979	70.976
25672	70.601619548
302680	70.1459663256274
306619	70.0144024613
305549	69.6909
309456	69.6568
309456	69.6568
362703	69.5816
360619	69.4899897244295
29271	69.2879
25444	69.2487
307124	69.0510490452
170843	68.3745
302492	67.92534973
24399	67.848818852
294674	67.4231026756
312373	66.808
308212	66.6166633858
83469	66.3337
319110	66.0147
29345	66.0068
300120	65.9214
295701	65.7801
25512	65.6513412796
294981	65.1298
25416	64.8914
54262	64.8019
54262	64.8019
362930	64.7586
305816	64.754
192270	64.1986506829
29665	64.1914431731733
361970	64.1216
29670	64.1179470816
287473	63.6561
25482	63.3121
309596	63.0389
114203	62.2533
309871	62.0155
25205	61.8014
303073	61.6140453719331
689890	60.88000693
170924	60.6645
302396	60.3991
307855	60.1577155008
114520	60.124
116548	60.0715
363115	59.7749
25730	59.5038
499099	59.315086726
311326	58.8768992826
64521	58.8332365066
26296	57.6125
24913	57.4784
302808	57.3237
60394	56.9855426552
25434	56.9199
293938	56.7681
29755	56.7283
246331	56.2839
306257	56.2482
117036	56.2318
192251	56.2239
353303	56.2167
293497	56.1209
171178	55.887
686611	55.779
686611	55.779
360768	55.4980353957
365548	55.2013
252889	55.1317
304885	55.039737435199
362587	54.9724
287441	54.3064751036
50662	54.1646
24943	54.1527
64076	53.6826
29588	53.5627984903
171088	53.2131
24772	53.2007
298024	53.0132
298024	53.0132
680419	52.857
310506	52.8306626412
294754	52.5259
170672	52.3935
362050	52.3818
360990	52.3648
287954	52.1888
289144	51.8244
24414	51.5691
294698	51.4523
289196	51.3672
362246	51.1336295796
360406	51.1283
299194	50.7683
302822	50.7016
308118	50.074457815
24414	50.0
304092	50.0
83500	50.0
