361207	98.1433312336
373544	97.622982595
295619	96.42069
300811	96.055790479
25640	93.96716
24771	93.4426
25640	93.32175
25640	93.32175
29728	93.24172
117268	93.06514
295027	92.3097950104
29521	92.2891770542432
24765	92.19661
315891	92.10270189261
309041	92.09303
29150	92.07605
500616	91.7624929442
24159	91.19464
24159	91.19464
315997	90.93741
500282	89.9865914838
680445	88.9524088910989
298648	87.4345
58940	86.5786
294732	85.8139
293524	85.2447
83803	85.0873
171485	85.05621752
307579	84.8831
84509	84.7389
364838	84.7294
287984	84.2298
116554	83.9456884196611
83720	83.8627498244149
83572	83.6912446924
25404	83.683232448
25404	83.683232448
297990	83.3796360814
63938	83.2226
83472	83.192
501195	82.9654441309
252879	82.8517
691966	82.8161
366697	81.831432988
498301	81.6821168135242
310958	81.4407220559222
64896	81.2906
311872	80.3203
296346	79.947849401
310074	79.833137492
83588	79.4279
81804	79.3838
83825	79.268557384
297867	79.0726
296259	78.8776956648
363735	78.8615
312192	78.8330357047
296588	78.5911665424
288181	78.0609
307039	78.057195748
310090	77.8163
316013	77.6801
81744	77.6535
297805	76.923
299971	76.8955
307382	76.8194982304
365299	76.6514
296935	76.5765
679890	76.312
310250	75.7668
29390	75.7463
312102	75.6364
29216	75.494
362049	75.4855948618
297387	75.1739888062594
170842	74.8057
24778	74.7403
309804	74.575962508
313477	74.4034
117180	74.0914943113
361814	73.8072
362495	73.50315
292751	73.3623
266681	73.3581
301555	73.0536
29434	72.9584310645
81755	72.93123016
500000	72.9148
313772	72.8159
363662	72.2076
304670	72.197
313554	72.1003
24768	71.7805
291793	71.5909455546
501563	71.4048
25705	71.3735
24605	71.3182
299138	70.9558529238
79209	70.895120344
246280	70.6859
65166	70.2604
29753	70.0645
25708	69.7222448557
286924	69.4651
302368	69.4394
365895	69.3739896879195
58970	69.2812
298138	68.939
79120	68.6993
501454	68.5429
501454	68.5429
361213	68.4856564554
689161	68.3239
304850	68.1537526084
362547	67.8746
306257	67.8651
302363	67.4949738159139
360886	67.2035
362713	67.0464399529
312563	66.8172947766
289950	66.6902
313409	66.6197
686295	66.0649714844
24674	65.7909
308796	65.1085
304786	64.9537662368282
294799	64.861556674
171151	64.6068
315496	64.4892
301085	64.3453439092
65248	64.3347738566
79121	64.1728
24672	63.9484
63868	63.4807
499194	63.3647
24667	63.1003965502
297902	63.0303043802
81676	62.6764
192646	62.3341
207122	62.2826
25281	62.1799
299920	62.1056
25205	62.02797058
360855	61.9927
116676	61.9845
361159	61.944217651
29619	61.7218
363062	61.6912
191572	61.3914
310086	61.1948
24188	61.0723
57395	60.5886
64626	60.4221
64158	60.3733
288305	60.3521
317256	60.286
362483	60.2694
303180	60.2404
84407	60.2101
312108	60.2056
362288	60.2055
303888	60.1889
309957	60.1748
301737	59.5475
297768	59.3422
313449	59.1381
29477	58.7762
50566	58.4910820787785
301513	57.5290993012
116693	57.3975
310848	57.3934
365252	57.2952
25372	57.2824
309586	56.9364
298894	56.8878
309729	56.7107
313121	56.687813155
288025	56.1275
300189	56.0052
500989	55.846
287437	55.6731
300679	55.6148
80849	55.563
311854	55.458
290326	55.37433306
57301	54.8798
24874	54.7193
305000	54.6811
362710	54.6194
298524	54.474
307766	54.3461515838
290834	53.6787
313156	53.6359
116641	53.6116
361309	53.5743
362485	53.5321
29622	53.4825
114839	53.4256213112952
299002	53.216099884
362115	52.964093473
500255	52.8881
360511	52.796883424
361509	52.737391945
308451	52.6557
114521	52.5008
310097	52.4234
306862	52.223
81673	52.1717
100310874	52.1139
363519	52.111
312678	52.045680983
295445	51.9559
362788	51.8308
307251	51.1954
58976	51.1859
309532	51.1444
113976	51.0879
79208	50.7720005730683
287098	50.7063426665
303518	50.499325194
298653	50.0
24259	50.0
314964	50.0
171114	50.0
171114	50.0
171114	50.0
303798	50.0
25700	50.0
315741	50.0
360613	50.0
171114	50.0
297173	50.0
24942	50.0
360540	50.0
