29163	99.5770456659653
301309	99.2175022591054
690139	98.5707916845869
317235	98.5464492541353
312927	98.0535329599635
314930	97.945514819723
246232	97.3216299099348
294790	97.203783137135
25202	97.02980535672
59324	96.9753318233949
315305	96.6962521588163
691947	96.6083553148
311039	96.3605675396
170699	96.2961014560465
641555	96.22892
29157	95.81066
619558	95.7200916785
306129	95.4926218120566
311129	95.36154
361920	95.2861997623789
305549	95.09866
289486	94.8804080374
298874	94.8541897782263
367714	94.8206426192617
64206	94.7817864239
308283	94.60827712746
25690	94.5725365844896
304150	94.531211444
25459	94.3793685808
79252	94.3724523385
432358	94.2697084477264
303443	93.898573834701
366061	93.6952501194
25495	93.56252
306941	93.21924
24484	93.07819839497
499537	93.02139
308666	92.98336
24667	92.9686056793346
286973	92.9602675705099
308173	92.5179530666342
171119	92.37488
286932	92.3651306293417
315210	92.24215
315949	92.21300999245
288471	92.0765605117
303016	92.0381852197016
81815	92.0343070739889
308021	91.8744020373712
363735	91.7844582731122
363481	91.76654
29221	91.6696
117553	91.597448208
310019	91.5943
287593	91.5049451921075
365755	91.486940032
316412	91.3391642646626
310806	91.2869744228
25690	91.124188521377
25690	91.124188521377
83588	90.92267
25692	90.76265
306825	90.73892
362609	90.5966905504
295378	90.5793329155
64474	90.56779
288654	90.472523496
79121	90.46491
171113	90.15858
295143	90.05716
304218	89.92812418355
309812	89.9274
304124	89.9131747362992
60443	89.8497931164
310801	89.675
292148	89.5319
29275	89.453
300813	89.3269825743
117050	89.2357
306260	89.2108
499745	89.1681278027
288280	89.1125901502
312398	89.0584706531
362283	89.05292124
287927	88.983347806
305687	88.6011
299730	88.411729741892
306487	88.3866874055301
316348	88.3036906102072
302369	88.2989869165954
498301	88.0998604456617
25650	88.067
171458	87.7307025680203
314320	87.6835
312251	87.6791
100310874	87.6510539540629
192129	87.3396
64536	87.2819707024
116641	87.2594
303607	87.1773709777
310909	87.0775
313427	87.0246774516882
303743	86.9298
306548	86.8365
81830	86.7708622955
307820	86.6403921719281
304488	86.6331327267098
366894	86.6019194272
310812	86.2707289706
310261	86.2424567247547
171413	86.2405
679921	86.1874
58853	86.1446058656
304218	86.0966617604626
287278	85.8745854688
299002	85.786038795502
306081	85.7463
252856	85.6710056632
297483	85.6667
83477	85.6529607105
305391	85.5057265894
50659	85.477872223
360970	85.4412
363219	85.3436
293181	85.3343
306571	85.3273
83825	85.1515723747004
117106	85.114
361389	85.1037
114839	85.0280709504
360886	84.8677862495723
81656	84.8627
24437	84.857
432360	84.7505016067355
311332	84.7251787971
684440	84.6725
360589	84.6574397726
117515	84.53585
362587	84.4913804897
360511	84.2988438348858
292155	84.2165135912
313323	84.125181898757
252920	83.9779140904
59303	83.8599870679
289201	83.7840821768
296115	83.7193
361831	83.712885103
368042	83.693332119
58812	83.5602
362504	83.539
24907	83.4526426887157
25404	83.3575
25404	83.3575
25571	83.2001
307526	83.1655
362703	83.1020061285
25620	83.0939804392889
296969	83.0855
363445	82.9788
303554	82.7407317464
310306	82.7119478609907
295347	82.6403
302396	82.6312676087402
79217	82.5229
25620	82.4364862791539
25620	82.4274731430856
25620	82.4274731430856
25620	82.4274731430856
291212	82.4126952553036
29702	82.3802
361838	82.3765
296787	82.3711754923
245962	82.2803466583339
171147	82.1683465494427
314941	82.0043
361178	81.9528
303311	81.9277
59303	81.912976234354
317346	81.8152
246334	81.7966275178
246334	81.7966275178
100360501	81.6832
100360501	81.6832
100360501	81.6832
288652	81.5734
297867	81.5564359099
60466	81.5504177233
116658	81.5429
24680	81.4691592721
25469	81.4077
293526	81.3784568496
309514	81.3640192561051
313913	81.1683
117056	80.9635385185979
310352	80.8856018647
246334	80.8398943461
246334	80.8398943461
309922	80.805769979853
314894	80.7951735499
50554	80.5023103351
306647	80.4867953707091
25700	80.4836
295596	80.2413
170920	80.1413076857
498659	80.0836
60443	79.9020640356
60443	79.9020640356
308896	79.8938
293060	79.7646476197291
360613	79.7286
500972	79.7041609614503
170667	79.6818
315509	79.5734887492
60627	79.5341428486
114087	79.448
304109	79.417792903412
308404	79.2731
207122	79.1182485963967
29721	79.0734
25044	79.0291
65162	78.966143855708
308523	78.8703023172898
257646	78.6461
81649	78.6222
362011	78.2337
171492	78.1465
84010	78.1274
286958	78.1099
29231	78.0522569053
25697	77.979409905
292686	77.8494
63834	77.845
291320	77.77380392
50552	77.6931371435
312952	77.6458809022572
116601	77.572
291340	77.5541
315740	77.4534811378
83684	77.3424
116506	77.3339658470925
116506	77.3339658470925
114901	77.2972
252924	77.2848
688717	77.256575502
65196	77.1666372327547
499929	77.1529
29591	76.9588503895
24611	76.8889
362791	76.851
25314	76.6790880625
305367	76.6716
295607	76.57144331
291084	76.5154038628
298933	76.4812
298933	76.4812
363247	76.4796
84596	76.3993
362978	76.37
80849	76.2225528823752
171068	76.159
362501	76.0457
84357	75.9174
25094	75.8861662888
309858	75.6131250702
364678	75.5439
171087	75.5071
25600	75.4685
687090	75.46025212
295568	75.4445
366163	75.3390332099
58978	75.2865415045915
58978	75.2865415045915
58978	75.2865415045915
305923	75.2152
29671	75.2063250856
25620	75.1740425559218
25620	75.1740425559218
25620	75.1740425559218
25589	75.0878485000813
114023	75.0516
288181	75.0329
306657	74.9582
298201	74.9524
363760	74.9519
84394	74.8965894753263
309144	74.762820190953
687090	74.7502355044
303396	74.7357953842136
365652	74.6170008231016
288152	74.606
315508	74.5174
307745	74.4656761385207
311137	74.4094
288615	74.3812
24660	74.36805
361814	74.2437497117894
29544	74.173
315804	74.0498733829
289094	74.0435561098
360868	73.8968604683
25576	73.8125
361258	73.7758
361577	73.7023
117029	73.6458017213174
306819	73.6363
29486	73.5774
282587	73.5650846708
500988	73.5213
312495	73.4891
680445	73.4860940606
307348	73.3973100206775
305171	73.3509182729
83619	73.2903
315341	73.1984
83842	73.1803
362317	73.1187
310638	73.031
81574	72.8793019229
292067	72.8243
353218	72.815166045
298385	72.7787
25102	72.749773296
259241	72.7437
312052	72.69925
363783	72.6981
287765	72.6742
83629	72.587620078
25235	72.542965824
298144	72.4754321309047
498411	72.4175
50938	72.3652
309729	72.1430771968
293649	71.9872
684097	71.9319
315891	71.8676
24511	71.5848
307098	71.405
310392	71.3645899673999
89786	71.194
170843	71.01147972
306261	71.0002
65155	70.8053
291787	70.6789
81736	70.6067668644
291772	70.606
306436	70.4447
79215	70.4001
171018	70.3257
171018	70.3257
171018	70.3257
25096	70.2963
366624	70.1957
24788	70.1726
29502	69.9519
314824	69.9443254429343
83497	69.9246169298874
303403	69.9
24835	69.8368
25154	69.8289
361070	69.8004
311615	69.7491
290549	69.7431
313387	69.6014
309361	69.5636770025
300846	69.5547
304037	69.3585158954037
360468	69.291
171373	69.2588
317343	69.2572
84488	69.2454
299971	69.2449
310773	69.2361
296350	69.0873
171304	69.0701
308939	68.990854105
117180	68.982286015
363076	68.934
25478	68.9022657275
308361	68.855174447381
29758	68.7944563375
64531	68.7889274266
29220	68.7708
688721	68.712
298884	68.668629657
306439	68.6496947137
289881	68.528
302864	68.4716
307855	68.4611
113976	68.4392
85243	68.4349
311024	68.207
116482	68.1421001563
361467	68.1399745379978
305581	68.1237
360739	68.0834
364033	67.9899
289809	67.9546594624
305451	67.9109
94267	67.8607325032
300955	67.8281
79113	67.8178
56064	67.812878341
296084	67.7827
171447	67.731615253
171447	67.731615253
171447	67.731615253
171447	67.731615253
171447	67.731615253
171447	67.731615253
171447	67.731615253
295691	67.6868
362490	67.6191549715
29748	67.1682
685425	67.1675573314
309009	67.1401937284
297725	67.1337
362860	67.088
54302	67.0869
25686	67.0485875239
368070	66.8794
315023	66.8064
25614	66.8003
315769	66.7609
302473	66.7390209509
314788	66.7178
294606	66.69085
312086	66.6669
295538	66.6509
308716	66.5135
85426	66.509296341
100328908	66.4564
84403	66.3454973068
316370	66.2987
85430	66.1069
313609	66.0623353984
290280	65.9921314648
81652	65.9299
24679	65.916939754
315664	65.896
295327	65.8063696816
84587	65.8019178871
295649	65.7963
308051	65.6831
305310	65.6191
24913	65.5957
309798	65.5106
288092	65.2952
114520	65.2846560704
25430	64.7861
365842	64.77268036
289312	64.744097344
117538	64.712203015
309126	64.6931505029349
246253	64.6635
25066	64.663313556
29629	64.5965
29629	64.5965
361649	64.4703
361400	64.4179
288182	64.4138
25430	64.3853
362152	64.3852
362485	64.17982738
288734	64.1767
362264	64.1185970678365
25577	64.0837
304947	64.0808122735
293410	63.9464
312154	63.9002
287622	63.8853760998
366275	63.8267
290880	63.7918
316369	63.6531
315160	63.6461
299928	63.5353325656484
290997	63.4164
289034	63.3524
306582	63.0507
304791	62.9588
29216	62.9389
301035	62.835
64363	62.697
83681	62.5869
25613	62.3597
316216	62.34890806
313270	62.26954141
497878	62.2688
360272	62.0959
294410	62.0927
291914	62.044
501083	61.9968901244
291352	61.9850545477418
293114	61.8697
315608	61.8199
192224	61.7836
312709	61.7728
311726	61.7469042248729
361215	61.6382
29184	61.5218594328112
113929	61.4129050476
306862	61.3298
315434	61.1977
311800	61.193
114552	61.1871
307343	61.1368573834417
303342	61.1091
498266	61.0948075954429
85246	60.9569
84586	60.9313
499593	60.7947298898
304063	60.7145
116459	60.6093374566
79208	60.5917296451
24768	60.5839075603
25359	60.5654
310643	60.333
29611	60.2356279552
245922	60.1602
314743	60.0899
289752	60.0721704361
362900	59.9839
116478	59.9660392608
54241	59.9282
316344	59.8653
315447	59.8537
307302	59.7857
309419	59.773585863
296199	59.5938829525
314619	59.574
688540	59.4695
116562	59.3648
25411	59.2366
310552	59.1896869192
79011	59.1523
57027	59.0334
170895	59.0075
313929	58.9836
308568	58.8127
361632	58.7558504734
24508	58.7549
64313	58.7243
308717	58.7014658488
500131	58.6864756684806
171072	58.6721
364224	58.5364296555
300860	58.53435
361338	58.395147685
313352	58.2694
306274	58.15685
312132	58.0709961478
303559	58.0563
361601	57.9987
304537	57.9052
79434	57.8971
294395	57.876
302711	57.8704165338
25341	57.6274224448
367252	57.5998
313098	57.5742
294007	57.4603247674
287537	57.3244
64028	57.306
114561	57.2724793355
689388	57.2509
83515	57.2419
296394	57.1924
361159	57.1164
24689	57.0527
24882	56.9932
289608	56.9424
266713	56.9326
24439	56.9216
289395	56.8893
266680	56.8818066844
313348	56.8467
291259	56.8392148161
291259	56.8392148161
291259	56.8392148161
291259	56.8392148161
89784	56.7251
114482	56.643293312
25619	56.6432
298024	56.5161
298024	56.5161
114637	56.4581347428
117036	56.437633824
289211	56.4294
360389	56.3965
79120	56.3631
303905	56.1045815056
362152	56.0299668522
499882	55.9994
170904	55.990974115
29644	55.8713
315824	55.8115
499328	55.7875
310669	55.7792
296762	55.7112
364838	55.4764
58961	55.43835
291793	55.394
305679	55.3011
307774	55.2875
362778	55.2821
24413	55.2485444096
289264	55.207069403
29189	55.0773
171525	54.9825
103693239	54.9558654448
29464	54.8634
192178	54.7555
304570	54.7373
362049	54.670944325
79249	54.6208
306104	54.5157996032
317470	54.47432389
266715	54.4487
311146	54.4184
361293	54.3915
64639	54.3637
291750	54.2479
192277	54.2226
25336	54.0231
289468	54.0093
306400	53.6989
291736	53.5519985743
364624	53.5383
29560	53.524022115
309888	53.5142456696
362263	53.373677366
170907	53.187949909
680133	53.1269
89812	52.8539
310526	52.8379
309243	52.7799
361384	52.4994
306687	52.4639
310086	52.3841
64363	52.3538
103693419	52.3058911992
171126	52.2941
304947	52.2826
25552	52.0842
25429	51.9859
64443	51.9325895475
25033	51.8285
315211	51.7864
84380	51.7827
313785	51.7249
362463	51.663
307986	51.594856732
310753	51.5726911209
304104	51.5111
64188	51.4339
29468	51.423
78963	51.404
499157	51.3544060512
192183	51.3162
29682	51.2418
311412	51.1001375542
312373	51.0663
301555	50.9717
84496	50.9157
84496	50.9157
303369	50.7878
289992	50.7681
314850	50.6922656676179
25664	50.6702
25664	50.6702
25664	50.6702
362161	50.6355
294421	50.6264
297998	50.6109
29458	50.5399
117544	50.1504694496
29357	50.0
245956	50.0
681429	50.0
29357	50.0
29647	50.0
362182	50.0
83509	50.0
60331	50.0
360779	50.0
288666	50.0
246047	50.0
292756	50.0
306147	50.0
290912	50.0
84424	50.0
363096	50.0
192253	50.0
25584	50.0
501195	50.0
24373	50.0
497987	50.0
684112	50.0
