207122	99.4965505624
362567	94.47091
24831	93.9980490005
24831	93.9980490005
366061	93.95446
364738	93.38516
305012	92.30508
289883	90.87509
361842	90.7160225363406
315648	90.20114
25556	90.1798723772
79558	89.6587
314981	89.4073
29357	88.8207392495
29357	88.8207392495
83526	88.64338233
307487	88.0108
291796	87.9176
191595	87.0731
64549	86.0386
307859	85.9118
25577	85.8758
366274	85.6027245099478
315851	85.407
314157	85.160061838
29218	85.0979
64634	84.3788
361807	83.7863
363460	83.6739
300446	83.1633
24167	82.2697390466042
24167	82.2697390466042
24167	82.2697390466042
24167	82.2697390466042
24167	82.2697390466042
24167	82.2697390466042
29200	81.9856
311721	81.8378539273
363291	79.4578
498140	78.9458
287936	78.9393
85256	78.7812
63888	78.7126
300920	78.2701
501167	78.2384
500040	77.5775
64204	77.1852
64204	77.1852
64204	77.1852
64204	77.1852
64204	77.1852
64204	77.1852
64204	77.1852
64204	77.1852
64204	77.1852
64204	77.1852
64204	77.1852
307075	76.9787
25347	76.9061
24778	76.8998878143
298267	76.6864
100359836	76.6531
116563	76.4937
64394	76.4514
432358	76.376
362731	75.8971
84007	75.0796
500282	74.7196
25196	73.9608
360990	73.5832
305235	73.4658046413
364183	73.3767
170906	72.7768
290596	72.6166355564
364681	72.2700595204
53982	72.136
140932	71.8355
306765	71.7903080704576
498538	71.4189767489
313873	71.0532
306451	70.8571
83523	70.7512
291105	70.7157
679869	70.4463
362591	70.1225
315523	69.6459
304656	69.141
362325	68.9091
294245	68.6855
58982	67.6964
685823	67.6927
304294	67.118644379
289754	66.9934
313742	66.9015551548
29153	66.7129
310749	66.6904
313575	66.6156
303470	66.3413721936
301033	65.9151
307810	65.8613238215
311146	65.7939
25336	65.7815
619580	65.7613
65045	65.5378
364786	65.2238
298487	65.0156
289754	64.9595
365751	64.9312
29300	64.5333888489
296156	64.5126
360702	64.4829
690195	64.346859089
313418	64.3441
685244	64.3381
25489	64.147281652
363545	63.7287
305888	63.6382
60466	63.3975
310352	63.2131
25623	63.0768
299811	63.0708470520002
685244	62.3841
307200	62.2732
314930	62.2011
25621	62.1631
29646	61.9804
246254	61.5481486103
246254	61.5481486103
291760	61.5215
81504	61.478474464
315265	61.4353206475
192153	61.376
302473	61.3507
314480	61.31965
29433	61.1057
305908	61.018
171147	60.8389939501
302934	60.5066
171018	60.4088
171018	60.4088
171018	60.4088
192204	60.1422
282825	60.01010836
140939	59.8016
302421	59.717
140665	59.5656
56029	59.4447
317232	58.9290880697
311182	58.8506
304885	58.8363
363172	58.7905
29413	58.5537
288154	58.484
25592	58.3392742118066
25527	58.1476
171442	58.0974
246074	58.0253072864
305586	57.8344
316317	57.6388
317335	57.4441
287533	57.3499
287280	57.1805
58940	57.052
25614	56.9455440123
362474	56.5744
316533	56.5345
301416	56.2433
29214	56.2269325267
498587	56.0673
498587	56.0673
307614	55.768
293050	55.7632
302424	55.6592868685876
361659	55.5964318806669
314553	55.3436
192181	55.2401346477843
114495	55.0602
362404	54.8308
94338	54.1954562870526
171108	54.0794468608
315744	53.9012
288499	53.7293
25256	53.5803972878
29610	53.3738
306197	53.2777
300084	52.8597
311617	52.8284
313861	52.7252
288914	52.6252133515
313564	52.6207
29340	52.5352
360946	52.5143
117107	52.2263
303330	52.161916832
313433	51.9809
296115	51.9633
25298	51.8925
113894	51.7241
312677	51.6083
29146	51.6077
81809	51.3955
497991	51.2337
301517	51.2024
613226	50.952478321
89808	50.7962
29715	50.6370882477
29715	50.6370882477
29715	50.6370882477
29715	50.6370882477
29715	50.6370882477
29715	50.6370882477
29715	50.6370882477
29715	50.6370882477
29715	50.6370882477
58854	50.5448
361020	50.0
304410	50.0
362283	50.0
688717	50.0
361020	50.0
297387	50.0
79208	50.0
192280	50.0
362151	50.0
64527	50.0
306687	50.0
