56064	97.47507
361920	96.1577276849
501195	94.5241910138
361227	93.66374
192109	91.2626675916886
301012	90.9788939059476
641452	90.59911
307503	89.9813665453
361070	89.9586965462868
315554	89.4404
293061	88.2528
54404	87.7105
300078	86.9256026236
311456	86.8465
361191	86.5964465496
362721	85.02
295669	84.6571819398
25692	84.5101
681996	84.4288
246262	84.0466
362103	83.7916
317170	83.6068
24949	83.4648
24949	83.0196
307415	82.2482
360605	81.89
54312	81.7658
303101	78.5729
311346	77.8729
25253	77.4895
305972	76.5325488872
294408	76.1245
116545	75.9501
80881	74.4969
84550	74.3936504220218
291019	74.3595
171548	74.2326192086431
192117	73.4272
192117	73.4272
29702	72.7904
311446	72.715949895
310780	71.0961846493283
681024	70.6103
60430	69.9033668832
314442	69.8446
25151	69.8345024113
25406	68.9554
315962	66.3679284358
116561	65.6344
311412	65.1919
296182	65.1799
295455	65.153
24640	63.4436797239
24640	63.4436797239
24640	63.4436797239
360549	63.3204
29187	62.4739
29606	62.1508
308598	62.1126
314655	62.0126
306152	61.8517178308
304474	61.8207
306012	61.4895
89817	61.2283150462
171403	60.5592
294864	60.2552
500690	60.0679
309513	59.9857301953986
687561	59.5313
683570	59.5005
294074	59.088
282824	58.9780786792
89817	58.7197398054
25571	58.2489
286908	57.7966
314196	57.7933
192242	57.618813034
497991	57.4811485534
364706	56.8146
305424	56.7851
309153	56.3667
25139	56.3447763462
305482	55.9805071024
64678	55.9592
362591	55.5936377844
50566	55.3218
64394	55.3120254730225
300066	55.2503
83572	55.23838632
54254	54.0005610486
305256	53.6295
29454	53.548588394
301742	52.823027371
192253	52.6203
25385	52.5685
294674	52.2104493825036
307098	51.7522343215
294799	51.6756
309200	51.6423
25743	50.670417608536
300016	50.6658
24479	50.5134
306356	50.1586997983
306000	50.0
81504	50.0
78956	50.0
