305549	96.73361
292763	94.58859
298686	93.11882
59323	92.78358
308523	92.37074
304947	92.357630133673
295217	92.14073
295217	92.14073
307348	90.99031
170667	90.8496820276
295922	90.74735
24590	90.7054
295922	90.70047
116491	90.09023
360959	89.8919002777
691429	89.6795251448586
94272	89.5194
314205	88.77
84396	88.3986268536417
58918	88.2791035584
304490	88.2558
309626	88.2200021977
171494	87.712855345
171387	87.1004
366227	86.5612540936
502988	86.4958
364976	85.967
171052	85.8297
303497	84.0502
307199	83.9284
363455	83.8786
307927	83.679
287537	83.512717231204
362246	81.0142277717466
252942	80.8583
65134	80.4609
690745	80.3379
305540	80.1238529588
287638	79.8714485375
246282	79.6293827201
309207	79.3638379719822
362810	79.255
311456	78.6348
316242	78.3716
312108	78.2215
25636	77.752
207122	77.3023
293522	76.8425
684516	76.690094824
287615	76.5467
117087	76.2748
24503	76.268839052
295384	75.1910503247
299864	74.7681
314436	74.6854740833
25441	74.4482
315338	73.921597186
64394	73.2965408971239
289521	73.2293
295235	72.7323
84551	72.0964635938228
81530	71.37406525
25743	71.3656370016602
288916	70.7641
297595	70.686
314897	70.6631
303073	70.423523271584
298848	70.4074641
84686	70.3995723529868
83842	70.3444
24158	70.335
170922	70.3268
54242	70.276
54320	70.2504
24790	69.9711667634848
192154	69.8399313673348
299256	69.8171
266770	69.78
360537	69.6169
80846	69.6091
80846	69.6091
24171	69.4112
117048	69.0938
304947	68.9586499255
300954	68.9019
117522	68.7994278144
691042	68.7282279476
365895	68.5297
246254	68.4613162927
246254	68.4613162927
502886	67.9224437739
24831	67.6783240228069
24831	67.6783240228069
83764	67.338671635
83764	67.338671635
83764	67.338671635
315550	67.244
64314	67.2377
29546	66.4132
291689	66.3284
310614	66.1976
170905	65.6681
171571	65.2987378722
361765	64.9233
29431	64.8773
29633	64.4207231578
300664	64.1220504194406
310663	63.5579720606695
192248	63.3439
361096	63.2556635906172
360797	62.9809221364
84427	62.9473
282581	62.7050995585
25620	62.3433794001
25620	62.3433794001
25620	62.3433794001
25620	62.3433794001
266735	61.9098
266735	61.9098
266735	61.9098
246776	61.8920248738
246116	61.7488485293
116741	61.5209790035894
314992	61.4048
313418	61.3316
65023	61.0666154709
65023	61.0666154709
65023	61.0666154709
65023	61.0666154709
85249	60.902
305066	60.4247
25537	59.8866
303604	59.7404911223
85267	59.2944459164
54301	59.2407
361700	58.8398903479711
60562	58.776458226
114028	58.5784
54297	58.4046
83469	58.3793
83681	58.25152526
117264	58.1774
296281	58.1668563184
297514	57.8481441526
25197	57.793905902443
25197	57.793905902443
362591	57.6993518111935
171444	57.4321
85428	57.138
29553	56.9033735068
291352	56.8928
366492	56.8705
64226	56.766474347314
313873	56.7483
289783	56.6941
296560	56.672778545
498301	56.5409411599
315716	56.0541145786943
292788	56.0393
308493	56.0272
300659	56.0038
303684	55.9812
25482	55.860126419
297995	55.5022
497987	55.4802
360917	55.3537
266600	55.062
310411	54.8996
312711	54.7142973654
362152	54.634
309170	54.5413
311866	54.3132280806
288587	54.1962474037465
296312	54.142951323
500988	54.1049
315597	53.9451
29246	53.8163
81520	53.804564682
305999	53.7880846558
65196	53.6070905218212
64666	53.484
65178	53.3482
303547	53.3307856696956
25293	53.1999
81659	53.1132
25293	53.0245
25293	53.0245
25293	53.0245
25293	53.0245
298534	52.9722
498140	52.9061
64467	52.7849
295395	52.7651
63840	52.5332
25084	52.4481936196
24415	52.2180842185477
83509	51.969
307487	51.9475
29673	51.922
83507	51.8473411746
309082	51.7879
296710	51.244
295645	51.2255
304280	50.9194059508
311622	50.113074114
363577	50.0
307106	50.0
362013	50.0
300870	50.0
361791	50.0
