362385	99.367868542068
29219	97.55796
114520	96.6943836817
310749	96.5370098520204
360514	96.3180437116
308900	95.78331
24215	95.75492019856
474146	95.51843
364183	94.47178
303212	94.3010689796
314205	93.92872
24708	93.9164100328
81531	93.90331
678769	92.64463
288308	92.51091
303214	91.79846
291441	91.79459
361846	91.74242
308173	91.5753653101
114505	91.4909041795
24703	91.28598
362859	91.26692
296849	91.0622986719972
310785	90.88285
301086	90.7187599037303
171093	90.51753
116693	90.4265870788
361207	90.4215139589
302810	90.39082
501099	90.3729403174187
303016	90.33732
24790	90.196647094
24779	90.0521301044
26295	89.9334
54268	89.3544
366508	89.2883
296470	88.9509
290596	88.3616
314320	88.3105
500282	86.8142
308632	86.7566015850908
313270	86.7563
365355	86.5016
246760	86.4784
24248	86.3785
298534	86.325706555
81920	85.7793890374
311478	85.5979
24864	85.4852
83514	85.4180465062
116650	85.4131
29602	84.9623
303888	84.8725
287716	84.4886427904
309165	84.1622
25023	84.0528
171093	83.8968
292172	83.8959
311165	83.7008980403672
83529	83.6361
291819	83.498
298648	83.387
289777	83.3629
288731	83.2707
117045	83.2482
25096	83.1558422542
367714	83.003235752
58851	82.7809
246771	82.7042245989788
64531	82.6365874814
140942	82.6192
156275	82.4639
314859	82.4246801038
361986	82.384
296315	82.3714
287098	82.3511
314380	82.1202
500526	81.9290422912
303547	81.8918
404783	81.8832718195
303070	81.78
294449	81.5904
29642	81.5519
303292	81.5003937671
360557	81.4133
24521	81.3533617856
24521	81.3533617856
24521	81.3533617856
24521	81.3533617856
24521	81.3533617856
301121	81.3219621153
59319	81.0823
288353	80.7812
79120	80.6958
289026	80.1275
299138	79.9889
117520	79.9678
117520	79.9678
117520	79.9678
680066	79.8153
29335	79.6525530321
360896	79.3348343145
300463	79.091
114514	78.7262
291015	78.6892
302424	78.4853302641
363228	78.2277
303135	78.207044536
302920	77.6006290508
83532	77.5837
360505	77.3847
688705	77.3271
65040	77.2163
499302	77.2162
301119	77.0405
308267	77.036307571
60586	76.677
294208	76.6689835564
116509	76.571662632
63938	76.5157
296639	76.495067749
295543	76.492
24415	76.3613
301255	76.2695514095044
116590	76.16865
116486	76.1301377775
85272	76.0462
303206	75.7229
29360	75.4209
29360	75.4209
292130	75.3857
59323	75.1354
363603	75.1033
24296	75.0293
313216	74.812
298549	74.7668
298908	74.5536
287709	74.5121
84008	74.4695
291129	74.4596
361070	74.4432
64366	74.3465
64366	74.3465
171080	74.2413
64204	74.0539708786
64204	74.0539708786
64204	74.0539708786
64204	74.0539708786
64204	74.0539708786
64204	74.0539708786
64204	74.0539708786
64204	74.0539708786
64204	74.0539708786
64204	74.0539708786
64204	74.0539708786
310720	73.9887
289990	73.9684
24451	73.9121
116554	73.7146258358
310352	73.5813
113976	73.535322952
59312	73.41748833
306647	73.131465774
64312	73.12282408
64312	73.12282408
100188944	72.8778
100188944	72.8778
294336	72.8421
306840	72.7005
171040	72.6668
294235	72.5313
304979	72.5231
54321	72.4721
361736	72.4704
309858	72.2106545528
170844	72.0749
317296	72.0696
360917	72.0162
85426	71.987979481
29554	71.9179
171075	71.7341
171075	71.7341
29542	71.5228
361859	71.4895
690195	71.431735054
54244	71.3845
690188	70.9462506128
315758	70.569486024078
93646	70.4906
26956	70.3344
304157	70.0546768701
498486	69.9647
498486	69.9647
363013	69.9627
362050	69.76
302697	69.7569648568
81655	69.7293
288182	69.6192
362828	69.452
300054	69.4113
282819	69.3795
309630	69.2194
293104	69.1967
311163	69.151521901
64832	69.0517635596485
361686	68.8905
689593	68.8532
58918	68.8514
25030	68.4288
309112	68.2401
24654	68.1686
311166	68.1273
171447	67.8508
171447	67.8508
171447	67.8508
171447	67.8508
171447	67.8508
171447	67.8508
171447	67.8508
246262	67.8022
29300	67.716
297459	66.8327
84019	66.4677
302562	66.3418
303786	66.2725
292325	66.2693
299116	66.1892
287464	66.1406
287633	66.104
29606	65.8776497248
307482	65.7795244373486
117152	65.767
360855	65.7059
315497	65.5733
140593	65.5402
361845	65.345919688
29376	65.1640395772
192178	65.1221425233034
24689	65.0525
362279	65.0436699139554
360637	64.9195
311061	64.8131
24158	64.786
24214	64.7360471692714
366975	64.7097559842
291813	64.7031
300664	64.7029212414283
311902	64.6694933011892
64559	64.6180608394546
498951	64.4399
290409	64.2826
497198	64.2541
366957	64.208044224
295284	64.1881
679906	64.039176857
29336	63.9733
116720	63.8516
246263	63.3909
304669	63.1789
302964	62.9612
25267	62.9044986348
83526	62.846577170796
24684	62.4913
65048	62.3506
25248	62.1925064383
60669	62.0572815838
300756	61.6876
301346	61.6567
64043	61.4838536936
24596	61.3158647851
64549	61.0205
310258	60.907
498241	60.8335
288375	60.7056
114634	60.6292806804
313510	60.2106
316242	60.1148
24190	59.988
25065	59.8853
25065	59.8853
312727	59.8205
362246	59.3918184316
171122	59.3402
502886	59.1422175975
338477	58.9572
65040	58.8966
295211	58.8890035565
170917	58.8703
304603	58.8156
500255	58.8104129068
313594	58.7274
114559	58.627
114559	58.627
64365	58.2929
83834	58.1452
288057	57.9874
306071	57.9658
288025	57.7877
290668	57.2286753620595
316599	57.1722
286900	57.1608
363002	57.146038914978
360980	57.1456051464
64521	56.9951
314818	56.3542
60443	56.0842694952
60443	56.0842694952
60443	56.0842694952
314224	56.0787
308971	56.0725
682988	55.9996071442
298521	55.7142
266730	55.7121
362810	55.6062
80843	55.5064823692
691149	55.4813061862
363129	55.3629
58942	55.1827
58953	55.0497
291314	54.603233162
57302	54.4784139838
57302	54.4784139838
171100	54.4335
297570	54.2828259325
307210	54.097
500244	53.9120399581
296293	53.785346042
192361	53.7786
25406	53.7029407527389
315434	53.6574
311872	53.4963531179
297930	53.3117
302855	53.30804923
309144	53.0921
25614	53.0648
362152	52.99123688
24183	52.9361569568
499288	52.9253
29398	52.8606
288447	52.6815032176
29510	52.645
361437	52.6299
81520	52.6049
29510	52.3571
290637	52.2756
310392	52.2602
100362431	52.1957902682
25517	52.102374865
79011	52.0160725822
304537	52.0046
64678	51.9663
290567	51.8656
361832	51.6296
298098	51.4537027912
79220	51.4535
296653	51.3966663709193
366061	51.269
309312	51.1543
293852	51.141
500690	50.8826
85246	50.7891
83765	50.6544
305577	50.2858476772
291328	50.0
298655	50.0
299618	50.0
81640	50.0
84550	50.0
295251	50.0
302640	50.0
306630	50.0
312275	50.0
363062	50.0
297566	50.0
