83515	96.30520728916
79120	95.24856
313433	92.2630813430709
171069	91.65953
307288	89.6306
309532	89.3576
287633	88.7789
94273	88.3754
291556	87.1557
291556	87.1557
502525	87.1305982084
297093	86.7221
364785	86.6454578472
304758	86.2195
288588	85.7243
313874	85.1524
312495	84.7817
295053	83.9965
100361574	83.4468
497770	83.1472
54309	82.8571
679937	82.5318
79113	82.2185
94202	81.9615
94202	81.9615
499328	81.9595
361849	81.5742
360905	81.5324
299920	81.5011
307956	80.5989
266612	78.4714
300173	78.4689390024
310958	77.9507
289094	76.4024
313598	75.8239
302400	75.27
297995	74.3419
171121	74.2579
362703	73.796
25560	73.7455
361274	72.2405
58868	71.3286
501099	70.9219
100909408	69.847
29748	69.4271
245920	68.3604
306183	66.9685
307474	66.9264
311876	66.8338
25650	66.8241
296455	66.5934
312373	66.1399
25517	65.6021216538
83501	65.282
302373	64.6151
299811	64.2346
25565	64.154403296
361310	64.0522
299236	63.3435
316400	63.3379
116477	63.0010636039
116477	63.0010636039
116477	63.0010636039
301112	62.7537
81676	62.6755
117180	61.8523
363227	61.3592
363228	61.1335
303547	60.8342
25047	60.6412
312083	59.975
360589	59.7048
301418	58.9127
25454	58.1327
362186	58.054
298982	57.201
79131	57.1709
680532	57.0722
24706	56.6356
54244	56.2939
361221	56.2112
286984	55.8836
306439	55.0059
246282	54.7707528145
301097	54.6490144828
306630	53.9742
312077	53.8895952401
365601	53.5499
117035	53.444961841
54248	53.234774038
679975	53.1283
293488	52.7837
360916	52.1045997765
24894	51.7798
288659	51.429
83615	51.2385
314941	51.2101
84398	51.1512599691588
65168	51.0073
114839	50.9979114952
297504	50.9475
497942	50.9323
54251	50.8339
29693	50.5916
29578	50.0
25469	50.0
287134	50.0
114764	50.0
100529260	50.0
25124	50.0
29659	50.0
