29216	96.92360912759
299127	96.90192
29670	96.0357920998
59265	95.64405
317312	95.3527
314743	94.0573075985
29627	92.8624695336
288306	92.60068
654517	92.50418
64531	92.48585198179
679906	91.598416581
303630	91.48208
312440	91.3933533033
24778	91.32862
304775	91.00484
291130	90.6952350806032
29209	89.9598
288482	89.5353
361632	89.2604111067
311426	89.0135554313813
245903	88.600715879
117087	88.5106
290947	88.5009
301434	88.0528
680737	87.8741
314320	87.716826636
287927	87.6429098182
289727	87.6347079516082
84050	87.5945
29627	87.4239201513
294336	87.2971414845
192350	86.953972279
307500	86.9193
294753	86.4817
292305	86.3554
361677	86.1167333719
313433	85.8649495159
501203	85.7604
298787	85.6839220906
298524	85.6201497928
140866	85.5715986318
83569	85.5502
29588	85.5061981511672
100322884	85.3388382
64134	85.1894
294753	85.0757
282843	85.0676
114104	85.0607
246116	84.7408
58940	84.724
289201	84.5336326048
499914	84.4939
170920	84.3096
298961	83.8671
81531	83.5896
311621	83.5156
309407	83.3643863656
291553	82.8481
499157	82.0667
29580	81.8652295847606
301285	81.6888
307947	81.4799581202
362700	81.24
246232	81.1336
299356	81.0480903785
25243	80.9319
85238	80.6130226832
311508	80.606660199
25671	80.2747
100233213	79.9306
309136	79.523
313929	79.4741
63840	79.449
257646	78.7013094920204
58850	78.0835
113919	77.41425951
64017	77.2854
307820	76.982880115
64472	76.9723
288937	76.8347
501083	76.7629766542182
85267	76.6435204576
361884	76.4201
362819	76.2797
312052	76.0163
302972	75.8554
308493	75.6234
295953	74.8735124629157
498910	74.6387
304063	74.574325988
81741	74.4973
84427	74.4385
287441	74.4101
282836	74.0781
25643	73.3789290457118
25687	73.29415
113958	73.1192
24159	72.877393384
24159	72.877393384
296710	72.7554
94272	72.7415364904222
286993	72.6838
114520	72.3759
29693	72.1287
295217	72.1279
295217	72.1279
360503	71.9216
192280	71.8391
27256	71.8045
365984	71.111
303803	70.8523844848
286984	70.6852782281334
84550	70.655322889
303823	70.3074
54323	69.8094649225
306404	69.6398
84384	69.5344
79123	69.519279734
89787	69.4458
360476	68.9357
114490	68.9324507056
314999	68.5324
25574	68.2481325828653
25574	68.2481325828653
691429	68.2332472083903
117268	68.1441
291157	68.0449
246331	67.7449
363474	66.8447
79251	66.5619849585
171297	66.481763833
307997	66.2596626856769
362018	66.2105
288512	66.0599
266761	65.8095
315615	65.7775
192179	65.7172
29614	65.4689
54241	65.1802
361338	64.796
155012	64.3476
362912	64.251519418
311604	64.1883
117098	64.1026
29601	64.0547
81919	63.9492
83633	63.8074280841
306562	63.7613
308624	63.3702
25620	63.3568589064105
25620	63.3267510403589
25620	63.3267510403589
25620	63.3267510403589
302935	63.2828
310258	63.2135
288702	62.7451
309533	62.6117
25620	62.4540546363314
25620	62.4540546363314
25620	62.4540546363314
25620	62.4540546363314
362778	62.415
25402	61.9311
501088	61.7737
310261	61.5874462371635
296966	61.5175438219558
290946	61.4254
24215	61.4163959837963
140448	61.4036
83575	61.1553
192359	61.0577105638
25151	60.4754
289138	60.3388
302415	60.2707801
300900	59.947
29693	59.7346
140942	59.709
288321	59.548975326
296969	59.2908712844956
313594	59.1636578725
360697	58.9699357012753
313594	58.7520907821
140914	58.749670324
54251	58.6519737146
79237	58.3345
688698	58.2745
312678	57.883213083598
294324	57.8592
50554	57.3415
171565	56.9400557056
311437	56.699
29274	56.5934
308523	56.5912
302934	56.5855
363544	56.4721
641521	56.4021
304537	56.1998
29516	56.1719
117271	56.0564942164
314771	55.9155
25615	55.7468012572
307206	55.6363
140673	55.5914
297705	55.5669853021014
294963	55.5654
399684	55.3679
246047	55.2414809488
362572	55.1945228604
307861	55.0127
309678	54.866727526
171458	54.7490934642
361675	54.4912
303592	54.438
363247	54.394
295027	54.3234
64510	54.2759
303801	54.2035
25743	53.9773135252149
29279	53.9733
304832	53.8929
289353	53.8471445896
304024	53.7918
296954	53.544253
114089	53.4240249236
310630	53.210384182
295378	52.7944604525
365699	52.7695386292
499194	52.7301
25094	52.6285
294018	52.5753
361818	52.2172
78965	52.2155
287212	52.1957
25035	52.1736394102
29723	52.1256494011
29723	52.1256494011
29154	52.003
308445	51.8822
81783	51.6946
25136	51.6938
362418	51.4287
24245	51.1745911561
24245	51.1745911561
24245	51.1745911561
303586	51.147961528
312952	51.1285589288
25464	51.1067
315744	51.0930680452
29473	51.0887004490818
83477	51.07
311835	51.0306
171500	50.6535
296956	50.5283846685201
304947	50.5247
314384	50.0180214633585
290802	50.0
298517	50.0
54297	50.0
361714	50.0
362918	50.0
