192178	97.9986225063329
302935	93.37879211482
302920	91.92110573406
298787	91.4910733468
114102	88.706
311911	88.2113
363448	87.3304
116597	85.9437
84550	85.6181
24888	85.2415
24888	85.2415
116967	84.2141
298282	83.4196
294283	82.9322
56064	82.1051
311799	81.7691
361920	79.5562
171516	76.9143
170904	76.6314
303914	76.2826448785
29476	75.7729
29260	75.2996
25284	74.6468
302328	74.2402
288257	74.1723
362483	73.8289672503128
192152	72.6064
361390	71.9901
83469	71.9645
295161	71.9359
315760	71.0966
315744	70.9539
362235	70.0118
364867	69.5756
311730	69.4163
315732	69.1254
300228	68.5518
498309	68.3819580223972
286928	67.0236
360775	66.8427
63886	63.7751
361227	63.4103
29144	61.9415
306873	61.9299
684516	61.8777
303443	61.8159
292918	61.7296
363278	61.3397
364137	60.6242
308988	60.1726
314260	58.8735
502525	58.09645
112400	57.4067956825
112400	57.4067956825
112400	57.4067956825
112400	57.4067956825
66030	57.3122
171123	57.2759
297439	55.8427
59301	55.2873
64638	55.2324547107
308873	55.1191931902
307482	54.4243
89819	54.2608
361585	54.2603
292044	54.2499893612
308215	54.1882
85435	50.825
100362155	50.8199
287275	50.0
315524	50.0
301024	50.0
302711	50.0
310958	50.0
