54278	96.18271
313163	95.34006
64631	94.60708
680445	94.3142369253903
25469	94.09096
58961	93.58549
58961	93.58549
314996	92.931560959
24373	92.32369
554172	91.67169
501560	91.540877875
315000	89.8851
313418	89.8212671974051
246274	89.6145
304763	89.5303
307302	88.7304762810055
79256	87.6342
79256	87.6342
79256	87.6342
79256	87.6342
301261	87.3302
140657	86.3038
310097	84.974
314717	84.4492
292810	83.9202468952
683927	83.5037723179128
103693419	82.2738333659299
361649	81.724
24948	81.2496
360905	81.1193
117242	81.0775
84032	80.8367
307742	80.7452
296182	79.9779259252
311326	79.8675
313843	78.7932
313098	78.5191
266601	78.4164
29588	78.4128617783198
289307	78.1945437330364
309227	78.0354
295647	78.0058
300235	77.9235
114495	77.8146
24582	77.6027
292687	77.5361765388
311236	77.3583156361
362533	77.139
314949	76.9836388315
29415	76.8846
306548	76.5566
295053	76.2314
298012	75.2025
305448	74.4517
292728	74.3962702475
29618	74.3651
307524	73.9741
291129	73.9042
294380	73.7462
502894	73.6884066485455
315219	73.3138
307724	73.0204
310540	72.8712
497078	72.604
64824	72.4618
680486	72.0523
83474	71.6288
79428	71.5835
297989	71.5483252739058
27080	71.0571
311984	70.8978
59303	70.7422690748727
171147	70.5883
301081	70.4616
311341	70.4507
299204	70.1628
58967	68.7986
497815	68.6928
24223	68.4291
360272	68.3172
50563	68.1246
29142	67.9053
308097	67.4627657392
59113	67.2360805198
287607	67.0823
291015	66.8551540014
353316	66.1714
64044	66.0859934992
295649	66.0579
361849	65.6876
691138	65.272827975
25152	65.1763
306809	65.0297550005
294408	64.4699946101133
366196	64.3913
114246	64.3324
364382	64.273611865
360823	63.9928
313969	63.5385
294065	63.193070215
63886	62.5649
301511	62.1653
58857	62.093
314855	61.4009797711343
500638	61.3264
54296	61.177758583
25690	60.7823
25690	60.7823
170904	60.7222
309126	60.5428
296126	60.5059
25709	60.4446
299809	60.3654969363
360511	60.2894306374
315352	60.1925
56781	60.0915
56781	60.0915
116546	59.9624
100233213	59.7383
282584	59.6171
307997	59.0840005555
300221	58.8311
29597	57.994
307956	57.636437006865
361239	57.579
291653	57.3409
24356	57.326459203
306809	57.0351348921819
288291	56.7922
304807	56.7689439552481
81520	56.6687
312826	56.5185
100362554	56.5
64672	56.4693869770572
311670	56.2572
25690	56.2539
679462	56.0279
500555	56.0092
29463	55.9211
367786	55.7074
94338	55.4613305611
293453	54.9760680784
83466	54.4452261133911
295620	54.3149774698
117270	54.2462
500954	54.1673
171086	54.0168
24459	53.848
291850	53.5947
66013	53.2997771023
266732	53.223748296346
24773	52.721225408
24773	52.721225408
24773	52.721225408
314157	52.3228
309196	52.2109
310086	52.1331
367714	51.782808121
65198	51.6616
64188	51.588
306451	51.5169
311671	51.35890848
291445	51.3206
307642	51.1949498482
316539	51.1048
307098	50.9186
25187	50.7456913168
298138	50.7259
60427	50.1517505
60427	50.1517505
116839	50.0
65209	50.0
116839	50.0
