79462	95.3523
310019	93.45056
79563	89.6896
25665	84.3019
25665	84.3019
295568	83.3774
29611	83.1956566959
313139	78.4709
24950	77.323
314788	76.3641
102549710	76.2638
361814	76.0447
305909	75.3563
116477	75.0409
116477	75.0409
116477	75.0409
304005	73.1679
293939	72.2929
311911	72.1339662646
314785	69.1972
317576	69.1128
312504	67.8085
298944	67.6978
288659	64.8513
290409	64.3613
100361133	62.5568
103693239	62.1955
685232	62.1109
361389	62.0382
683927	61.9216
24534	61.3003
24534	60.4302
24534	60.4302
308069	59.6203
29460	59.6191
360622	59.4142
311607	58.1027
680102	57.9718
298914	57.6479
499191	57.4325
313557	56.8481
114553	56.3809
171113	56.3679162795
140923	55.964
79559	55.7378
362264	55.6027589149
298528	54.1082
287607	53.1067
305826	53.0079
315611	52.8892
25361	52.365
24500	52.0632
116740	51.8207
117551	51.5884
65040	51.244
65040	51.244
317335	51.1781
289278	51.0601
309478	50.5766
24230	50.5509
360511	50.485123862
266760	50.0
302378	50.0
289934	50.0
