192247	98.8443685695707
29492	98.2119469650986
58958	96.9984046553331
24605	96.4652632253869
316005	95.9016901074482
290533	95.37669167324
498416	93.69138
293860	92.91744
312675	92.23008
288161	92.1743567219575
305164	90.075562182
288482	89.8055
361634	89.768
29424	89.1384031259601
366984	89.0521
79248	88.7003938077554
116509	88.254250516215
25624	88.130795005
313211	87.681
287382	87.5833283386
304410	87.3230492097959
304592	86.7840102972358
302666	86.7768
114096	86.199159871
84490	85.8493
296349	85.7775805092132
361849	85.5864
294010	85.4246
64226	85.3286779157526
362156	85.0768577836
300649	84.8498
301235	84.6078775444
360480	84.3219874838158
116508	84.1702
360677	83.9833
500616	83.8802
404781	83.8103490662176
362015	83.7896685699
25732	83.6557
25732	83.6557
287523	83.3237
305438	83.092504675
309434	82.9908
116673	82.7970605182942
303499	82.5942046204
497931	82.3813
300129	82.3755417268889
25331	82.1579353547
301579	81.9344790809905
314648	81.6759302014526
362199	81.5406451623
309280	81.0181
287532	80.9813778277019
292657	80.8656
312559	80.7501754018
83833	80.5954
252916	80.4665
287534	79.3421134624
361801	79.1968
300444	78.5543373611757
300754	78.5234675746
29576	77.9981
365872	77.9936796443
360202	77.9438
298867	77.7006
117519	77.6915973475
308632	77.4373
24258	77.0136
306575	76.8256
64076	76.5378
307024	75.6721
59076	75.6693652335
59076	75.4718079204
29242	75.4017
362235	75.0977494842
94268	74.907005983
89843	74.5736237037
24888	74.5550859385
24888	74.5550859385
362607	74.5480496274
25450	74.3626
361044	74.3038296256
363836	74.2344377201374
313020	74.2121975582
360678	74.0001314414053
29663	73.9035756343
316333	73.862
499669	73.8311442128
296956	73.6734798109052
80881	73.582319328
293505	73.4583193269294
78965	73.3479
497867	73.1719
295342	73.078
140639	72.8483143632
366894	72.7895
66023	72.6956
25083	72.6825264226655
81651	72.3874
311163	72.2390930479028
304507	72.2121
311721	72.186957829
360953	72.1831
79123	72.1012762192
114561	71.9395612326
306400	71.9031359668
25069	71.58565977987
311854	71.5722724013865
309207	71.4645080899523
362393	70.857
315716	70.4702878085658
56029	70.3081576607769
140673	70.0421571448
266777	70.0209496064
293135	69.7622304623771
690853	69.6151896495
83632	69.5222757796
362018	69.3927
309373	69.2926107277
25665	69.2117176865477
25665	69.2117176865477
360576	69.051390763
291441	69.0315
681211	68.8505418901
290668	68.7433
293710	68.5908
298084	68.5695308314611
25558	68.34871792
314641	68.2257847530787
314641	68.2257847530787
25480	67.721
100361138	67.6226705428
192126	67.52235247625
314198	67.4842342479196
292090	67.3153726785
291000	67.3130361808
24170	67.255131055
25040	67.0757
311118	66.3618
266611	66.1046
687208	66.01675918
29387	65.9074
29733	65.7981019744
362481	65.5448
311193	65.5434
310207	65.5094
292734	65.4785
25613	65.2966
296623	65.0122860476
297453	64.7633
311622	64.6615519156
124440	64.5316
59110	64.4492761381
501164	64.3652
309639	64.3203708232002
305854	64.2636
685465	64.1668
83469	64.119771865
81520	63.5122
192260	63.5005
64470	63.3879
56826	63.2721823405
294674	63.2390798994
688466	63.230344
81917	63.1560397957
81917	63.1560397957
293736	63.0423898346642
192183	62.978770027045
310645	62.91450275
313242	62.8551
305464	62.7932243007041
295347	62.7467
116498	62.7419
300723	62.6649241046
54264	62.6562064512
94203	62.524930312
300030	62.4921499098068
313520	62.3523
313772	62.349
85268	62.2957505420358
85268	62.2957505420358
85268	62.2957505420358
85268	62.2957505420358
117096	62.0667878893619
297998	62.0616977608
301119	62.0038463414312
83681	61.7844951208
192276	61.6103745073583
29592	61.5891502942
360903	61.5264
65195	61.4348
84399	61.3691
83521	61.3544
293704	61.2844085353488
25398	60.8596584414507
29673	60.8331
316640	60.7683
308212	60.6471
362196	60.6045
246138	60.4846
685244	60.3020904616
25567	60.2481002038
288779	60.1842
140607	60.0946523464
308988	60.0799
266759	60.0377
24190	59.9778
54282	59.9538
299636	59.9457
287185	59.915
363545	59.8204
302396	59.6914
54281	59.6224
292739	59.597742944
64457	59.5330614445
64457	59.5330614445
64457	59.5330614445
64457	59.5330614445
64457	59.5330614445
64457	59.5330614445
362963	59.493730645
291047	59.4319809634436
65195	59.2041
65195	59.2041
83709	59.1837112006
306562	58.8403732858
140448	58.7489233059
301512	58.7404461216
291819	58.6846989244
362850	58.6416
25216	58.3793
29555	58.2622634280179
293481	58.1895
170538	57.942
156767	57.933
287561	57.6227
308434	57.4944
64558	57.4540867668
361732	57.372436704
58959	56.9842792376
58959	56.9842792376
298598	56.9804132008
81734	56.852
117049	56.5768794814
24508	56.401241449
116690	56.3321110587871
116690	56.3321110587871
116690	56.3321110587871
116690	56.3321110587871
311547	56.249399814
296708	56.1975460281189
361615	56.1349157344343
290989	56.099030115
362246	56.0953108675
315114	56.0029724650303
59326	55.9234
298544	55.9083
289138	55.8697
292724	55.7132375680123
293454	55.6504
116728	55.4562
498003	55.3660995308118
29477	55.3595752502506
25724	55.3552714046
366478	55.3032
287884	55.1905
308944	55.0713
64549	54.9664
116487	54.7261096828
300035	54.7004
313594	54.693206480829
94272	54.5226539995
360681	54.506301721
289407	54.4912
287871	54.3951959038016
691393	54.187797192
25295	54.0613
25717	54.0437427804
25526	54.0066
29741	53.9866
304286	53.9545132544599
288659	53.7795201061
310630	53.6814
362759	53.6745341968
171547	53.615568439
360583	53.1802
24335	53.1594
363006	53.1313
29583	53.1183
314683	52.894072746
287361	52.8673
117271	52.8582086907939
171529	52.8327
171529	52.8327
171529	52.8327
690745	52.7208
361412	52.6827
314553	52.6100360126393
114861	52.6028567101898
304127	52.5649651659846
24703	52.5619
290614	52.4989
60563	52.4430975061491
360720	52.3106
309111	52.295181399
266975	52.0519
171552	51.9961
361767	51.9218
25482	51.9024265023
246333	51.7194
362263	51.6263
171144	51.5750999128
498234	51.5479
289230	51.5134943662
25486	51.4807
25486	51.4807
25486	51.4807
292721	51.4508
365895	51.36992532235
287125	51.3511
304729	51.2353
100036765	51.2069056412
360658	51.1800976878587
690195	51.099207776
64362	51.0168921005
367090	50.9067201749
311861	50.8887886046
113907	50.8667919358
25753	50.8648
305203	50.8156
310533	50.814
24215	50.7534
309391	50.7480824216
308311	50.7116
25360	50.704004999079
297381	50.7019
65208	50.3445794486651
303132	50.2545664441
66015	50.1878785402
595134	50.150682811
89808	50.0074183021246
100362764	50.0
307351	50.0
85268	50.0
85268	50.0
366697	50.0
303190	50.0
50692	50.0
24706	50.0
304947	50.0
65135	50.0
81506	50.0
85268	50.0
362454	50.0
312701	50.0
50692	50.0
363287	50.0
