66025	94.99808
307133	94.30418
299827	93.77298
65040	90.61473
65040	90.61473
303259	90.21249
314423	90.1281824672
679937	89.7251947439
83472	89.6397
313352	88.8535905463657
25514	86.0216
84016	85.0044
170843	84.7042
314423	84.6834597506
361736	84.2477
317385	84.0219
294018	83.0406
294674	82.7498
313729	82.5728
292016	82.5614
304005	82.3273
291608	81.7876
294421	81.767378518
116554	80.5662
282712	80.4389
294141	77.6792
364785	77.4074778608
297989	76.5179
362485	76.0483
83683	75.7888
308361	75.2847690391261
60399	73.5638
246186	72.5987
56011	72.3416
29184	71.4815
245922	71.3628
305248	70.7353371055
498416	70.4701
306819	70.1315276176
79220	70.0530124867
85250	70.0135
289424	69.5923
295596	69.2564
360866	68.034
54193	66.8978
316737	66.1968
288280	65.0199
304850	64.3072
303803	63.8913
306007	60.7273623595
298874	59.6263
295428	59.5365
296787	59.3299
170698	59.3093
83624	59.2494
291388	59.0247
312030	58.7309
252920	58.4850069506
25694	58.4655
50658	58.3622
50658	58.3622
84404	58.269
50658	58.0244
25510	57.5974
25510	57.5974
306998	57.0554
306998	57.0554
25743	56.5881607156
25615	56.5687
308015	56.2936
311098	55.5181
310086	54.5768
80881	54.2745
295382	54.184397252
296849	53.9849
306004	53.2354
312927	53.0686
290921	52.3973
316539	52.2401
305423	51.725
116744	51.7126
116720	51.6379
25011	51.416642541
367252	51.218
367252	51.218
362876	51.2021
84379	51.0203656741181
291659	50.9753
310683	50.9017
140946	50.8772
171500	50.7421
79559	50.5975
312790	50.381548365
309855	50.0
