308709	99.4045529404464
679028	98.0678041916572
499431	97.52583
291794	96.86454
287638	95.49725
361814	94.848365908
117016	93.58787
361315	91.18661
170842	90.99857
309399	90.53395
500137	89.7378
171373	88.8348
307724	88.7625
296510	88.6599
24493	88.2682
302810	85.0337
305935	82.5546
24260	82.2226
364064	82.097840101
25311	81.8872
192218	81.565
85428	81.4702
58945	81.2386
287543	80.9173
114090	80.2239
307861	80.151
288743	79.322
192359	79.1187
94201	79.0917
309008	78.2536
365355	76.0361
361068	75.7914
84420	75.688402152184
315686	75.2383
500036	75.0767818676942
140941	74.836539382
29480	74.5391
365668	74.3632
94338	73.7003
298575	73.476
303567	73.2784
362037	72.6445984385887
102548228	72.4107
246325	72.3669
59317	71.9011544763
310399	71.5468
311462	71.5354
29705	70.975
311622	70.6198
306886	70.2459228825
291133	68.8945
303016	68.6653
59317	68.4933
315949	67.0166
192210	66.9904
65129	66.9734
24482	66.4962
24482	66.4962
24482	66.3803
24482	66.3803
312516	65.9268
683077	65.3414560282
289277	64.9393
246174	64.4281
291936	64.3725
84488	64.3593
64469	64.2597
295237	63.7221
294809	62.983
59299	62.7752
297455	62.5957
29591	62.0788858192
432393	60.9118
309533	60.9066877855
289407	60.6128
305171	60.3484
362700	59.7393345664
368042	59.2706
117255	58.9794
361696	58.9505
499966	58.6635
286973	58.57141159
81732	58.0727
24406	57.9291
301128	57.639
309172	57.5987
306322	57.5899757552
362049	57.5732
501550	57.4918
79220	56.6099
361050	56.0688
24840	55.4625
499337	55.2509339506
81716	54.5895024935
361822	54.3221
84398	53.7709
499951	53.0793
29530	52.7129
60328	52.5305
29702	52.3751
171381	52.1383
362404	52.0622
293864	51.6723
266760	51.6568
252889	51.642
362220	51.5962
309888	50.9419
365802	50.6716
303212	50.6359312106269
313539	50.3846624203
65193	50.0
29627	50.0
313743	50.0
500087	50.0
314312	50.0
29627	50.0
