307579	92.91753
362612	92.54415
58954	90.615132586
361679	90.34748
289486	88.9463
24397	87.5871
289315	86.9876
117520	86.4342
685258	85.9956763161
65168	85.7827
29390	85.1929
292541	84.5733
498538	82.7698
64511	82.7436
303101	82.3344
312706	81.9875
298884	81.9024
140669	80.4397
114901	80.3193
24460	80.2345
316524	80.0475
306695	76.3195556596
157074	76.305
319113	74.759941622
29181	74.4784
360698	73.8347
311783	73.7828313975
305792	73.7761
361086	73.1771
308523	73.112
309380	72.5412
498301	72.427
360600	72.1980399603
313262	72.02
117520	72.0042
117520	72.0042
286993	70.7075
301291	70.3381815024
25750	70.217664634
24413	70.0881
303518	69.6637
116459	69.4859
100362678	68.8736
84357	68.508425106
170840	68.4009999364
292165	68.1146
113958	67.4098244936
501083	66.9654
29560	66.0902
297594	66.0156
367314	65.8201
363603	65.4748
302499	65.2141
287595	64.6881
29456	64.6209
306262	64.6114
362557	64.3748
54295	64.3615
362703	64.3226
257646	64.2705
305268	64.2167151985
500384	63.8976
298705	63.4471
299928	63.3447825427
24912	63.2653
294380	61.9808
361866	61.8854242525
25594	61.8373
83580	61.6856
501157	61.3129913707
56029	61.1678
312952	61.1208
296935	59.9876
298012	59.9375
79218	59.9246
406160	59.8935
60586	58.547
25112	58.27
56777	58.196
303250	58.1469
79428	57.9466870327
307271	57.202514479
294289	57.1916
298943	57.0560178661777
29581	56.8584
303076	56.7092
361508	56.5199
288161	56.2516
310960	55.9579
25672	55.579290013
298748	55.5297
24248	55.3753
316008	55.0753
362186	54.9503489472
369016	54.4775472242
295678	54.2506020568
81654	54.2164
170920	54.1306
64020	54.0021
312372	53.8365
309812	53.7289
81509	52.9895
362429	52.9782
29256	52.8492698488
25099	52.6779
29256	52.6234727792
29256	52.6234727792
301076	52.581208671
58965	52.3845
500954	51.5416
296199	51.3931
302492	51.2198
293112	51.1734
84587	51.1083
287472	51.1012
84395	51.072077824
298452	50.6237
64047	50.3390791348
54278	50.0
