362835	97.7959632657893
313594	97.6119637662498
313594	97.4805479889759
84354	92.11592
78969	88.4665934272
54299	88.2559
310261	87.7165
502902	87.1847467132
362850	87.0006
60568	86.8610966644
316008	85.8884
365842	85.0929
29181	83.6923
304474	81.6552558841
24377	81.5286
298598	81.4065
24423	80.73452539
362911	80.6992797469
25721	80.483
304758	80.4535636045572
171045	80.0078
361467	79.672419805
619580	79.3416
24660	79.1563
58980	78.3481
362220	78.3304
24392	77.509
140940	75.7266932225
314432	75.7182
25627	74.6119
313772	74.5569
24942	74.2268
114203	73.972
64373	73.5483
308267	73.2285
291439	72.6152
81738	71.9981
301513	71.2889181578
81574	71.0205
25639	70.8231
24784	70.6153
293669	70.2736
289201	69.8974
298288	69.7036
24767	69.5275
287522	69.290329042
25492	68.9982
312316	67.9502
301737	67.9267
315953	67.9012
117270	67.7239
362316	67.2304
363578	65.677819636
360886	65.5739
302492	65.5717
298787	65.2511
29694	64.8401425821
289424	64.3651
293488	64.1211
690966	64.0929
79123	63.795
305941	63.7183
287275	62.3371
59322	61.7454
363067	61.5788
295284	61.0923
25743	60.8887896725643
24575	60.835525753
24575	60.835525753
24575	60.835525753
24575	60.835525753
24575	60.835525753
24575	60.835525753
303342	60.6114
94174	60.3690164002
24256	60.0209
24256	60.0209
297386	59.7767
301309	58.8295
81918	58.5371402128
29747	58.3596
286932	58.2924
25704	58.055
311984	57.6744
24215	57.3246
365227	57.3243
303518	56.8913042056
362283	56.6773
363115	56.6398
307585	56.5069
307660	56.3882
363455	56.3416
360577	56.2793
404783	55.907
685474	55.7675
685474	55.7675
685474	55.7675
266611	55.5273
54248	55.494
314157	55.4397
312754	55.263251432
300723	54.7803
317444	54.764
313128	54.691
316524	54.2741
140581	53.8633
287564	53.7944
313056	53.2714
304741	53.1139022096462
362700	52.9691
29463	52.9362
100125370	52.731
298555	52.4854
85426	52.3769465032
306506	52.2785
293561	52.2178323888
362792	52.2049
289311	52.0522
363084	51.9946
81744	51.814
361568	51.3975
25735	51.2788
25735	51.2788
25735	51.2788
245956	50.9828611594
294747	50.9644
24174	50.8933889466
304786	50.244416932128
287873	50.0
