363603	96.92335
79435	96.7442597212578
113990	96.32459
113990	96.2685
113990	96.2685
293625	95.47946
113990	95.35804
171501	94.80639
501550	93.918681838
287424	93.78732
171084	93.32598
304833	93.2523897663
64508	92.6382256276
25495	92.50229
361745	92.3809941912
24398	92.3531777624
171119	91.28153
298065	91.187089276
80881	90.85577
306424	90.61466
24552	90.5579337606
297597	90.16982
315074	90.14159
84424	89.8694
311114	89.6048
309126	89.477017807695
494520	89.3243
305177	89.2373111355
25558	89.2031744332
192270	89.1709120105
293113	88.7292520752
29344	88.261029155
360992	88.2064
25622	88.1598
25622	88.1598
25701	87.8129516094
192224	87.7716
64473	87.7497
287622	87.6867
59300	87.6442
310506	87.3258812982459
365380	87.261105685
54230	87.1845
58970	87.1752
301000	86.9787
691209	86.858170803
50622	86.8363405585168
25527	86.8186805682
296654	86.8084
25537	86.7333
315958	86.6917
85428	86.6147
304817	86.4503
24399	86.2536
363194	86.2376494951
309858	85.9709
25634	85.860270628
81512	85.7993
288105	85.4488514515
288447	85.1296665068
83572	85.1153724842
500826	85.0982
299802	84.9064192432
304962	84.7598
362264	84.4803
303132	84.3258758428905
289623	83.9189408087
310900	83.8716
300813	83.7961
315763	83.6604
29642	83.6317275728
361226	83.4406
289264	83.4084352
310399	83.2253876935947
361309	83.2054372422
361990	83.1664
29498	82.9382347784
302557	82.6205
25430	82.5915738508593
309165	82.2068
60447	82.0016711449123
60447	82.0016711449123
54241	81.6904
317183	81.1993
288108	80.3781
306809	80.079
290326	79.8959
302593	79.4003
363578	79.2677969188
79128	79.0142440461
24459	78.8265719126569
308588	78.7355
315352	78.6671
314964	78.654440405
293142	78.5544
304378	78.4028
114028	78.105
360750	78.0201
25205	77.9837819303937
361842	77.7648
366889	77.6233
84005	77.084
360468	77.0604
312787	76.5297
310392	76.4872
291637	76.3786
252897	76.3786
498847	76.3786
252895	76.3786
291635	76.3786
116782	76.3786
362700	76.3616
64020	76.3252
445268	76.111
29705	76.0965854752
309135	76.0888
296753	76.0267
299194	75.9509
367252	75.7208824289269
367252	75.7208824289269
295356	75.6689
310806	75.3039
54705	75.2942
54705	75.2942
64553	75.2181
171151	75.1948
306809	75.128
100188984	75.1234
54300	74.9831365924
24388	74.907
81816	74.847745204
500282	74.6368
293967	74.5112166408
308958	74.2632405985
54248	74.1941
295401	73.9817392736
85254	73.9282
300756	73.9017521204
500137	73.8617
116699	73.5361
287276	73.4893
81676	73.0734
113931	73.0554
294421	72.9350781616
294964	72.923
83501	72.8667428686
304809	72.3516937378
311163	72.3481
300947	72.1938
114558	72.1826
114558	72.1826
312678	71.9453
25533	71.7394
292808	71.5354
25430	70.062325274103
117101	69.7791
315870	69.7527
498256	69.7510183862639
288151	69.7442
362591	69.3728
25614	69.237
53372	68.8464
314273	68.8367
306071	68.52571716
317346	68.1462
313304	68.0225
363985	67.8694
84402	67.5057936102659
307820	67.0981245227777
315438	67.0678
306011	66.9754
80897	66.7076189105
24674	66.3733
308140	66.1033
362510	65.9138
361596	65.727
252855	65.4541
81717	65.3709497047554
29216	65.3022
365652	65.181850148
24398	65.1674
140914	64.5991977163
308669	64.5693
84383	64.525
84014	64.3815
29184	64.3522
298801	64.3107
364712	64.3002
494500	64.278
494500	64.278
494500	64.278
680102	64.2103
64013	63.9384
304244	63.8178501628
25291	63.6759691208
360602	63.5096466478
304104	63.4853
85384	63.0595
363448	63.0351
366142	62.885
363153	62.8401
313242	62.7938736636
498140	62.6463
25643	62.5933
300689	62.3443
359726	62.0993
103691034	62.087160976155
64040	61.9995
25719	61.8875220551
300455	61.8395
116718	61.6841
25501	61.5375
60423	61.487
171152	61.3196
81801	61.1586
363228	61.0533091134
25230	60.9597
25230	60.9597
361659	60.70515
305031	60.643
310261	60.5171460071221
25364	60.1519
252898	60.0714
308896	60.0081
308761	59.9999
301626	59.9975202877883
155430	59.93
500929	59.8518
171101	59.796
312890	59.6800835155
287571	59.5934846284
500040	59.5774
291540	59.5422
361567	59.5378
364032	59.5179
24309	59.5168
24309	59.5168
24309	59.5168
83505	59.3344
302920	59.3291
305816	59.2348
314824	59.2035
54231	59.1945
365793	58.381996232
116725	58.2879
314870	57.98
25617	57.9784138142
64471	57.9400875901
311911	57.7851963844
295347	57.4281350575
65157	57.3402
314721	57.2537
366624	57.1704
309458	57.0992
116658	56.851
309053	56.4638078037
116543	56.388526487961
296616	56.3604
309243	56.2897
289717	56.1902573518
84489	56.1031
309419	55.9553
29592	55.9547
310533	55.81
690966	55.5797
690043	55.52239834
296049	55.3058562776
360559	55.0215
304785	54.9753
302495	54.9722404316
24316	54.953
246150	54.9014
79216	54.8797
294975	54.8495
309399	54.6962
295426	54.4738
362065	54.4101
25458	54.241
304786	53.8649
293184	53.4448
84587	52.6929
103693419	52.6706721631
304280	52.5138
299626	52.4819
171458	52.3342609489571
311236	52.328
100910940	52.1553
290551	52.021
313020	51.8949
29682	51.8582606075
24413	51.8182
302396	51.80681011
308326	51.7121
316794	51.5391
25231	51.4638178518
64088	51.045
290232	51.0328
81514	51.0007
310508	50.9008
25675	50.8391
289094	50.685
294410	50.6596
313647	50.0
365183	50.0
315210	50.0
