683788	99.7391115013278
361970	99.3998534286162
361668	99.1476059315203
361601	99.11186475434
171494	97.507155166493
65040	97.3202958175245
65040	97.3202958175245
25230	97.1124332906935
25230	97.1124332906935
25469	96.58109974278
24914	96.39627
313477	96.18681577
114243	96.0727665856
362325	95.7754030318
311163	94.71803826808
304786	94.420350541
313125	94.02412
306873	93.80543
84551	93.53421973884
309812	93.39822
64194	93.11077506526
302313	92.63263579
500287	92.61198
311494	92.35401
298504	92.04353
294734	91.9405075573
309399	91.85517
313053	91.8465815589
361391	91.6944716432922
293415	91.51847
500987	91.4982456772
307070	91.010463049
305846	90.47746
116663	90.46435
315722	90.21127
501563	89.965597006
499339	89.6954
58834	89.6925006696
287876	89.4097
25631	89.3983066768
310250	89.0623
287643	89.0566
24166	88.7603
297486	88.6698
361159	88.4827
89805	88.3596
24874	88.3553
81718	88.2383
310533	88.2057
54278	88.1633
259237	88.1482
297383	87.9187112958
498416	87.47248355
293736	87.3871581168813
307178	87.3811
363133	87.2896
503000	86.6616
170956	86.3664
307016	86.3456
300950	86.2942
296966	86.0281345375
260323	85.9982
64670	85.946
360773	85.6288
501203	85.4296
113976	85.2764512694
24437	85.1664
81678	85.0037233732
296084	84.9473
313589	84.854896102
25341	84.6755
679921	84.6496
291044	84.6072
140586	84.3107
78947	84.1049
116593	83.8602
84410	83.8578
293939	83.4857103664
293691	83.2838
116658	83.1833
307098	83.054
29483	83.0368
29483	83.0368
29483	83.0368
29483	83.0368
287537	82.9243
300679	82.8132677857
306204	82.7840864226
304983	82.7689
117255	82.7136
361251	82.6046
309126	82.1658923485449
29173	81.8486
288504	81.624006141
24660	81.4093
308821	81.2737
84556	81.1411
25571	81.124419206
313210	81.074
309871	80.9521
310086	80.7867519608
114633	80.5662
292172	80.4027
140914	80.3861537428677
300221	80.3858
308959	80.2855
289400	80.126
288702	80.0099717893
171455	79.7162
287280	79.0515
314996	79.0237
302976	78.5959
171064	78.5357295807992
314265	78.524321128
303394	78.2072
116548	77.840018776
84480	77.7092
298267	77.407
303342	77.2804512368
299197	77.1627
246232	76.6391
305367	76.6358
294103	76.6274
681024	76.5218
296474	76.0037
292687	75.98
260323	75.2283
287940	74.8736276104
307124	74.7245466965
288108	74.6697
313270	74.6562
689364	73.8384
294292	73.793766418
114490	73.737
311661	73.7308
156275	73.6426550719
25566	73.4214292604
25652	73.3605
84397	73.2402
304495	73.1904
312915	73.181
246771	73.1564
360605	72.9434
25528	72.7371322833349
305896	72.6947
360820	72.4301
25309	72.418
289419	72.3501
311866	72.1779
100233176	72.0989417521
360854	72.0544
293056	71.7066
363266	71.446779784
306941	71.4075
292023	71.3633
301363	71.2546
298280	71.0726
94204	71.008791972
309391	70.9463964785
297570	70.7454
309665	70.7264
301173	70.4599
361167	70.4500321652
293118	70.4328
316794	70.1818
25671	70.002
307579	69.996
312398	69.8423816372
294456	69.6882
305268	69.6077
64154	69.4154
302473	68.8586
316211	68.8368531967
394266	68.7029241493
300838	68.6619
290567	68.492762337
81676	68.1421281256
307745	68.036
313262	67.6755
59327	67.670616925
84396	67.2558968637
361472	67.0837
54296	67.0437
26295	66.2985
501157	66.1219
83474	65.6053
282832	65.4646
308417	65.3732
300756	65.1819
500555	65.1569
315133	65.1014
25128	65.0676
29157	64.8984
307526	64.6501403424637
83425	64.1509
171051	64.0381
315532	64.0234
298095	63.7521
306129	63.6471
316325	63.1015559971
304330	63.0607
117034	63.0603
29384	62.8305
360956	62.6350568764
360956	62.6350568764
360956	62.6350568764
306451	62.4749
24356	62.3785974111
25454	62.33
50685	62.3098
29546	62.225
303100	62.2012
292721	62.1813
289584	62.1689
361944	61.8501
309544	61.8369
300754	61.3066895756882
29495	61.2479
312199	61.2106
282581	61.1024
501097	61.0773
498650	61.0656257578
498650	61.0656257578
295382	60.8237422208
299104	60.6966
317396	60.5743543792
252916	60.1535
361390	60.0226
304294	59.8822
293098	59.663
315170	59.5863
297109	59.5821
29481	59.3078
361555	59.2347
29725	59.0672
362182	58.5132
314824	58.3186
311721	58.2889
304037	58.1976
353218	58.1544
290669	58.1176
83476	57.9136
311137	57.6468
140448	57.6358
365652	57.6127
367307	57.6069
367307	57.6069
287543	57.478723778341
316209	57.055
314746	57.0544
287709	56.9226
64043	56.7455218128
282825	56.5328
432393	56.512
140922	56.4501
288022	56.1591
29583	55.9172
291553	55.8751
207122	55.7553
24174	55.7412
100361376	55.7123
498171	55.6627
308509	55.6255
308067	55.5632
308911	55.3794
170907	55.2407
366205	54.9722
305066	54.950918687
293104	54.8254
64358	54.7571317924
245925	54.6602
362418	54.6289
304208	54.5984680512001
302290	54.5891
361439	54.4251
289312	54.3772
114514	54.218673919
315611	54.2128763624583
360917	54.1589718205
50692	54.0808
290794	54.0629
50692	54.03
29755	54.0173
361050	53.8222
290705	53.8201
54251	53.7338
361634	53.52931683
299685	53.5284
25405	53.4721
25162	53.3384
29216	53.140078365
312652	52.9723
316021	52.8545
297960	52.8203
81661	52.7299
306424	52.6467
25426	52.5243
360709	52.4405
289693	52.3135
360551	52.246374787
293012	52.2171812644
317271	52.1183
307642	52.0706
294380	51.8328
294672	51.6145
311658	51.6022672569
192181	51.51
301000	51.3220856864
290467	51.2248
366196	51.1455
315308	51.1138
305164	50.9983
362342	50.7149059757
80338	50.534
25066	50.5121
25223	50.0
290789	50.0
25424	50.0
60447	50.0
60447	50.0
314930	50.0
310207	50.0
299356	50.0
