311764	97.04531
245966	96.77979
308468	96.16442
25157	94.8905891077
29642	94.72071490265
25319	94.5561
29463	93.40221240282
310635	93.11851
295965	92.4319
83501	91.2104983497
54264	91.04412
311730	90.91663
499204	90.27478
116551	90.02315
25672	89.5592
64631	88.7138
246152	88.622
84050	88.6053
292263	87.9598
114023	87.9392
641452	87.6534
290985	87.3043
363153	86.2456
287441	85.7454
498331	85.0994
64188	84.9971
116741	84.9729
246115	84.7647
315723	84.6378
85254	84.0902
83808	83.3345
24225	82.2787
24225	82.2787
24225	82.2787
24225	82.2787
24225	82.2787
24225	82.2787
24225	82.2787
24225	82.2787
24225	82.2787
24225	82.2787
302378	82.0751
29279	81.6402877453
307526	81.5534966179349
83515	80.8340362084
114202	80.6902
84487	80.4912
295401	79.8369
24482	79.4261
24482	79.4261
83498	79.4133
24482	79.3292
24482	79.3292
295663	78.9233
310086	78.8461324481
81636	78.6689
25204	78.3359169529
363135	77.7248
29474	77.5323
297554	77.4743
363062	77.298869358719
309639	77.0749
60427	76.9258
60427	76.9258
305451	76.8259
312381	76.2373
293184	76.0933
114520	75.897
114505	75.6265
362900	75.6193
360834	75.414
303016	75.0530851264
266709	74.9582
305104	74.2299
116663	73.7554
252855	73.0943
114634	72.5181
24629	72.4645
25549	71.7346643782
25605	71.3459
689933	70.9164
288233	70.111429344
289046	69.896
289046	69.896
293186	69.7818772624
301674	69.630159821
300317	69.6026
309828	68.9961
305424	68.9289
54244	68.7931444971
296956	68.5257
309659	68.3298
288499	68.3168
363115	68.1827
303614	68.1623
303274	67.7359
309126	67.6603
289277	67.0287
309758	66.5724
308939	66.403959508
64845	65.613
246263	65.4061
79123	65.1101
680319	64.5801
29602	64.5449
362809	64.4214
289257	64.3701
311130	64.2138
305156	63.6552
361634	63.6029
366219	63.5984113353
360738	63.1014
301038	62.9857
312640	62.3065
310399	62.1792755116
29502	62.1642824298
295251	61.4915
360540	61.1354
315824	60.8414
171387	60.5955977088
311902	60.5062
296408	60.3683
362557	60.3469
310801	60.3338
54251	60.3037
65129	60.2761
311598	59.9706
116590	59.7040860166566
297508	59.6489
361390	58.9424493451
306183	58.9139
24251	58.0596
363675	57.8358
497078	57.4941
301009	57.4535
207123	57.3008
171126	56.9567
303259	56.8381
304919	56.6129
306792	56.2531
362199	55.9109
171563	55.7231
305908	55.5567
313169	55.0163
312331	54.5888
365024	54.2513
81648	53.899
689210	53.8214
363131	53.3509
24766	53.2309
308511	53.229
29592	53.0323
266762	52.1481
24896	52.0495
64017	51.9719
363153	51.4719
299521	51.4322
314164	51.3731
432358	50.0
312706	50.0
