192154	91.7105165418
84022	86.9486
313035	78.8168
299145	75.5508
406162	74.828
246334	74.675
246334	74.675
361171	74.6563449935161
295161	73.1624
362258	72.8534
296849	70.6731
308458	69.8044548276
406167	68.4488187913847
84355	67.0289
58981	65.8981
64310	64.052
246295	62.6311
406164	60.0425
297685	58.8147
117514	58.3022
287433	57.953
292044	56.4985
293052	55.6196
313020	54.5929
83467	54.2872
287009	54.1887
29415	52.8284
300320	51.227542742
291132	50.7008
25526	50.5981
305391	50.0
93646	50.0
24388	50.0
282582	50.0
