313873	99.45938105564
192178	99.4500717005752
498140	98.6882758595519
116724	98.5795343065
303206	98.51092236688
29146	98.33648993155
362196	98.0195427436
64824	97.6476824286943
291095	96.88096
310392	96.3541592736
297415	96.29707
363674	96.1929
84476	96.0304715332
171109	95.98845
363084	95.98056
314721	95.98043
300901	95.9094982914358
360827	95.62788930938
314330	95.5659832128
303342	95.510579896
303888	95.2312807152
113929	95.21727
294790	95.126611246
63834	94.82987
361771	94.82486
57027	94.76539
58840	94.39799
289229	94.26843
307296	94.22195
304709	94.09314
29642	94.0786207902
362751	93.97151
170538	93.94297
114514	93.93198
300901	93.8095989362556
295027	93.79299
303016	93.54004490285
314310	93.52966
25671	93.3994293511
363460	93.3475651783
288734	93.15153
100362678	93.11967
102554884	92.99651
309478	92.9478562568339
85245	92.9003
296315	92.85464
287173	92.78313
54348	92.669889072
286970	92.60863
299256	92.59129148918
303059	92.51015
363445	92.4750014434
286899	92.4689
315763	92.30786
362171	92.22572
291685	92.15118
304799	92.09728576095
298555	91.9202231129
499951	91.48604
308326	91.33974
298652	91.30377
298074	91.05656
25196	90.89526
24675	90.78594
293976	90.68609
404783	90.64432
85245	90.53756
25026	90.29777
64032	90.22228
25701	90.153
690139	90.11711
117269	90.1149528934
291130	89.9927
100912536	89.9711
299139	89.9684
24943	89.8259574284
291133	89.5969
309400	89.4157
303068	89.4008
291129	89.3224
116502	89.1977
307503	89.1558
366492	89.0116
25571	89.0025666278
363445	88.9234202785
29140	88.8827847545
502020	88.8446
310086	88.8313
50555	88.7511
309639	88.6943
85428	88.6553
315265	88.4697
361626	88.3149
301674	88.2806
24390	88.2752
295051	88.2144
312248	88.1392405888
116477	88.1304
360761	88.1208
207123	88.0784
24560	87.9258
60395	87.8684
287276	87.842
261736	87.8268
25697	87.8195
688394	87.7532609537
299002	87.6367554932
294400	87.625029985
304271	87.3388
294698	87.2747
304150	87.2433
24708	87.1872
85420	87.1353
498416	87.0079
24239	86.8074
306805	86.7396
293938	86.6434
361013	86.5007
312331	86.3859
25478	86.2982
360476	86.2598
296580	86.0569985077
289175	86.018
293939	86.0157
312299	85.9186
300724	85.7149
360804	85.5439
54244	85.4759831876994
246254	85.4634
170842	85.3528
360895	85.3355
293452	85.2779
310848	85.2737
310399	85.2258943299
59303	85.1969848588
192210	85.0375
293692	84.5224
500629	84.5182
117033	84.4034
305835	84.3011013079
309060	84.2801
362359	84.2293
287119	84.197
297508	84.075
24459	83.983
100294508	83.979
498486	83.9601127509
498486	83.9601127509
65165	83.7733
288182	83.7554
363227	83.684623261
310250	83.6824
64513	83.6084
317614	83.3266
25482	82.892
292148	82.8424
288150	82.7937
170908	82.6685
296956	82.6532
288154	82.6215648391
24783	82.5671440679
24783	82.5671440679
29218	82.5587
293112	82.30323388
303684	82.2967
304569	82.1226
29332	81.9566
24212	81.9057
314964	81.4234056575
29150	81.3342
294930	81.3153
304758	80.9956
79128	80.8505
114024	80.789
81813	80.7268608188
302495	80.70706732
24640	80.6903
24640	80.6903
24640	80.6903
59303	80.640246265
170924	80.5755
83624	80.3234400051
24446	80.3037
307180	80.2671
291709	80.1897673321
171329	80.0597
116740	79.3432966628
307855	79.3419
306722	79.3016
367073	79.2256
305248	78.8677
313672	78.8619398439
306941	78.683
313974	78.6611
308215	78.5696
25720	78.5595
287275	78.5301
100361133	78.4606
64559	78.2698203834
362466	78.1299623392
289546	78.1208
679869	77.9308
305471	77.92427724
306274	77.1484810841948
307070	76.93200259
25255	76.54
312516	76.4769176809
361628	76.3206385488
78956	76.2936664934393
691149	76.2441994647
64631	76.1488
361940	76.0777
313130	75.8856
314785	75.8713083268064
116665	75.6078
302368	75.5508
296461	75.465
113975	75.3566
306281	74.8611
50554	74.8002
312135	74.6532
309053	74.6292
499380	74.4819
310811	74.3561
83529	74.1562
295264	73.9839
308267	73.7377184974
84407	73.7182
54318	73.63
312915	73.2676
498709	73.161
81675	73.109
117035	72.8332
246254	72.7644
29480	72.7511
289392	72.4876
313914	72.3954
296349	72.0316
303602	71.7702614872
314718	71.7385
116477	71.2211
116477	71.2211
313554	71.0846
313969	70.8942689602
64553	70.8892040594
362268	70.846773385
360994	70.8246
252934	70.6652
311146	70.4314920073
312154	70.1835
286983	70.1348
59324	70.1288
363122	70.0418801725
25238	69.8361
25497	69.7899062332
309196	69.5262155677
29623	69.1904
679937	69.0186
314388	68.8258914806
303605	68.6388
296758	68.5957
312828	68.3755357878671
361018	68.1379
364594	67.7606
314388	67.2449428506
360161	67.2326
116644	67.136
311384	66.9947
360764	66.9075
595134	66.8811
315691	66.8522
315346	66.6764
367252	66.66705
367252	66.66705
310760	66.5644
304330	66.5197
25029	66.4699
84404	66.4588
305105	66.445
29748	66.4256
444985	66.0549
310074	65.976
79242	65.9428
366219	65.8622
314717	65.8497527215
116459	65.7835221682
360589	65.7314
315447	65.6833395865
114505	65.5899
59107	65.5302
362485	65.4116930452
266803	65.369
307178	65.2843
294674	65.2615756172
64458	65.2523
296188	65.0623
680537	65.0239
498331	64.869
301076	64.8577
313370	64.8291960856
306014	64.6853
294948	64.3295
315137	64.1964
362246	63.9518
293016	63.8142
113976	63.4094345553958
309126	63.2164
100362347	63.1606
25561	62.8511
361167	62.6097
299618	62.4844
311137	62.3981
306091	62.2158
299818	61.8736853219
497961	61.7479096256
361632	61.656430462
85425	61.3127
307348	61.1567
306261	60.7810099632935
306998	60.6092
306998	60.6092
24414	60.2840479645
84027	60.2283
116744	59.9957
24176	59.9354499072
25654	59.9216
494345	59.8046
64566	59.5966
314897	59.4666
315915	59.3266
291736	59.0901
29622	58.9595
64534	58.8824
309069	58.7682
305164	58.7348502963202
681112	58.5835
311617	58.5315
314818	58.4908
290850	58.4778
313994	58.4241
361831	58.2749
298500	57.9993
300666	57.7012
29546	57.585075749
25560	57.5739
362860	57.3646
361585	57.3349
80840	57.3264
80840	57.3264
140943	57.2273
81830	57.1377
79209	56.9163371756
289400	56.7850513007
690262	56.7427
289515	56.6252996536
498650	56.613
498650	56.613
619374	56.6058
303592	56.5709871187
140942	56.1578
363026	56.0901
363026	56.0901
85251	56.049
315594	56.0017
303753	55.9675829998
501502	55.9638
297387	55.9138555950697
171375	55.7976
360886	55.6846
311607	55.396
315911	55.3858
683927	55.3698998828
315804	55.3601
310864	55.2967
25152	55.2309
25291	55.2113
315664	55.0683
29464	54.945
363024	54.9444148488
26295	54.704
306165	54.701910604
25640	54.6997
25640	54.6997
25640	54.6997
298686	54.6902
286973	54.4620378304
363442	54.2263
292537	54.2097106747907
114558	53.9221
114558	53.9221
303746	53.737
305956	53.6183312276
309888	53.4939129899151
312562	53.2963
292999	53.2959
310512	53.1719
315824	53.108
362342	53.0529
300813	52.8159
361050	52.81
311446	52.6621
83501	52.5397
362686	52.5177850875
289810	52.4693
299811	52.4580822477
298762	52.2175
306104	51.93
311508	51.7688
300711	51.4449
373545	51.4273
313510	51.1176
24414	51.087053679
362182	51.0335
689388	50.9667
171396	50.9
25262	50.0
25262	50.0
299909	50.0
29753	50.0
293098	50.0
25262	50.0
314459	50.0
